SL221 - Mayfly GPLP3 Logger
DateTime_EST,TZ-Offset,Loggertime,BoardTemp_C,Battery_V,Segment1_percent,Segment2_percent,Segment3_percent,T1_degC,T2_degC
2021-07-21 09:50:00,-5,680176200,37.8,4.02,29.4,36.0,51.2,23.0,23.4
2021-07-21 10:00:00,-5,680176800,39.5,4.08,29.4,36.0,51.2,23.1,23.5
2021-07-21 10:10:00,-5,680177400,40.3,4.08,29.4,36.0,51.2,23.1,23.5
2021-07-21 10:20:00,-5,680178000,41.8,4.09,29.4,36.0,51.2,23.1,23.4
2021-07-21 10:30:00,-5,680178600,40.0,4.08,29.4,35.9,51.1,23.1,23.4
2021-07-21 10:40:00,-5,680179200,42.8,4.09,29.4,36.0,51.2,23.0,23.3
2021-07-21 10:50:00,-5,680179800,43.8,4.08,29.4,36.0,51.2,23.1,23.3
2021-07-21 11:00:00,-5,680180400,44.8,4.09,29.4,36.0,51.2,23.1,23.3
2021-07-21 11:10:00,-5,680181000,44.8,4.09,29.4,36.0,51.2,23.2,23.3
2021-07-21 11:20:00,-5,680181600,45.5,4.09,29.4,35.9,51.2,23.3,23.3
2021-07-21 11:30:00,-5,680182200,47.3,4.09,29.5,35.9,51.1,23.1,23.3
2021-07-21 11:40:00,-5,680182800,47.3,4.09,29.4,35.9,51.2,23.2,23.4
2021-07-21 11:50:00,-5,680183400,45.5,4.09,29.4,35.9,51.2,23.3,23.4
2021-07-21 12:00:00,-5,680184000,47.0,4.09,29.5,35.9,51.1,23.3,23.3
2021-07-21 12:10:00,-5,680184600,47.0,4.09,29.5,35.9,51.1,23.3,23.3
2021-07-21 12:20:00,-5,680185200,46.8,4.09,29.5,35.9,51.1,23.3,23.1
2021-07-21 12:30:00,-5,680185800,45.5,4.09,29.5,35.9,51.1,23.5,23.3
2021-07-21 12:40:00,-5,680186400,47.5,4.09,29.5,35.9,51.0,23.5,23.1
2021-07-21 12:50:00,-5,680187000,44.3,4.09,29.5,35.9,51.1,23.3,23.3
2021-07-21 13:00:00,-5,680187600,40.0,4.08,29.5,35.9,51.1,23.4,23.3
2021-07-21 13:10:00,-5,680188200,39.8,4.08,29.5,35.9,51.1,23.3,23.2
2021-07-21 13:20:00,-5,680188800,44.3,4.09,29.6,35.9,51.0,23.5,23.3
2021-07-21 13:30:00,-5,680189400,44.8,4.09,29.6,35.9,51.0,23.4,23.4
2021-07-21 13:40:00,-5,680190000,44.3,4.09,29.6,35.9,51.1,23.5,23.4
2021-07-21 13:50:00,-5,680190600,42.0,4.09,29.6,35.9,51.1,23.6,23.4
2021-07-21 14:00:00,-5,680191200,36.8,4.08,29.6,35.9,51.1,23.6,23.4
2021-07-21 14:10:00,-5,680191800,31.8,4.08,29.6,35.9,51.1,23.4,23.3
2021-07-21 14:20:00,-5,680192400,26.3,4.08,29.6,35.9,51.1,23.4,23.3
2021-07-21 14:30:00,-5,680193000,23.3,4.08,32.0,36.3,51.3,23.5,23.2
2021-07-21 14:40:00,-5,680193600,24.3,4.09,32.0,36.3,51.3,23.6,23.3
2021-07-21 14:50:00,-5,680194200,29.5,4.08,31.9,36.3,51.3,23.6,23.3
2021-07-21 15:00:00,-5,680194800,28.5,4.08,31.9,36.3,51.3,23.6,23.3
2021-07-21 15:10:00,-5,680195400,28.5,4.09,32.0,36.3,51.3,23.6,23.5
2021-07-21 15:20:00,-5,680196000,29.8,4.09,32.0,36.3,51.3,23.6,23.2
2021-07-21 15:30:00,-5,680196600,30.3,4.09,32.0,36.4,51.3,23.7,23.2
2021-07-21 15:40:00,-5,680197200,35.8,4.09,31.9,36.3,51.3,23.6,23.3
2021-07-21 15:50:00,-5,680197800,38.0,4.09,31.9,36.4,51.3,23.7,23.3
2021-07-21 16:00:00,-5,680198400,39.0,4.09,31.9,36.4,51.3,24.0,23.3
2021-07-21 16:10:00,-5,680199000,39.3,4.09,31.9,36.3,51.2,23.7,23.3
2021-07-21 16:20:00,-5,680199600,39.3,4.09,31.9,36.3,51.2,23.8,23.3
2021-07-21 16:30:00,-5,680200200,39.3,4.09,31.9,36.3,51.2,23.6,23.1
2021-07-21 16:40:00,-5,680200800,39.0,4.09,31.8,36.4,51.3,23.6,23.1
2021-07-21 16:50:00,-5,680201400,38.0,4.09,31.8,36.4,51.3,23.7,23.4
2021-07-21 17:00:00,-5,680202000,36.0,4.09,31.8,36.4,51.2,23.7,23.3
2021-07-21 17:10:00,-5,680202600,31.8,4.09,31.8,36.4,51.3,23.7,23.3
2021-07-21 17:20:00,-5,680203200,28.8,4.09,31.8,36.4,51.3,23.7,23.3
2021-07-21 17:30:00,-5,680203800,27.8,4.09,31.8,36.4,51.3,23.8,23.3
2021-07-21 17:40:00,-5,680204400,26.5,4.08,31.8,36.4,51.3,23.6,23.5
2021-07-21 17:50:00,-5,680205000,25.5,4.08,31.8,36.4,51.3,23.8,23.3
2021-07-21 18:00:00,-5,680205600,24.8,4.08,31.8,36.4,51.2,23.7,23.2
2021-07-21 18:10:00,-5,680206200,24.0,4.08,31.8,36.4,51.3,23.7,23.3
2021-07-21 18:20:00,-5,680206800,22.3,4.08,31.8,36.4,51.3,23.7,23.3
2021-07-21 18:30:00,-5,680207400,21.3,4.08,31.8,36.4,51.2,23.8,23.3
2021-07-21 18:40:00,-5,680208000,20.8,4.08,31.8,36.4,51.3,23.8,23.4
2021-07-21 18:50:00,-5,680208600,20.5,4.08,31.7,36.4,51.3,23.7,23.4
2021-07-21 19:00:00,-5,680209200,20.5,4.08,31.8,36.4,51.2,23.8,23.3
2021-07-21 19:10:00,-5,680209800,20.3,4.08,31.7,36.5,51.3,23.8,23.3
2021-07-21 19:20:00,-5,680210400,19.8,4.08,31.7,36.5,51.3,23.8,23.3
2021-07-21 19:30:00,-5,680211000,19.3,4.08,31.7,36.5,51.3,23.7,23.3
2021-07-21 19:40:00,-5,680211600,18.5,4.08,31.7,36.5,51.3,23.8,23.3
2021-07-21 19:50:00,-5,680212200,18.0,4.08,31.7,36.5,51.3,23.8,23.4
2021-07-21 20:00:00,-5,680212800,18.0,4.08,31.7,36.4,51.2,23.8,23.3
2021-07-21 20:10:00,-5,680213400,18.0,4.08,31.6,36.5,51.3,23.8,23.3
2021-07-21 20:20:00,-5,680214000,18.0,4.08,31.6,36.5,51.3,23.7,23.4
2021-07-21 20:30:00,-5,680214600,17.5,4.08,31.6,36.5,51.3,23.7,23.4
2021-07-21 20:40:00,-5,680215200,17.5,4.08,31.5,36.5,51.3,23.8,23.4
2021-07-21 20:50:00,-5,680215800,17.3,4.08,31.5,36.5,51.3,23.7,23.3
2021-07-21 21:00:00,-5,680216400,17.3,4.08,31.5,36.5,51.3,23.8,23.5
2021-07-21 21:10:00,-5,680217000,17.3,4.08,31.5,36.4,51.2,24.0,23.2
2021-07-21 21:20:00,-5,680217600,17.0,4.08,31.4,36.5,51.3,23.8,23.4
2021-07-21 21:30:00,-5,680218200,16.5,4.08,31.4,36.5,51.3,23.6,23.5
2021-07-21 21:40:00,-5,680218800,16.3,4.08,31.4,36.4,51.2,23.8,23.4
2021-07-21 21:50:00,-5,680219400,16.3,4.08,31.4,36.5,51.3,23.7,23.5
2021-07-21 22:00:00,-5,680220000,16.0,4.08,31.4,36.4,51.2,23.7,23.4
2021-07-21 22:10:00,-5,680220600,15.8,4.08,31.3,36.5,51.3,23.6,23.3
2021-07-21 22:20:00,-5,680221200,16.0,4.08,31.3,36.4,51.3,23.7,23.5
2021-07-21 22:30:00,-5,680221800,16.0,4.08,31.3,36.4,51.3,23.7,23.4
2021-07-21 22:40:00,-5,680222400,16.0,4.08,31.2,36.4,51.3,23.5,23.4
2021-07-21 22:50:00,-5,680223000,16.0,4.08,31.2,36.4,51.3,23.6,23.4
2021-07-21 23:00:00,-5,680223600,15.8,4.08,31.2,36.4,51.3,23.6,23.5
2021-07-21 23:10:00,-5,680224200,15.5,4.08,31.2,36.4,51.3,23.6,23.3
2021-07-21 23:20:00,-5,680224800,15.5,4.08,31.2,36.4,51.3,23.6,23.5
2021-07-21 23:30:00,-5,680225400,15.0,4.08,31.1,36.4,51.3,23.5,23.4
2021-07-21 23:40:00,-5,680226000,14.8,4.08,31.1,36.4,51.3,23.6,23.4
2021-07-21 23:50:00,-5,680226600,14.8,4.08,31.1,36.4,51.2,23.5,23.4
2021-07-22 00:00:00,-5,680227200,14.8,4.08,31.0,36.4,51.3,23.5,23.4
2021-07-22 00:10:00,-5,680227800,14.5,4.08,31.0,36.4,51.3,23.5,23.3
2021-07-22 00:20:00,-5,680228400,14.3,4.08,31.0,36.4,51.3,23.5,23.5
2021-07-22 00:30:00,-5,680229000,14.0,4.08,30.9,36.4,51.3,23.5,23.5
2021-07-22 00:40:00,-5,680229600,14.0,4.08,30.9,36.4,51.3,23.5,23.3
2021-07-22 00:50:00,-5,680230200,14.3,4.08,30.9,36.4,51.3,23.4,23.3
2021-07-22 01:00:00,-5,680230800,14.3,4.08,30.9,36.3,51.2,23.4,23.5
2021-07-22 01:10:00,-5,680231400,13.8,4.08,30.8,36.3,51.3,23.4,23.5
2021-07-22 01:20:00,-5,680232000,13.8,4.08,30.8,36.3,51.2,23.4,23.3
2021-07-22 01:30:00,-5,680232600,13.8,4.08,30.8,36.3,51.3,23.2,23.4
2021-07-22 01:40:00,-5,680233200,13.5,4.08,30.7,36.3,51.3,23.3,23.5
2021-07-22 01:50:00,-5,680233800,13.8,4.08,30.7,36.3,51.3,23.2,23.5
2021-07-22 02:00:00,-5,680234400,13.5,4.08,30.7,36.3,51.3,23.2,23.4
2021-07-22 02:10:00,-5,680235000,13.5,4.08,30.7,36.3,51.3,23.3,23.3
2021-07-22 02:20:00,-5,680235600,13.3,4.08,30.6,36.3,51.3,23.2,23.3
2021-07-22 02:30:00,-5,680236200,13.3,4.08,30.6,36.2,51.3,23.2,23.5
2021-07-22 02:40:00,-5,680236800,13.3,4.08,30.6,36.2,51.3,23.1,23.3
2021-07-22 02:50:00,-5,680237400,13.3,4.08,30.6,36.2,51.2,23.0,23.3
2021-07-22 03:00:00,-5,680238000,13.3,4.08,30.5,36.2,51.3,22.8,23.3
2021-07-22 03:10:00,-5,680238600,13.0,4.06,30.5,36.2,51.3,23.1,23.3
2021-07-22 03:20:00,-5,680239200,13.0,4.08,30.5,36.2,51.3,23.1,23.3
2021-07-22 03:30:00,-5,680239800,13.0,4.08,30.5,36.2,51.3,23.1,23.4
2021-07-22 03:40:00,-5,680240400,13.0,4.08,30.5,36.1,51.2,23.0,23.3
2021-07-22 03:50:00,-5,680241000,13.0,4.06,30.5,36.1,51.2,22.8,23.3
2021-07-22 04:00:00,-5,680241600,12.8,4.06,30.4,36.1,51.3,22.8,23.3
2021-07-22 04:10:00,-5,680242200,12.3,4.06,30.5,36.1,51.2,22.7,23.3
2021-07-22 04:20:00,-5,680242800,12.3,4.06,30.4,36.1,51.3,22.6,23.2
2021-07-22 04:30:00,-5,680243400,12.0,4.06,30.4,36.1,51.2,22.6,23.3
2021-07-22 04:40:00,-5,680244000,12.0,4.06,30.4,36.0,51.2,22.6,23.2
2021-07-22 04:50:00,-5,680244600,12.3,4.06,30.4,36.0,51.2,22.5,23.3
2021-07-22 05:00:00,-5,680245200,12.3,4.06,30.3,36.1,51.3,22.5,23.2
2021-07-22 05:10:00,-5,680245800,12.3,4.06,30.2,36.1,51.3,22.4,23.3
2021-07-22 05:20:00,-5,680246400,12.5,4.06,30.2,36.0,51.3,22.5,23.3
2021-07-22 05:30:00,-5,680247000,12.5,4.06,30.2,36.0,51.2,22.5,23.4
2021-07-22 05:40:00,-5,680247600,12.8,4.06,30.2,36.0,51.3,22.5,23.1
2021-07-22 05:50:00,-5,680248200,13.3,4.06,30.2,36.0,51.2,22.5,23.1
2021-07-22 06:00:00,-5,680248800,15.0,4.06,30.2,35.9,51.2,22.5,23.3
2021-07-22 06:10:00,-5,680249400,17.0,4.06,30.2,35.9,51.2,30.2,35.9
2021-07-22 06:20:00,-5,680250000,18.3,4.08,30.1,36.0,51.3,22.3,23.1
2021-07-22 06:30:00,-5,680250600,19.5,4.08,30.1,35.9,51.3,22.3,23.2
2021-07-22 06:40:00,-5,680251200,20.8,4.08,30.1,35.9,51.3,22.4,23.3
2021-07-22 06:50:00,-5,680251800,21.5,4.08,30.1,35.9,51.3,22.2,23.1
2021-07-22 07:00:00,-5,680252400,22.0,4.08,30.1,35.9,51.3,22.1,23.1
2021-07-22 07:10:00,-5,680253000,23.0,4.08,30.0,35.9,51.3,22.1,23.2
2021-07-22 07:20:00,-5,680253600,23.8,4.08,30.0,35.9,51.3,22.0,23.1
2021-07-22 07:30:00,-5,680254200,24.5,4.08,30.0,35.9,51.3,22.0,23.1
2021-07-22 07:40:00,-5,680254800,25.5,4.08,30.0,35.8,51.3,22.0,23.2
2021-07-22 07:50:00,-5,680255400,27.0,4.08,30.0,35.8,51.3,21.8,23.1
2021-07-22 08:00:00,-5,680256000,27.5,4.08,30.0,35.8,51.3,22.0,23.1
2021-07-22 08:10:00,-5,680256600,27.5,4.08,30.0,35.8,51.3,22.1,23.1
2021-07-22 08:20:00,-5,680257200,28.0,4.08,30.1,35.7,51.2,22.1,23.1
2021-07-22 08:30:00,-5,680257800,29.0,4.08,30.0,35.8,51.3,22.0,23.1
2021-07-22 08:40:00,-5,680258400,30.5,4.08,30.1,35.7,51.2,21.8,23.1
2021-07-22 08:50:00,-5,680259000,30.8,4.08,30.1,35.7,51.2,22.0,23.1
2021-07-22 09:00:00,-5,680259600,31.8,4.08,30.1,35.7,51.2,22.1,22.7
2021-07-22 09:10:00,-5,680260200,33.0,4.08,30.0,35.7,51.3,21.8,23.0
2021-07-22 09:20:00,-5,680260800,35.0,4.08,30.0,35.7,51.3,21.8,22.8
2021-07-22 09:30:00,-5,680261400,35.3,4.08,30.1,35.7,51.2,22.1,23.0
2021-07-22 09:40:00,-5,680262000,36.3,4.09,30.0,35.7,51.3,21.7,23.0
2021-07-22 09:50:00,-5,680262600,35.5,4.09,30.1,35.6,51.2,22.0,23.1
2021-07-22 10:00:00,-5,680263200,36.5,4.09,30.0,35.7,51.3,22.0,22.8
2021-07-22 10:10:00,-5,680263800,38.5,4.09,30.0,35.6,51.3,21.8,23.0
2021-07-22 10:20:00,-5,680264400,39.3,4.09,30.0,35.6,51.3,21.6,22.8
2021-07-22 10:30:00,-5,680265000,37.0,4.09,30.1,35.6,51.1,21.6,23.0
2021-07-22 10:40:00,-5,680265600,39.3,4.09,30.0,35.6,51.2,21.6,22.8
2021-07-22 10:50:00,-5,680266200,39.5,4.09,30.0,35.6,51.2,21.7,23.0
2021-07-22 11:00:00,-5,680266800,37.8,4.09,30.0,35.6,51.2,21.8,23.0
2021-07-22 11:10:00,-5,680267400,35.8,4.09,30.0,35.6,51.2,21.8,22.8
2021-07-22 11:20:00,-5,680268000,35.8,4.09,30.2,35.6,51.2,21.6,22.8
2021-07-22 11:30:00,-5,680268600,39.3,4.09,30.1,35.6,51.2,22.0,22.8
2021-07-22 11:40:00,-5,680269200,41.8,4.09,30.1,35.6,51.2,21.8,22.8
2021-07-22 11:50:00,-5,680269800,40.3,4.09,30.1,35.5,51.1,21.8,22.8
2021-07-22 12:00:00,-5,680270400,41.0,4.09,30.1,35.5,51.1,22.1,22.8
2021-07-22 12:10:00,-5,680271000,43.0,4.09,30.1,35.5,51.2,21.8,22.8
2021-07-22 12:20:00,-5,680271600,41.0,4.09,30.1,35.5,51.2,22.0,22.7
2021-07-22 12:30:00,-5,680272200,39.8,4.09,30.1,35.5,51.2,22.0,22.6
2021-07-22 12:40:00,-5,680272800,42.3,4.09,30.1,35.5,51.2,21.7,22.6
2021-07-22 12:50:00,-5,680273400,44.3,4.09,30.1,35.5,51.2,21.7,22.8
2021-07-22 13:00:00,-5,680274000,45.5,4.09,30.1,35.5,51.2,21.8,22.7
2021-07-22 13:10:00,-5,680274600,41.3,4.09,30.1,35.5,51.1,21.8,22.7
2021-07-22 13:20:00,-5,680275200,45.0,4.09,30.2,35.5,51.0,22.0,22.6
2021-07-22 13:30:00,-5,680275800,46.5,4.09,30.2,35.5,51.1,21.8,22.7
2021-07-22 13:40:00,-5,680276400,48.3,4.09,30.2,35.5,51.1,21.8,22.7
2021-07-22 13:50:00,-5,680277000,47.5,4.09,30.2,35.5,51.1,21.8,22.7
2021-07-22 14:00:00,-5,680277600,49.0,4.09,30.2,35.5,51.1,22.0,22.7
2021-07-22 14:10:00,-5,680278200,47.0,4.09,30.2,35.5,51.0,22.2,22.6
2021-07-22 14:20:00,-5,680278800,46.3,4.09,30.2,35.5,51.1,22.0,22.6
2021-07-22 14:30:00,-5,680279400,42.8,4.09,30.2,35.5,51.1,22.0,22.8
2021-07-22 14:40:00,-5,680280000,44.3,4.09,30.2,35.5,51.0,22.0,22.6
2021-07-22 14:50:00,-5,680280600,40.8,4.09,30.2,35.5,51.0,22.2,22.5
2021-07-22 15:00:00,-5,680281200,44.0,4.09,30.2,35.5,51.0,22.1,22.7
2021-07-22 15:10:00,-5,680281800,45.0,4.09,30.2,35.5,51.0,22.2,22.6
2021-07-22 15:20:00,-5,680282400,43.3,4.09,30.3,35.5,51.0,22.2,22.6
2021-07-22 15:30:00,-5,680283000,43.5,4.09,30.3,35.5,51.0,22.3,22.5
2021-07-22 15:40:00,-5,680283600,42.5,4.09,30.3,35.5,51.0,22.2,22.6
2021-07-22 15:50:00,-5,680284200,40.8,4.09,30.3,35.5,51.0,22.1,22.5
2021-07-22 16:00:00,-5,680284800,40.3,4.09,30.3,35.4,50.9,22.5,22.5
2021-07-22 16:10:00,-5,680285400,40.3,4.09,30.3,35.5,51.0,22.3,22.5
2021-07-22 16:20:00,-5,680286000,35.3,4.09,30.3,35.5,51.0,22.2,22.6
2021-07-22 16:30:00,-5,680286600,34.8,4.09,30.4,35.5,50.9,22.3,22.6
2021-07-22 16:40:00,-5,680287200,36.5,4.09,30.4,35.5,51.0,22.4,22.7
2021-07-22 16:50:00,-5,680287800,35.5,4.09,30.4,35.5,51.0,22.4,22.6
2021-07-22 17:00:00,-5,680288400,33.8,4.09,30.4,35.5,51.0,22.4,22.6
2021-07-22 17:10:00,-5,680289000,30.5,4.09,30.4,35.5,51.0,22.3,22.6
2021-07-22 17:20:00,-5,680289600,29.0,4.09,30.4,35.5,51.0,22.5,22.6
2021-07-22 17:30:00,-5,680290200,27.8,4.09,30.4,35.5,51.0,22.6,22.6
2021-07-22 17:40:00,-5,680290800,26.8,4.09,30.5,35.5,50.9,22.5,22.6
2021-07-22 17:50:00,-5,680291400,25.8,4.09,30.5,35.5,50.9,22.6,22.5
2021-07-22 18:00:00,-5,680292000,25.0,4.09,30.4,35.6,51.0,22.6,22.6
2021-07-22 18:10:00,-5,680292600,24.5,4.09,30.4,35.6,51.0,22.6,22.6
2021-07-22 18:20:00,-5,680293200,23.5,4.09,30.5,35.5,50.9,22.6,22.6
2021-07-22 18:30:00,-5,680293800,22.5,4.08,30.4,35.6,51.0,22.7,22.6
2021-07-22 18:40:00,-5,680294400,21.8,4.08,30.4,35.6,51.0,22.6,22.5
2021-07-22 18:50:00,-5,680295000,21.0,4.08,30.4,35.6,51.0,22.6,22.5
2021-07-22 19:00:00,-5,680295600,20.3,4.08,30.4,35.6,51.0,22.6,22.6
2021-07-22 19:10:00,-5,680296200,19.0,4.08,30.4,35.6,51.0,22.7,22.6
2021-07-22 19:20:00,-5,680296800,18.0,4.08,30.5,35.6,50.9,22.6,22.6
2021-07-22 19:30:00,-5,680297400,17.0,4.08,30.4,35.6,51.0,22.7,22.6
2021-07-22 19:40:00,-5,680298000,16.5,4.08,30.4,35.6,51.0,22.8,22.5
2021-07-22 19:50:00,-5,680298600,15.8,4.08,30.4,35.6,51.0,22.6,22.6
2021-07-22 20:00:00,-5,680299200,15.5,4.08,30.4,35.6,51.0,22.8,22.5
2021-07-22 20:10:00,-5,680299800,15.3,4.08,30.3,35.6,51.0,22.7,22.5
2021-07-22 20:20:00,-5,680300400,15.0,4.08,30.3,35.6,51.0,22.6,22.5
2021-07-22 20:30:00,-5,680301000,14.8,4.08,30.3,35.6,51.0,22.5,22.5
2021-07-22 20:40:00,-5,680301600,14.5,4.08,30.3,35.6,50.8,22.6,22.7
2021-07-22 20:50:00,-5,680302200,14.3,4.08,30.3,35.6,50.9,22.6,22.6
2021-07-22 21:00:00,-5,680302800,14.3,4.08,30.3,35.6,50.9,22.6,22.6
2021-07-22 21:10:00,-5,680303400,14.0,4.08,30.2,35.6,50.9,22.6,22.6
2021-07-22 21:20:00,-5,680304000,14.0,4.08,30.2,35.6,51.0,22.6,22.6
2021-07-22 21:30:00,-5,680304600,13.8,4.08,30.1,35.7,51.0,22.6,22.6
2021-07-22 21:40:00,-5,680305200,13.8,4.08,30.1,35.7,51.0,22.7,22.6
2021-07-22 21:50:00,-5,680305800,13.5,4.08,30.1,35.6,51.0,22.5,22.6
2021-07-22 22:00:00,-5,680306400,13.5,4.08,30.0,35.6,51.0,22.5,22.6
2021-07-22 22:10:00,-5,680307000,13.3,4.08,30.0,35.6,51.0,22.4,22.6
2021-07-22 22:20:00,-5,680307600,13.3,4.08,30.0,35.6,51.0,22.5,22.6
2021-07-22 22:30:00,-5,680308200,13.0,4.08,30.0,35.6,50.9,22.6,22.5
2021-07-22 22:40:00,-5,680308800,13.0,4.08,29.9,35.6,51.0,22.5,22.6
2021-07-22 22:50:00,-5,680309400,13.0,4.08,29.9,35.6,50.9,22.5,22.6
2021-07-22 23:00:00,-5,680310000,13.0,4.08,29.9,35.6,51.0,22.3,22.6
2021-07-22 23:10:00,-5,680310600,13.3,4.08,29.9,35.6,50.9,22.5,22.5
2021-07-22 23:20:00,-5,680311200,13.0,4.08,29.8,35.6,51.0,22.5,22.6
2021-07-22 23:30:00,-5,680311800,12.8,4.08,29.8,35.6,51.0,22.4,22.6
2021-07-22 23:40:00,-5,680312400,12.8,4.08,29.8,35.5,50.9,22.4,22.7
2021-07-22 23:50:00,-5,680313000,12.5,4.08,29.8,35.5,50.9,22.4,22.5
2021-07-23 00:00:00,-5,680313600,12.5,4.08,29.7,35.6,51.0,22.3,22.6
2021-07-23 00:10:00,-5,680314200,12.3,4.08,29.7,35.6,51.0,22.3,22.5
2021-07-23 00:20:00,-5,680314800,12.5,4.08,29.6,35.5,51.0,22.1,22.6
2021-07-23 00:30:00,-5,680315400,12.3,4.08,29.6,35.5,51.0,22.1,22.5
2021-07-23 00:40:00,-5,680316000,12.3,4.08,29.6,35.5,51.0,22.1,22.6
2021-07-23 00:50:00,-5,680316600,12.0,4.08,29.6,35.5,51.0,22.0,22.6
2021-07-23 01:00:00,-5,680317200,12.0,4.08,29.5,35.5,51.0,22.1,22.6
2021-07-23 01:10:00,-5,680317800,12.0,4.08,29.6,35.5,50.9,22.1,22.5
2021-07-23 01:20:00,-5,680318400,11.8,4.08,29.5,35.5,51.0,22.1,22.6
2021-07-23 01:30:00,-5,680319000,12.0,4.08,29.5,35.5,51.0,21.8,22.6
2021-07-23 01:40:00,-5,680319600,12.0,4.08,29.4,35.5,51.0,21.7,22.6
2021-07-23 01:50:00,-5,680320200,11.8,4.08,29.4,35.5,51.0,22.0,22.5
2021-07-23 02:00:00,-5,680320800,11.8,4.08,29.4,35.4,51.0,22.1,22.5
2021-07-23 02:10:00,-5,680321400,12.0,4.08,29.3,35.4,51.0,21.8,22.6
2021-07-23 02:20:00,-5,680322000,12.0,4.08,29.3,35.4,51.0,22.1,22.6
2021-07-23 02:30:00,-5,680322600,12.3,4.08,29.3,35.4,51.0,21.7,22.6
2021-07-23 02:40:00,-5,680323200,12.0,4.08,29.3,35.4,51.0,21.6,22.6
2021-07-23 02:50:00,-5,680323800,12.0,4.08,29.2,35.4,51.0,21.7,22.6
2021-07-23 03:00:00,-5,680324400,12.3,4.08,29.2,35.4,51.0,21.6,22.5
2021-07-23 03:10:00,-5,680325000,12.0,4.08,29.2,35.4,51.0,21.7,22.5
2021-07-23 03:20:00,-5,680325600,12.3,4.08,29.2,35.3,51.0,21.6,22.5
2021-07-23 03:30:00,-5,680326200,12.0,4.08,29.2,35.3,51.0,21.6,22.5
2021-07-23 03:40:00,-5,680326800,12.0,4.08,29.1,35.3,51.0,21.7,22.5
2021-07-23 03:50:00,-5,680327400,11.8,4.08,29.1,35.3,51.0,21.6,22.4
2021-07-23 04:00:00,-5,680328000,11.8,4.08,29.1,35.3,51.0,21.5,22.5
2021-07-23 04:10:00,-5,680328600,11.8,4.08,29.1,35.3,51.0,21.6,22.4
2021-07-23 04:20:00,-5,680329200,11.5,4.08,29.1,35.3,51.0,21.5,22.4
2021-07-23 04:30:00,-5,680329800,11.5,4.08,29.1,35.3,51.0,21.5,22.5
2021-07-23 04:40:00,-5,680330400,11.5,4.08,29.1,35.2,51.0,21.5,22.5
2021-07-23 04:50:00,-5,680331000,11.5,4.08,29.1,35.2,51.0,21.5,22.5
2021-07-23 05:00:00,-5,680331600,11.8,4.08,29.0,35.2,51.0,21.4,22.5
2021-07-23 05:10:00,-5,680332200,12.0,4.08,29.0,35.2,51.0,21.4,22.4
2021-07-23 05:20:00,-5,680332800,12.3,4.08,29.0,35.2,51.0,21.3,22.5
2021-07-23 05:30:00,-5,680333400,13.0,4.08,29.0,35.2,51.0,21.2,22.3
2021-07-23 05:40:00,-5,680334000,13.5,4.08,29.0,35.1,51.0,21.3,22.5
2021-07-23 05:50:00,-5,680334600,14.3,4.08,29.0,35.1,51.0,21.2,22.3
2021-07-23 06:00:00,-5,680335200,15.3,4.08,29.0,35.1,50.9,21.2,22.3
2021-07-23 06:10:00,-5,680335800,16.8,4.08,28.9,35.1,51.0,21.2,22.4
2021-07-23 06:20:00,-5,680336400,18.3,4.08,28.9,35.1,51.0,21.2,22.4
2021-07-23 06:30:00,-5,680337000,19.5,4.08,29.0,35.1,51.0,21.2,22.3
2021-07-23 06:40:00,-5,680337600,21.0,4.08,28.9,35.1,51.0,21.1,22.4
2021-07-23 06:50:00,-5,680338200,23.0,4.08,28.9,35.1,51.0,21.2,22.2
2021-07-23 07:00:00,-5,680338800,24.0,4.08,28.9,35.0,51.0,21.1,22.3
2021-07-23 07:10:00,-5,680339400,24.8,4.08,28.9,35.0,51.0,21.1,22.3
2021-07-23 07:20:00,-5,680340000,25.5,4.08,28.9,35.0,51.0,21.1,22.1
2021-07-23 07:30:00,-5,680340600,26.3,4.08,28.9,35.0,51.0,21.1,22.3
2021-07-23 07:40:00,-5,680341200,27.5,4.08,28.9,35.0,51.0,21.0,22.3
2021-07-23 07:50:00,-5,680341800,28.5,4.08,28.9,35.0,51.0,21.1,22.1
2021-07-23 08:00:00,-5,680342400,29.8,4.08,28.9,35.0,51.0,21.0,22.2
2021-07-23 08:10:00,-5,680343000,27.8,4.08,28.9,35.0,51.0,21.0,22.2
2021-07-23 08:20:00,-5,680343600,27.3,4.08,28.9,35.0,51.0,21.0,22.2
2021-07-23 08:30:00,-5,680344200,30.0,4.08,28.9,34.9,51.0,20.7,22.2
2021-07-23 08:40:00,-5,680344800,31.5,4.08,28.9,34.9,51.0,20.7,22.2
2021-07-23 08:50:00,-5,680345400,32.3,4.08,29.0,34.9,50.8,21.0,22.1
2021-07-23 09:00:00,-5,680346000,33.0,4.08,29.0,34.9,51.0,20.8,22.3
2021-07-23 09:10:00,-5,680346600,33.5,4.08,29.0,34.9,50.9,21.0,22.2
2021-07-23 09:20:00,-5,680347200,34.3,4.09,28.9,34.9,50.9,21.1,22.2
2021-07-23 09:30:00,-5,680347800,35.5,4.09,29.0,34.8,50.8,21.0,22.1
2021-07-23 09:40:00,-5,680348400,36.5,4.09,29.0,34.8,50.8,20.7,22.0
2021-07-23 09:50:00,-5,680349000,38.3,4.09,29.0,34.9,50.9,20.7,22.1
2021-07-23 10:00:00,-5,680349600,39.5,4.09,29.0,34.8,50.9,21.0,22.1
2021-07-23 10:10:00,-5,680350200,40.3,4.09,29.0,34.8,50.9,21.0,22.1
2021-07-23 10:20:00,-5,680350800,40.8,4.09,29.0,34.8,50.9,21.1,22.1
2021-07-23 10:30:00,-5,680351400,41.0,4.09,29.0,34.8,50.9,21.0,22.1
2021-07-23 10:40:00,-5,680352000,41.3,4.09,29.1,34.8,50.7,21.0,22.1
2021-07-23 10:50:00,-5,680352600,41.8,4.09,29.0,34.8,50.8,21.0,22.0
2021-07-23 11:00:00,-5,680353200,43.5,4.09,29.0,34.8,50.8,21.0,22.0
2021-07-23 11:10:00,-5,680353800,43.0,4.09,29.1,34.7,50.7,21.0,22.1
2021-07-23 11:20:00,-5,680354400,44.0,4.09,29.1,34.7,50.7,21.1,22.0
2021-07-23 11:30:00,-5,680355000,44.5,4.09,29.1,34.7,50.8,21.1,22.2
2021-07-23 11:40:00,-5,680355600,45.3,4.09,29.1,34.7,50.8,21.0,22.2
2021-07-23 11:50:00,-5,680356200,46.8,4.09,29.1,34.7,50.7,21.1,22.0
2021-07-23 12:00:00,-5,680356800,47.8,4.09,29.1,34.7,50.7,21.1,22.0
2021-07-23 12:10:00,-5,680357400,45.8,4.09,29.1,34.7,50.7,21.0,22.0
2021-07-23 12:20:00,-5,680358000,46.0,4.09,29.1,34.7,50.7,21.2,22.0
2021-07-23 12:30:00,-5,680358600,44.5,4.09,29.1,34.7,50.7,21.2,22.1
2021-07-23 12:40:00,-5,680359200,41.5,4.09,29.1,34.7,50.7,21.2,22.0
2021-07-23 12:50:00,-5,680359800,44.5,4.09,29.1,34.7,50.7,21.1,22.0
2021-07-23 13:00:00,-5,680360400,48.0,4.09,29.1,34.7,50.6,21.2,22.1
2021-07-23 13:10:00,-5,680361000,49.0,4.09,29.2,34.6,50.5,21.2,22.0
2021-07-23 13:20:00,-5,680361600,50.0,4.09,29.2,34.7,50.6,21.2,22.0
2021-07-23 13:30:00,-5,680362200,50.8,4.09,29.2,34.6,50.6,21.2,22.0
2021-07-23 13:40:00,-5,680362800,51.8,4.09,29.3,34.6,50.5,21.2,22.0
2021-07-23 13:50:00,-5,680363400,45.0,4.09,29.2,34.6,50.6,21.3,22.0
2021-07-23 14:00:00,-5,680364000,45.8,4.09,29.3,34.6,50.6,21.3,22.0
2021-07-23 14:10:00,-5,680364600,45.0,4.09,29.3,34.6,50.5,21.4,22.0
2021-07-23 14:20:00,-5,680365200,46.3,4.09,29.3,34.6,50.5,21.3,22.0
2021-07-23 14:30:00,-5,680365800,49.8,4.09,29.3,34.6,50.5,21.5,22.0
2021-07-23 14:40:00,-5,680366400,50.8,4.09,29.3,34.6,50.5,21.4,21.8
2021-07-23 14:50:00,-5,680367000,51.3,4.09,29.4,34.6,50.4,21.6,22.0
2021-07-23 15:00:00,-5,680367600,50.5,4.09,29.4,34.6,50.5,21.5,22.1
2021-07-23 15:10:00,-5,680368200,49.8,4.09,29.4,34.6,50.4,21.5,22.0
2021-07-23 15:20:00,-5,680368800,48.3,4.09,29.5,34.6,50.3,21.6,22.1
2021-07-23 15:30:00,-5,680369400,48.8,4.09,29.5,34.6,50.3,21.6,21.7
2021-07-23 15:40:00,-5,680370000,47.3,4.09,29.4,34.7,50.4,21.6,21.7
2021-07-23 15:50:00,-5,680370600,46.8,4.09,29.5,34.6,50.3,21.7,22.0
2021-07-23 16:00:00,-5,680371200,45.3,4.09,29.5,34.6,50.3,21.8,21.8
2021-07-23 16:10:00,-5,680371800,45.0,4.09,29.6,34.6,50.3,21.7,22.0
2021-07-23 16:20:00,-5,680372400,44.3,4.09,29.5,34.6,50.3,21.6,22.0
2021-07-23 16:30:00,-5,680373000,43.5,4.09,29.6,34.6,50.3,21.7,22.0
2021-07-23 16:40:00,-5,680373600,42.3,4.09,29.6,34.7,50.3,21.6,22.0
2021-07-23 16:50:00,-5,680374200,40.5,4.09,29.5,34.7,50.4,22.0,22.0
2021-07-23 17:00:00,-5,680374800,38.5,4.09,29.6,34.7,50.3,21.7,21.8
2021-07-23 17:10:00,-5,680375400,32.3,4.09,29.6,34.7,50.4,21.8,22.0
2021-07-23 17:20:00,-5,680376000,28.5,4.08,29.6,34.8,50.4,22.1,22.0
2021-07-23 17:30:00,-5,680376600,26.3,4.08,29.6,34.8,50.4,22.0,22.0
2021-07-23 17:40:00,-5,680377200,25.0,4.08,29.6,34.8,50.4,21.8,22.0
2021-07-23 17:50:00,-5,680377800,23.8,4.08,29.7,34.7,50.3,21.7,22.0
2021-07-23 18:00:00,-5,680378400,23.0,4.08,29.6,34.8,50.4,22.1,22.0
2021-07-23 18:10:00,-5,680379000,22.3,4.08,29.6,34.8,50.4,21.7,22.0
2021-07-23 18:20:00,-5,680379600,21.5,4.08,29.6,34.8,50.4,22.0,21.8
2021-07-23 18:30:00,-5,680380200,21.0,4.08,29.6,34.8,50.4,21.8,22.0
2021-07-23 18:40:00,-5,680380800,20.3,4.08,29.6,34.8,50.3,22.0,22.0
2021-07-23 18:50:00,-5,680381400,19.5,4.08,29.6,34.9,50.4,22.1,22.0
2021-07-23 19:00:00,-5,680382000,19.0,4.08,29.6,34.9,50.4,22.0,22.0
2021-07-23 19:10:00,-5,680382600,18.3,4.08,29.6,34.8,50.3,22.1,21.9
2021-07-23 19:20:00,-5,680383200,17.8,4.08,29.6,34.8,50.3,22.1,22.0
2021-07-23 19:30:00,-5,680383800,17.0,4.08,29.5,34.9,50.4,22.1,22.0
2021-07-23 19:40:00,-5,680384400,16.5,4.08,29.6,34.9,50.3,22.2,22.1
2021-07-23 19:50:00,-5,680385000,16.3,4.08,29.6,34.9,50.3,22.2,22.0
2021-07-23 20:00:00,-5,680385600,15.8,4.08,29.5,34.9,50.3,22.1,22.0
2021-07-23 20:10:00,-5,680386200,15.5,4.08,29.5,34.9,50.4,22.0,22.0
2021-07-23 20:20:00,-5,680386800,15.5,4.08,29.4,34.9,50.4,22.1,22.0
2021-07-23 20:30:00,-5,680387400,15.5,4.08,29.4,34.9,50.4,22.2,22.1
2021-07-23 20:40:00,-5,680388000,15.3,4.08,29.4,34.9,50.4,22.1,22.0
2021-07-23 20:50:00,-5,680388600,15.0,4.08,29.4,34.9,50.4,22.1,22.1
2021-07-23 21:00:00,-5,680389200,15.0,4.08,29.3,34.9,50.4,22.1,22.0
2021-07-23 21:10:00,-5,680389800,14.8,4.08,29.3,34.9,50.4,22.2,22.0
2021-07-23 21:20:00,-5,680390400,14.5,4.08,29.3,34.9,50.4,22.2,22.0
2021-07-23 21:30:00,-5,680391000,14.5,4.08,29.3,34.9,50.3,22.0,22.1
2021-07-23 21:40:00,-5,680391600,14.5,4.08,29.2,34.9,50.4,22.0,22.1
2021-07-23 21:50:00,-5,680392200,14.3,4.08,29.2,34.9,50.4,22.1,22.0
2021-07-23 22:00:00,-5,680392800,14.3,4.08,29.1,35.0,50.4,21.8,22.0
2021-07-23 22:10:00,-5,680393400,14.0,4.08,29.1,34.9,50.4,21.8,22.1
2021-07-23 22:20:00,-5,680394000,14.0,4.08,29.1,34.9,50.4,22.1,22.0
2021-07-23 22:30:00,-5,680394600,13.8,4.08,29.1,35.0,50.4,22.1,22.1
2021-07-23 22:40:00,-5,680395200,13.8,4.08,29.1,34.9,50.4,21.7,22.1
2021-07-23 22:50:00,-5,680395800,13.8,4.08,29.1,34.9,50.4,22.1,22.1
2021-07-23 23:00:00,-5,680396400,13.5,4.08,29.1,34.9,50.4,21.8,22.1
2021-07-23 23:10:00,-5,680397000,13.3,4.08,29.1,34.9,50.3,22.1,22.1
2021-07-23 23:20:00,-5,680397600,13.3,4.08,29.1,34.9,50.3,22.0,22.1
2021-07-23 23:30:00,-5,680398200,13.3,4.08,29.0,34.9,50.3,22.1,22.1
2021-07-23 23:40:00,-5,680398800,13.3,4.08,28.9,34.9,50.4,21.8,22.1
2021-07-23 23:50:00,-5,680399400,13.0,4.08,28.9,34.9,50.4,21.8,22.1
2021-07-24 00:00:00,-5,680400000,13.0,4.08,28.9,34.9,50.4,21.8,22.0
2021-07-24 00:10:00,-5,680400600,13.0,4.08,28.8,34.9,50.5,21.8,22.1
2021-07-24 00:20:00,-5,680401200,13.0,4.08,28.8,34.9,50.4,21.8,22.0
2021-07-24 00:30:00,-5,680401800,12.8,4.08,28.8,34.8,50.3,21.7,22.1
2021-07-24 00:40:00,-5,680402400,12.8,4.08,28.7,34.9,50.5,21.7,22.1
2021-07-24 00:50:00,-5,680403000,12.5,4.08,28.8,34.8,50.3,21.6,22.1
2021-07-24 01:00:00,-5,680403600,12.5,4.08,28.7,34.8,50.3,21.6,22.1
2021-07-24 01:10:00,-5,680404200,12.3,4.08,28.7,34.8,50.3,21.6,22.1
2021-07-24 01:20:00,-5,680404800,12.3,4.08,28.7,34.8,50.3,21.7,22.1
2021-07-24 01:30:00,-5,680405400,12.3,4.08,28.6,34.8,50.5,21.6,22.0
2021-07-24 01:40:00,-5,680406000,12.0,4.06,28.6,34.8,50.5,21.5,22.0
2021-07-24 01:50:00,-5,680406600,12.0,4.06,28.5,34.8,50.5,21.5,22.2
2021-07-24 02:00:00,-5,680407200,12.0,4.08,28.6,34.8,50.3,21.6,22.1
2021-07-24 02:10:00,-5,680407800,12.0,4.06,28.5,34.7,50.3,21.6,22.0
2021-07-24 02:20:00,-5,680408400,11.8,4.06,28.4,34.8,50.5,21.5,22.0
2021-07-24 02:30:00,-5,680409000,12.0,4.06,28.4,34.8,50.5,21.5,22.0
2021-07-24 02:40:00,-5,680409600,12.0,4.06,28.4,34.8,50.5,21.3,22.1
2021-07-24 02:50:00,-5,680410200,11.8,4.06,28.4,34.7,50.3,21.5,22.1
2021-07-24 03:00:00,-5,680410800,11.8,4.06,28.3,34.7,50.5,21.2,22.1
2021-07-24 03:10:00,-5,680411400,11.5,4.06,28.3,34.7,50.5,21.3,22.1
2021-07-24 03:20:00,-5,680412000,11.5,4.06,28.3,34.7,50.5,21.2,22.1
2021-07-24 03:30:00,-5,680412600,11.3,4.06,28.3,34.7,50.3,21.2,22.0
2021-07-24 03:40:00,-5,680413200,11.3,4.06,28.2,34.7,50.5,21.2,22.1
2021-07-24 03:50:00,-5,680413800,11.3,4.06,28.2,34.7,50.5,21.3,22.1
2021-07-24 04:00:00,-5,680414400,11.0,4.06,28.2,34.7,50.5,21.2,22.1
2021-07-24 04:10:00,-5,680415000,11.3,4.06,28.3,34.6,50.3,21.2,22.2
2021-07-24 04:20:00,-5,680415600,11.0,4.06,28.2,34.6,50.5,21.2,22.1
2021-07-24 04:30:00,-5,680416200,11.0,4.06,28.2,34.6,50.3,21.2,22.0
2021-07-24 04:40:00,-5,680416800,11.3,4.06,28.1,34.6,50.5,21.2,22.0
2021-07-24 04:50:00,-5,680417400,11.0,4.06,28.1,34.6,50.5,21.1,22.0
2021-07-24 05:00:00,-5,680418000,11.0,4.06,28.1,34.6,50.3,21.1,22.0
2021-07-24 05:10:00,-5,680418600,11.0,4.06,28.0,34.6,50.5,21.1,22.0
2021-07-24 05:20:00,-5,680419200,11.5,4.06,28.1,34.5,50.3,21.0,22.1
2021-07-24 05:30:00,-5,680419800,12.0,4.06,28.0,34.5,50.4,21.0,22.0
2021-07-24 05:40:00,-5,680420400,12.5,4.06,28.0,34.5,50.4,21.1,22.0
2021-07-24 05:50:00,-5,680421000,12.8,4.06,28.0,34.5,50.5,20.8,22.0
2021-07-24 06:00:00,-5,680421600,14.5,4.06,28.0,34.5,50.3,21.1,21.8
2021-07-24 06:10:00,-5,680422200,16.5,4.06,28.0,34.5,50.3,20.8,22.0
2021-07-24 06:20:00,-5,680422800,18.3,4.06,27.9,34.5,50.4,20.8,21.8
2021-07-24 06:30:00,-5,680423400,19.8,4.08,27.9,34.5,50.4,20.8,21.8
2021-07-24 06:40:00,-5,680424000,21.3,4.08,27.9,34.5,50.4,20.8,22.0
2021-07-24 06:50:00,-5,680424600,22.8,4.08,27.9,34.4,50.4,20.8,21.8
2021-07-24 07:00:00,-5,680425200,24.0,4.08,27.9,34.4,50.4,20.7,21.8
2021-07-24 07:10:00,-5,680425800,24.8,4.08,27.9,34.4,50.4,20.7,21.8
2021-07-24 07:20:00,-5,680426400,26.0,4.08,27.9,34.4,50.4,20.7,21.8
2021-07-24 07:30:00,-5,680427000,27.3,4.08,27.9,34.4,50.4,20.7,21.8
2021-07-24 07:40:00,-5,680427600,28.5,4.08,27.9,34.4,50.4,20.6,21.8
2021-07-24 07:50:00,-5,680428200,29.8,4.08,27.9,34.4,50.4,20.6,21.8
2021-07-24 08:00:00,-5,680428800,31.0,4.08,27.9,34.3,50.3,20.6,22.0
2021-07-24 08:10:00,-5,680429400,32.0,4.08,27.9,34.4,50.4,20.6,21.8
2021-07-24 08:20:00,-5,680430000,33.0,4.08,27.9,34.3,50.4,20.5,21.7
2021-07-24 08:30:00,-5,680430600,33.5,4.08,27.9,34.3,50.4,20.5,21.8
2021-07-24 08:40:00,-5,680431200,35.0,4.08,27.9,34.3,50.4,20.5,21.8
2021-07-24 08:50:00,-5,680431800,36.0,4.08,27.9,34.3,50.4,20.5,21.8
2021-07-24 09:00:00,-5,680432400,36.3,4.08,27.9,34.3,50.4,20.6,22.0
2021-07-24 09:10:00,-5,680433000,37.5,4.08,27.9,34.3,50.4,20.6,21.7
2021-07-24 09:20:00,-5,680433600,38.5,4.08,27.9,34.3,50.4,20.6,21.7
2021-07-24 09:30:00,-5,680434200,39.5,4.08,27.9,34.3,50.4,20.5,22.0
2021-07-24 09:40:00,-5,680434800,39.5,4.08,27.9,34.3,50.4,20.5,21.7
2021-07-24 09:50:00,-5,680435400,40.0,4.09,27.9,34.2,50.4,20.6,21.8
2021-07-24 10:00:00,-5,680436000,41.3,4.09,28.0,34.2,50.4,20.5,21.8
2021-07-24 10:10:00,-5,680436600,42.0,4.08,28.0,34.2,50.2,20.6,21.8
2021-07-24 10:20:00,-5,680437200,43.5,4.08,28.0,34.2,50.3,20.6,21.7
2021-07-24 10:30:00,-5,680437800,44.0,4.08,28.0,34.2,50.3,20.5,21.8
2021-07-24 10:40:00,-5,680438400,43.5,4.08,28.0,34.2,50.3,20.5,21.8
2021-07-24 10:50:00,-5,680439000,44.3,4.08,28.1,34.2,50.3,20.5,21.7
2021-07-24 11:00:00,-5,680439600,44.5,4.08,28.1,34.1,50.2,20.6,21.6
2021-07-24 11:10:00,-5,680440200,44.5,4.08,28.2,34.1,50.1,20.7,21.8
2021-07-24 11:20:00,-5,680440800,43.3,4.08,28.2,34.1,50.1,20.7,21.6
2021-07-24 11:30:00,-5,680441400,45.5,4.08,28.1,34.1,50.2,20.7,21.6
2021-07-24 11:40:00,-5,680442000,43.3,4.09,28.2,34.1,50.2,20.7,21.6
2021-07-24 11:50:00,-5,680442600,44.8,4.08,28.2,34.1,50.2,20.7,21.6
2021-07-24 12:00:00,-5,680443200,47.8,4.09,28.2,34.1,50.2,20.7,21.6
2021-07-24 12:10:00,-5,680443800,48.5,4.09,28.3,34.1,50.0,20.7,21.6
2021-07-24 12:20:00,-5,680444400,47.3,4.09,28.3,34.1,50.1,20.8,21.5
2021-07-24 12:30:00,-5,680445000,45.5,4.09,28.3,34.1,50.1,21.0,21.6
2021-07-24 12:40:00,-5,680445600,42.3,4.09,28.3,34.1,50.1,20.8,21.6
2021-07-24 12:50:00,-5,680446200,41.3,4.09,28.4,34.1,50.0,20.7,21.7
2021-07-24 13:00:00,-5,680446800,43.3,4.09,28.4,34.1,50.1,20.7,21.5
2021-07-24 13:10:00,-5,680447400,42.0,4.08,28.4,34.1,50.1,20.7,21.6
2021-07-24 13:20:00,-5,680448000,39.8,4.08,28.5,34.0,50.0,21.0,21.6
2021-07-24 13:30:00,-5,680448600,43.0,4.09,28.5,34.1,50.1,21.0,21.6
2021-07-24 13:40:00,-5,680449200,47.3,4.09,28.5,34.1,50.0,21.1,21.6
2021-07-24 13:50:00,-5,680449800,41.3,4.09,28.5,34.1,50.0,21.0,21.6
2021-07-24 14:00:00,-5,680450400,37.8,4.09,28.5,34.1,50.0,21.0,21.7
2021-07-24 14:10:00,-5,680451000,35.8,4.09,28.7,34.1,50.0,21.1,21.5
