SL221 - Mayfly GPLP3 Logger
DateTime_EST,TZ-Offset,Loggertime,BoardTemp_C,Battery_V,Segment1_percent,Segment2_percent,Segment3_percent,T1_degC,T2_degC
2021-09-29 10:00:00,-5,686224800,26.8,3.88,50.0,49.1,59.7,17.8,19.4
2021-09-29 10:10:00,-5,686225400,29.5,4.08,50.1,49.1,59.7,17.8,19.3
2021-09-29 10:20:00,-5,686226000,29.5,4.08,50.2,49.1,59.6,18.0,19.2
2021-09-29 10:30:00,-5,686226600,30.5,4.08,50.1,49.1,59.8,17.8,19.3
2021-09-29 10:40:00,-5,686227200,33.0,4.08,50.2,49.1,59.7,18.0,19.3
2021-09-29 10:50:00,-5,686227800,31.5,4.08,50.4,49.1,59.6,18.1,19.3
2021-09-29 11:00:00,-5,686228400,32.3,3.99,50.4,49.1,59.6,18.1,19.3
2021-09-29 11:10:00,-5,686229000,34.0,4.08,50.4,49.1,59.7,18.0,19.3
2021-09-29 11:20:00,-5,686229600,34.5,4.08,50.5,49.1,59.7,18.0,19.3
2021-09-29 11:30:00,-5,686230200,35.5,4.08,50.6,49.1,59.7,18.0,19.3
2021-09-29 11:40:00,-5,686230800,35.8,4.08,50.8,49.1,59.6,18.2,19.2
2021-09-29 11:50:00,-5,686231400,35.8,4.08,50.8,49.1,59.6,18.1,19.2
2021-09-29 12:00:00,-5,686232000,38.5,4.08,50.9,49.1,59.7,18.1,19.2
2021-09-29 12:10:00,-5,686232600,39.0,4.08,50.9,49.1,59.7,18.2,19.1
2021-09-29 12:20:00,-5,686233200,40.0,4.08,51.0,49.1,59.7,18.2,19.3
2021-09-29 12:30:00,-5,686233800,41.0,4.08,51.1,49.2,59.7,18.3,19.1
2021-09-29 12:40:00,-5,686234400,38.8,4.08,51.2,49.2,59.7,18.2,19.1
2021-09-29 12:50:00,-5,686235000,39.0,4.08,51.3,49.2,59.7,18.3,19.1
2021-09-29 13:00:00,-5,686235600,35.5,4.08,51.3,49.2,59.7,18.5,19.1
2021-09-29 13:10:00,-5,686236200,36.0,4.08,51.4,49.2,59.7,18.6,19.2
2021-09-29 13:20:00,-5,686236800,37.8,4.08,51.4,49.2,59.7,18.6,19.1
2021-09-29 13:30:00,-5,686237400,33.3,4.08,51.4,49.3,59.7,18.7,19.2
2021-09-29 13:40:00,-5,686238000,29.0,4.08,51.5,49.3,59.7,19.0,19.3
2021-09-29 13:50:00,-5,686238600,30.3,4.08,51.5,49.3,59.7,18.8,19.1
2021-09-29 14:00:00,-5,686239200,29.8,4.08,51.6,49.3,59.6,19.1,19.2
2021-09-29 14:10:00,-5,686239800,37.0,4.08,51.5,49.3,59.7,19.1,19.1
2021-09-29 14:20:00,-5,686240400,37.8,4.08,51.5,49.3,59.7,19.2,19.1
2021-09-29 14:30:00,-5,686241000,35.5,4.08,51.6,49.4,59.7,19.0,19.2
2021-09-29 14:40:00,-5,686241600,39.0,4.08,51.6,49.4,59.7,19.2,19.1
2021-09-29 14:50:00,-5,686242200,40.3,4.08,51.6,49.4,59.7,19.1,19.1
2021-09-29 15:00:00,-5,686242800,38.0,4.08,51.6,49.4,59.7,19.2,19.1
2021-09-29 15:10:00,-5,686243400,34.5,4.08,51.6,49.5,59.7,19.1,19.2
2021-09-29 15:20:00,-5,686244000,37.3,4.08,51.6,49.5,59.7,19.1,19.1
2021-09-29 15:30:00,-5,686244600,38.3,4.08,51.6,49.5,59.7,19.3,19.1
2021-09-29 15:40:00,-5,686245200,36.5,4.08,51.6,49.5,59.7,19.3,19.2
2021-09-29 15:50:00,-5,686245800,31.0,4.08,51.6,49.5,59.7,19.3,19.2
2021-09-29 16:00:00,-5,686246400,26.3,4.08,51.5,49.5,59.7,19.3,19.3
2021-09-29 16:10:00,-5,686247000,23.8,4.06,51.5,49.6,59.7,19.4,19.1
2021-09-29 16:20:00,-5,686247600,22.0,4.06,51.5,49.6,59.7,19.5,19.2
2021-09-29 16:30:00,-5,686248200,20.0,4.06,51.5,49.6,59.7,19.5,19.2
2021-09-29 16:40:00,-5,686248800,18.5,4.06,51.4,49.6,59.7,19.5,19.1
2021-09-29 16:50:00,-5,686249400,17.3,4.08,51.4,49.6,59.7,19.5,19.3
2021-09-29 17:00:00,-5,686250000,16.5,4.06,51.4,49.6,59.7,19.5,19.1
2021-09-29 17:10:00,-5,686250600,16.0,4.06,51.4,49.6,59.6,19.6,19.3
2021-09-29 17:20:00,-5,686251200,15.3,4.06,51.3,49.7,59.7,19.5,19.3
2021-09-29 17:30:00,-5,686251800,14.5,4.05,51.3,49.7,59.7,19.7,19.2
2021-09-29 17:40:00,-5,686252400,13.8,4.06,51.2,49.7,59.7,19.6,19.2
2021-09-29 17:50:00,-5,686253000,12.5,4.06,51.2,49.7,59.7,19.6,19.2
2021-09-29 18:00:00,-5,686253600,11.8,4.06,51.2,49.7,59.7,19.8,19.3
2021-09-29 18:10:00,-5,686254200,11.3,4.08,51.1,49.7,59.7,19.6,19.3
2021-09-29 18:20:00,-5,686254800,11.0,4.08,51.1,49.7,59.7,19.7,19.3
2021-09-29 18:30:00,-5,686255400,10.8,4.06,51.0,49.7,59.7,19.7,19.2
2021-09-29 18:40:00,-5,686256000,10.8,4.06,51.0,49.7,59.7,19.7,19.3
2021-09-29 18:50:00,-5,686256600,11.0,4.06,51.0,49.7,59.6,19.7,19.2
2021-09-29 19:00:00,-5,686257200,11.3,4.06,50.9,49.7,59.7,19.6,19.3
2021-09-29 19:10:00,-5,686257800,11.8,4.06,50.9,49.7,59.6,19.6,19.3
2021-09-29 19:20:00,-5,686258400,12.0,4.06,50.8,49.7,59.6,19.6,19.4
2021-09-29 19:30:00,-5,686259000,12.3,4.06,50.8,49.7,59.6,19.6,19.3
2021-09-29 19:40:00,-5,686259600,12.3,4.08,50.8,49.7,59.6,19.6,19.3
2021-09-29 19:50:00,-5,686260200,12.3,4.08,50.7,49.7,59.6,19.5,19.3
2021-09-29 20:00:00,-5,686260800,12.5,4.08,50.6,49.8,59.7,19.5,19.3
2021-09-29 20:10:00,-5,686261400,12.5,4.08,50.6,49.7,59.7,19.4,19.3
2021-09-29 20:20:00,-5,686262000,12.5,4.08,50.6,49.7,59.6,19.5,19.3
2021-09-29 20:30:00,-5,686262600,12.5,4.08,50.5,49.7,59.7,19.4,19.3
2021-09-29 20:40:00,-5,686263200,12.5,4.06,50.6,49.7,59.6,19.3,19.5
2021-09-29 20:50:00,-5,686263800,12.5,4.08,50.5,49.7,59.7,19.4,19.3
2021-09-29 21:00:00,-5,686264400,12.5,4.06,50.5,49.7,59.6,19.3,19.4
2021-09-29 21:10:00,-5,686265000,12.3,4.06,50.4,49.7,59.7,19.3,19.4
2021-09-29 21:20:00,-5,686265600,12.3,4.06,50.4,49.6,59.6,19.3,19.4
2021-09-29 21:30:00,-5,686266200,12.3,4.06,50.4,49.6,59.6,19.3,19.3
2021-09-29 21:40:00,-5,686266800,12.3,4.06,50.4,49.6,59.6,19.3,19.3
2021-09-29 21:50:00,-5,686267400,12.3,4.06,50.3,49.7,59.7,19.3,19.4
2021-09-29 22:00:00,-5,686268000,12.5,4.06,50.3,49.6,59.6,19.3,19.3
2021-09-29 22:10:00,-5,686268600,12.3,4.06,50.2,49.6,59.7,19.2,19.3
2021-09-29 22:20:00,-5,686269200,12.3,4.06,50.2,49.7,59.7,19.2,19.3
2021-09-29 22:30:00,-5,686269800,12.5,4.06,50.2,49.6,59.7,19.2,19.3
2021-09-29 22:40:00,-5,686270400,12.3,4.06,50.2,49.6,59.7,19.0,19.3
2021-09-29 22:50:00,-5,686271000,12.3,4.06,50.2,49.6,59.7,19.1,19.3
2021-09-29 23:00:00,-5,686271600,12.3,4.06,50.1,49.6,59.7,19.0,19.3
2021-09-29 23:10:00,-5,686272200,12.3,4.06,50.1,49.6,59.7,19.0,19.4
2021-09-29 23:20:00,-5,686272800,12.3,4.06,50.1,49.6,59.6,19.1,19.3
2021-09-29 23:30:00,-5,686273400,12.3,4.06,50.1,49.6,59.7,19.1,19.4
2021-09-29 23:40:00,-5,686274000,12.5,4.06,50.0,49.6,59.7,18.8,19.3
2021-09-29 23:50:00,-5,686274600,12.5,4.06,50.0,49.6,59.7,19.0,19.3
2021-09-30 00:00:00,-5,686275200,12.3,4.06,50.0,49.6,59.7,18.7,19.2
2021-09-30 00:10:00,-5,686275800,12.3,4.06,50.0,49.6,59.7,19.0,19.5
2021-09-30 00:20:00,-5,686276400,12.0,4.06,50.0,49.5,59.6,18.8,19.4
2021-09-30 00:30:00,-5,686277000,12.0,4.06,50.0,49.5,59.7,19.0,19.3
2021-09-30 00:40:00,-5,686277600,12.0,4.06,50.0,49.5,59.6,19.1,19.4
2021-09-30 00:50:00,-5,686278200,12.0,4.06,50.0,49.5,59.7,18.7,19.3
2021-09-30 01:00:00,-5,686278800,12.0,4.05,50.0,49.5,59.7,18.8,19.3
2021-09-30 01:10:00,-5,686279400,12.0,4.05,50.0,49.5,59.7,19.0,19.4
2021-09-30 01:20:00,-5,686280000,12.0,4.06,49.9,49.5,59.7,18.6,19.3
2021-09-30 01:30:00,-5,686280600,12.0,4.06,49.9,49.5,59.7,18.8,19.3
2021-09-30 01:40:00,-5,686281200,12.0,4.06,49.9,49.5,59.7,18.7,19.3
2021-09-30 01:50:00,-5,686281800,12.0,4.06,49.9,49.5,59.7,19.1,19.3
2021-09-30 02:00:00,-5,686282400,12.0,4.06,49.9,49.5,59.7,18.7,19.3
2021-09-30 02:10:00,-5,686283000,12.0,4.06,49.9,49.4,59.7,18.7,19.4
2021-09-30 02:20:00,-5,686283600,12.0,4.06,49.8,49.4,59.7,18.6,19.3
2021-09-30 02:30:00,-5,686284200,12.0,4.06,49.8,49.4,59.7,18.8,19.3
2021-09-30 02:40:00,-5,686284800,12.0,4.06,49.8,49.4,59.7,18.8,19.4
2021-09-30 02:50:00,-5,686285400,12.0,4.06,49.8,49.4,59.7,18.7,19.3
2021-09-30 03:00:00,-5,686286000,12.0,4.06,49.8,49.4,59.7,18.8,19.3
2021-09-30 03:10:00,-5,686286600,12.0,4.06,49.8,49.4,59.7,18.5,19.3
2021-09-30 03:20:00,-5,686287200,11.8,4.06,49.7,49.4,59.7,18.6,19.3
2021-09-30 03:30:00,-5,686287800,11.3,4.06,49.7,49.4,59.7,18.5,19.3
2021-09-30 03:40:00,-5,686288400,10.5,4.06,49.7,49.4,59.7,18.5,19.3
2021-09-30 03:50:00,-5,686289000,10.0,4.06,49.7,49.3,59.7,18.5,19.3
2021-09-30 04:00:00,-5,686289600,9.8,4.06,49.7,49.3,59.7,18.6,19.4
2021-09-30 04:10:00,-5,686290200,9.8,4.06,49.7,49.3,59.7,18.5,19.3
2021-09-30 04:20:00,-5,686290800,9.5,4.06,49.6,49.3,59.7,18.5,19.4
2021-09-30 04:30:00,-5,686291400,9.3,4.06,49.6,49.3,59.7,18.3,19.3
2021-09-30 04:40:00,-5,686292000,9.3,4.06,49.6,49.3,59.7,18.5,19.3
2021-09-30 04:50:00,-5,686292600,8.8,4.06,49.5,49.3,59.7,18.3,19.2
2021-09-30 05:00:00,-5,686293200,8.3,4.06,49.5,49.3,59.7,18.4,19.4
2021-09-30 05:10:00,-5,686293800,8.0,4.06,49.5,49.3,59.7,18.5,19.3
2021-09-30 05:20:00,-5,686294400,8.0,4.06,49.5,49.2,59.7,18.4,19.3
2021-09-30 05:30:00,-5,686295000,8.0,4.06,49.4,49.2,59.7,18.3,19.4
2021-09-30 05:40:00,-5,686295600,7.8,4.06,49.4,49.2,59.7,18.2,19.3
2021-09-30 05:50:00,-5,686296200,7.5,4.06,49.4,49.2,59.7,18.3,19.3
2021-09-30 06:00:00,-5,686296800,7.5,4.06,49.3,49.2,59.7,18.2,19.4
2021-09-30 06:10:00,-5,686297400,7.8,4.06,49.3,49.2,59.7,18.2,19.2
2021-09-30 06:20:00,-5,686298000,8.0,4.06,49.3,49.2,59.7,18.3,19.3
2021-09-30 06:30:00,-5,686298600,7.8,4.06,49.3,49.2,59.7,18.2,19.3
2021-09-30 06:40:00,-5,686299200,8.8,4.06,49.2,49.2,59.7,18.3,19.3
2021-09-30 06:50:00,-5,686299800,11.0,4.06,49.2,49.1,59.6,18.1,19.3
2021-09-30 07:00:00,-5,686300400,13.3,4.06,49.1,49.1,59.7,18.0,19.3
2021-09-30 07:10:00,-5,686301000,13.3,4.06,49.1,49.1,59.7,18.0,19.3
2021-09-30 07:20:00,-5,686301600,13.3,4.05,49.1,49.1,59.7,18.0,19.1
2021-09-30 07:30:00,-5,686302200,14.5,4.06,49.1,49.1,59.7,18.0,19.2
2021-09-30 07:40:00,-5,686302800,16.3,4.06,49.1,49.1,59.7,18.0,19.3
2021-09-30 07:50:00,-5,686303400,17.8,4.06,49.1,49.0,59.7,17.8,19.3
2021-09-30 08:00:00,-5,686304000,19.3,4.06,49.1,49.0,59.7,18.0,19.3
2021-09-30 08:10:00,-5,686304600,20.3,4.06,49.1,49.0,59.7,17.7,19.3
2021-09-30 08:20:00,-5,686305200,21.0,4.06,49.1,49.0,59.7,17.7,19.2
2021-09-30 08:30:00,-5,686305800,21.3,4.06,49.1,49.0,59.7,17.7,19.3
2021-09-30 08:40:00,-5,686306400,22.3,4.06,49.1,49.0,59.7,17.7,19.3
2021-09-30 08:50:00,-5,686307000,23.5,4.08,49.1,49.0,59.7,17.8,19.2
2021-09-30 09:00:00,-5,686307600,25.0,4.08,49.1,49.0,59.7,17.7,19.1
2021-09-30 09:10:00,-5,686308200,25.8,4.08,49.1,48.9,59.7,17.7,19.2
2021-09-30 09:20:00,-5,686308800,27.0,4.08,49.1,48.9,59.7,17.8,19.3
2021-09-30 09:30:00,-5,686309400,27.5,4.08,49.2,48.9,59.7,17.8,19.1
2021-09-30 09:40:00,-5,686310000,28.3,4.08,49.2,48.9,59.7,17.7,19.1
2021-09-30 09:50:00,-5,686310600,29.0,4.08,49.3,48.9,59.7,17.8,19.2
2021-09-30 10:00:00,-5,686311200,28.5,4.08,49.4,48.8,59.6,17.8,19.1
2021-09-30 10:10:00,-5,686311800,29.5,4.09,49.4,48.9,59.7,17.8,19.1
2021-09-30 10:20:00,-5,686312400,30.5,4.09,49.4,48.9,59.7,17.8,19.1
2021-09-30 10:30:00,-5,686313000,30.8,4.09,49.5,48.9,59.7,17.8,19.1
2021-09-30 10:40:00,-5,686313600,33.3,4.08,49.6,48.9,59.7,17.8,19.1
2021-09-30 10:50:00,-5,686314200,33.8,4.09,49.6,48.9,59.7,17.8,19.0
2021-09-30 11:00:00,-5,686314800,29.5,4.08,49.7,48.9,59.7,17.7,19.0
2021-09-30 11:10:00,-5,686315400,32.3,4.09,49.8,48.9,59.7,17.8,19.1
2021-09-30 11:20:00,-5,686316000,31.0,4.09,49.8,48.9,59.7,17.8,19.0
2021-09-30 11:30:00,-5,686316600,33.5,4.09,49.9,48.9,59.7,18.1,19.1
2021-09-30 11:40:00,-5,686317200,33.0,4.09,50.0,48.9,59.7,17.7,19.1
2021-09-30 11:50:00,-5,686317800,28.0,4.09,50.0,48.9,59.7,18.0,19.0
2021-09-30 12:00:00,-5,686318400,31.0,4.09,50.0,48.9,59.7,18.0,19.0
2021-09-30 12:10:00,-5,686319000,26.8,4.09,50.1,48.8,59.5,18.0,19.0
2021-09-30 12:20:00,-5,686319600,26.3,4.09,50.1,48.9,59.7,18.1,19.0
2021-09-30 12:30:00,-5,686320200,29.8,4.09,50.2,48.9,59.6,18.1,19.0
2021-09-30 12:40:00,-5,686320800,27.8,4.09,50.1,48.9,59.7,18.1,19.0
2021-09-30 12:50:00,-5,686321400,27.3,4.09,50.2,48.9,59.7,18.2,19.1
2021-09-30 13:00:00,-5,686322000,27.3,4.09,50.2,49.0,59.6,18.3,19.0
2021-09-30 13:10:00,-5,686322600,26.5,4.09,50.2,49.0,59.7,18.3,19.0
2021-09-30 13:20:00,-5,686323200,25.8,4.09,50.3,48.9,59.5,18.5,19.0
2021-09-30 13:30:00,-5,686323800,23.8,4.09,50.2,49.0,59.6,18.4,19.1
2021-09-30 13:40:00,-5,686324400,22.5,4.09,50.2,49.0,59.6,18.5,19.0
2021-09-30 13:50:00,-5,686325000,22.3,4.09,50.3,49.0,59.5,18.6,19.0
2021-09-30 14:00:00,-5,686325600,31.3,4.09,50.2,49.0,59.6,18.7,19.0
2021-09-30 14:10:00,-5,686326200,32.8,4.09,50.3,49.1,59.6,18.6,19.0
2021-09-30 14:20:00,-5,686326800,26.8,4.09,50.3,49.0,59.5,18.8,19.0
2021-09-30 14:30:00,-5,686327400,25.5,4.09,50.3,49.1,59.6,18.8,19.0
2021-09-30 14:40:00,-5,686328000,29.0,4.09,50.3,49.1,59.6,18.7,19.0
2021-09-30 14:50:00,-5,686328600,32.8,4.09,50.3,49.1,59.6,18.8,19.0
2021-09-30 15:00:00,-5,686329200,33.5,4.09,50.3,49.1,59.6,18.8,19.0
2021-09-30 15:10:00,-5,686329800,27.0,4.09,50.3,49.1,59.5,18.8,19.0
2021-09-30 15:20:00,-5,686330400,23.3,4.09,50.3,49.1,59.6,18.8,19.0
2021-09-30 15:30:00,-5,686331000,21.8,4.09,50.3,49.1,59.6,18.7,19.0
2021-09-30 15:40:00,-5,686331600,21.5,4.09,50.2,49.2,59.6,18.8,19.0
2021-09-30 15:50:00,-5,686332200,20.3,4.09,50.2,49.2,59.6,18.8,19.0
2021-09-30 16:00:00,-5,686332800,19.3,4.09,50.3,49.1,59.5,19.0,19.1
2021-09-30 16:10:00,-5,686333400,19.0,4.09,50.2,49.2,59.6,19.0,19.0
2021-09-30 16:20:00,-5,686334000,18.8,4.09,50.2,49.2,59.6,18.8,19.0
2021-09-30 16:30:00,-5,686334600,18.8,4.09,50.3,49.2,59.5,19.1,18.8
2021-09-30 16:40:00,-5,686335200,18.3,4.09,50.2,49.2,59.6,18.7,19.0
2021-09-30 16:50:00,-5,686335800,18.0,4.09,50.1,49.2,59.6,19.0,19.0
2021-09-30 17:00:00,-5,686336400,17.0,4.08,50.1,49.2,59.6,19.0,19.1
2021-09-30 17:10:00,-5,686337000,16.0,4.08,50.2,49.2,59.5,19.0,19.0
2021-09-30 17:20:00,-5,686337600,15.3,4.08,50.1,49.2,59.5,19.0,19.0
2021-09-30 17:30:00,-5,686338200,14.3,4.08,50.1,49.3,59.6,19.1,19.1
2021-09-30 17:40:00,-5,686338800,13.3,4.08,50.1,49.2,59.5,19.0,19.0
2021-09-30 17:50:00,-5,686339400,12.3,4.08,50.0,49.3,59.6,18.8,19.0
2021-09-30 18:00:00,-5,686340000,12.0,4.08,50.0,49.3,59.6,19.1,19.1
2021-09-30 18:10:00,-5,686340600,11.8,4.08,50.0,49.3,59.6,18.8,19.0
2021-09-30 18:20:00,-5,686341200,11.5,4.08,50.0,49.3,59.6,19.0,19.1
2021-09-30 18:30:00,-5,686341800,11.8,4.08,50.0,49.3,59.6,19.0,19.0
2021-09-30 18:40:00,-5,686342400,11.8,4.08,49.9,49.3,59.6,19.1,19.0
2021-09-30 18:50:00,-5,686343000,11.8,4.05,49.9,49.3,59.6,19.0,19.0
2021-09-30 19:00:00,-5,686343600,11.8,4.08,49.9,49.3,59.6,18.8,19.1
2021-09-30 19:10:00,-5,686344200,11.5,4.08,49.8,49.3,59.6,19.0,19.1
2021-09-30 19:20:00,-5,686344800,11.0,4.08,49.8,49.3,59.6,18.8,19.1
2021-09-30 19:30:00,-5,686345400,11.0,4.08,49.8,49.3,59.6,19.0,19.1
2021-09-30 19:40:00,-5,686346000,10.3,4.08,49.7,49.3,59.6,19.0,19.1
2021-09-30 19:50:00,-5,686346600,9.8,4.08,49.7,49.3,59.6,19.0,19.1
2021-09-30 20:00:00,-5,686347200,9.5,4.08,49.7,49.3,59.6,18.8,19.1
2021-09-30 20:10:00,-5,686347800,9.3,4.08,49.6,49.3,59.6,19.0,19.1
2021-09-30 20:20:00,-5,686348400,9.3,4.08,49.6,49.3,59.6,19.0,19.1
2021-09-30 20:30:00,-5,686349000,9.0,4.08,49.6,49.3,59.6,19.0,19.1
2021-09-30 20:40:00,-5,686349600,8.8,4.08,49.5,49.3,59.6,18.8,19.1
2021-09-30 20:50:00,-5,686350200,8.5,4.08,49.5,49.2,59.6,18.8,19.1
2021-09-30 21:00:00,-5,686350800,8.3,4.08,49.5,49.2,59.5,18.7,19.1
2021-09-30 21:10:00,-5,686351400,8.3,4.08,49.4,49.2,59.6,19.1,19.1
2021-09-30 21:20:00,-5,686352000,8.3,4.08,49.4,49.2,59.6,18.7,19.1
2021-09-30 21:30:00,-5,686352600,7.8,4.08,49.3,49.2,59.6,18.6,19.2
2021-09-30 21:40:00,-5,686353200,8.0,4.08,49.3,49.2,59.6,18.6,19.1
2021-09-30 21:50:00,-5,686353800,8.0,4.08,49.2,49.2,59.6,18.7,19.1
2021-09-30 22:00:00,-5,686354400,7.3,4.08,49.2,49.2,59.6,18.7,19.1
2021-09-30 22:10:00,-5,686355000,7.3,4.08,49.2,49.2,59.6,18.5,19.1
2021-09-30 22:20:00,-5,686355600,7.3,4.08,49.1,49.2,59.6,18.7,19.1
2021-09-30 22:30:00,-5,686356200,7.0,4.08,49.1,49.1,59.6,18.5,19.1
2021-09-30 22:40:00,-5,686356800,7.3,4.08,49.1,49.1,59.6,18.5,19.1
2021-09-30 22:50:00,-5,686357400,7.3,4.08,49.1,49.1,59.6,18.5,19.1
2021-09-30 23:00:00,-5,686358000,7.3,4.08,49.0,49.1,59.6,18.5,19.2
2021-09-30 23:10:00,-5,686358600,7.0,4.08,48.9,49.1,59.6,18.4,19.1
2021-09-30 23:20:00,-5,686359200,6.8,4.08,48.9,49.1,59.6,18.5,19.1
2021-09-30 23:30:00,-5,686359800,7.3,4.08,48.9,49.1,59.6,18.4,19.1
2021-09-30 23:40:00,-5,686360400,6.8,4.08,48.8,49.1,59.6,18.4,19.0
2021-09-30 23:50:00,-5,686361000,6.8,4.08,48.8,49.1,59.6,18.3,19.2
2021-10-01 00:00:00,-5,686361600,6.8,4.08,48.8,49.0,59.6,18.2,19.1
2021-10-01 00:10:00,-5,686362200,6.3,4.08,48.7,49.0,59.6,18.1,19.1
2021-10-01 00:20:00,-5,686362800,5.8,4.08,48.8,49.0,59.5,18.1,19.2
2021-10-01 00:30:00,-5,686363400,6.0,4.08,48.7,49.0,59.6,18.1,19.1
2021-10-01 00:40:00,-5,686364000,6.3,4.08,48.6,49.0,59.6,18.0,19.1
2021-10-01 00:50:00,-5,686364600,5.8,4.08,48.6,49.0,59.6,18.1,19.0
2021-10-01 01:00:00,-5,686365200,5.5,4.08,48.5,48.9,59.6,18.0,19.1
2021-10-01 01:10:00,-5,686365800,5.8,4.08,48.5,48.9,59.6,18.0,19.1
2021-10-01 01:20:00,-5,686366400,6.0,4.08,48.5,48.9,59.6,18.0,19.0
2021-10-01 01:30:00,-5,686367000,5.5,4.06,48.4,48.9,59.6,18.1,19.1
2021-10-01 01:40:00,-5,686367600,5.3,4.08,48.4,48.9,59.6,17.8,19.0
2021-10-01 01:50:00,-5,686368200,5.8,4.06,48.4,48.9,59.6,17.8,19.0
2021-10-01 02:00:00,-5,686368800,5.8,4.08,48.3,48.8,59.6,17.7,19.1
2021-10-01 02:10:00,-5,686369400,6.0,4.06,48.3,48.8,59.6,17.7,19.1
2021-10-01 02:20:00,-5,686370000,5.3,4.08,48.3,48.8,59.6,17.7,19.0
2021-10-01 02:30:00,-5,686370600,5.3,4.06,48.3,48.8,59.6,17.7,19.0
2021-10-01 02:40:00,-5,686371200,5.0,4.06,48.2,48.8,59.6,17.7,19.0
2021-10-01 02:50:00,-5,686371800,4.8,4.06,48.2,48.8,59.6,17.6,19.0
2021-10-01 03:00:00,-5,686372400,4.5,4.06,48.2,48.7,59.6,17.6,19.1
2021-10-01 03:10:00,-5,686373000,4.8,4.06,48.1,48.7,59.6,17.6,19.0
2021-10-01 03:20:00,-5,686373600,4.5,4.06,48.1,48.7,59.6,17.5,18.7
2021-10-01 03:30:00,-5,686374200,4.5,4.06,48.1,48.7,59.6,17.5,19.0
2021-10-01 03:40:00,-5,686374800,4.3,4.06,48.0,48.7,59.6,17.5,19.0
2021-10-01 03:50:00,-5,686375400,4.0,4.06,48.0,48.6,59.6,17.3,19.0
2021-10-01 04:00:00,-5,686376000,4.3,4.06,48.0,48.6,59.6,17.2,19.0
2021-10-01 04:10:00,-5,686376600,4.3,4.06,47.9,48.6,59.6,17.3,19.0
2021-10-01 04:20:00,-5,686377200,4.3,4.06,47.9,48.6,59.6,17.2,19.0
2021-10-01 04:30:00,-5,686377800,4.3,4.06,47.9,48.6,59.6,17.2,18.7
2021-10-01 04:40:00,-5,686378400,4.0,4.06,47.8,48.5,59.6,17.2,19.0
2021-10-01 04:50:00,-5,686379000,4.5,4.06,47.8,48.5,59.6,17.2,19.0
2021-10-01 05:00:00,-5,686379600,4.0,4.06,47.8,48.5,59.6,17.1,19.1
2021-10-01 05:10:00,-5,686380200,4.0,4.06,47.8,48.5,59.6,17.1,19.0
2021-10-01 05:20:00,-5,686380800,3.8,4.06,47.7,48.5,59.6,17.0,19.0
2021-10-01 05:30:00,-5,686381400,4.0,4.06,47.7,48.4,59.6,17.0,18.7
2021-10-01 05:40:00,-5,686382000,3.8,4.06,47.7,48.4,59.6,16.7,19.0
2021-10-01 05:50:00,-5,686382600,3.8,4.06,47.6,48.4,59.6,16.8,19.0
2021-10-01 06:00:00,-5,686383200,3.5,4.06,47.6,48.4,59.6,16.8,18.7
2021-10-01 06:10:00,-5,686383800,4.0,4.06,47.6,48.4,59.6,16.8,18.8
2021-10-01 06:20:00,-5,686384400,4.0,4.06,47.5,48.3,59.6,16.7,18.7
2021-10-01 06:30:00,-5,686385000,4.3,4.06,47.5,48.3,59.6,16.7,18.7
2021-10-01 06:40:00,-5,686385600,4.8,4.06,47.5,48.3,59.5,16.7,18.8
2021-10-01 06:50:00,-5,686386200,8.0,4.06,47.5,48.3,59.5,16.6,18.8
2021-10-01 07:00:00,-5,686386800,9.5,4.06,47.5,48.3,59.5,16.6,18.8
2021-10-01 07:10:00,-5,686387400,11.3,4.06,47.4,48.3,59.6,16.5,18.7
2021-10-01 07:20:00,-5,686388000,12.5,4.06,47.4,48.2,59.5,16.5,18.8
2021-10-01 07:30:00,-5,686388600,13.8,4.06,47.4,48.2,59.5,16.6,18.8
2021-10-01 07:40:00,-5,686389200,14.8,4.08,47.4,48.2,59.5,16.6,18.7
2021-10-01 07:50:00,-5,686389800,15.8,4.08,47.4,48.2,59.6,16.5,18.7
2021-10-01 08:00:00,-5,686390400,16.8,4.08,47.4,48.1,59.5,16.4,18.7
2021-10-01 08:10:00,-5,686391000,18.0,4.08,47.4,48.1,59.5,16.3,18.7
2021-10-01 08:20:00,-5,686391600,18.5,4.08,47.4,48.1,59.5,16.3,18.8
2021-10-01 08:30:00,-5,686392200,19.8,4.08,47.4,48.1,59.5,16.2,18.8
2021-10-01 08:40:00,-5,686392800,20.5,4.08,47.4,48.0,59.5,16.3,18.6
2021-10-01 08:50:00,-5,686393400,21.8,4.08,47.4,48.0,59.5,16.2,18.7
2021-10-01 09:00:00,-5,686394000,23.3,4.08,47.4,48.0,59.5,16.2,18.6
2021-10-01 09:10:00,-5,686394600,24.0,4.08,47.4,48.0,59.5,16.2,18.7
2021-10-01 09:20:00,-5,686395200,24.5,4.08,47.5,48.0,59.5,16.2,18.6
2021-10-01 09:30:00,-5,686395800,26.0,4.08,47.5,48.0,59.5,16.2,18.6
2021-10-01 09:40:00,-5,686396400,27.5,4.09,47.6,47.9,59.5,16.2,18.6
2021-10-01 09:50:00,-5,686397000,28.5,4.09,47.6,47.9,59.5,16.3,18.5
2021-10-01 10:00:00,-5,686397600,29.0,4.09,47.7,47.9,59.5,16.2,18.6
2021-10-01 10:10:00,-5,686398200,28.3,4.09,47.7,47.9,59.5,16.3,18.5
2021-10-01 10:20:00,-5,686398800,30.0,4.09,47.8,47.9,59.5,16.1,18.6
2021-10-01 10:30:00,-5,686399400,31.5,4.09,47.9,47.9,59.5,16.3,18.4
2021-10-01 10:40:00,-5,686400000,33.0,4.09,48.1,47.8,59.4,16.3,18.4
2021-10-01 10:50:00,-5,686400600,34.5,4.09,48.1,47.9,59.5,16.3,18.4
2021-10-01 11:00:00,-5,686401200,35.0,4.09,48.2,47.9,59.5,16.2,18.4
2021-10-01 11:10:00,-5,686401800,36.0,4.09,48.2,47.9,59.5,16.3,18.5
2021-10-01 11:20:00,-5,686402400,36.5,4.09,48.4,47.9,59.5,16.3,18.3
2021-10-01 11:30:00,-5,686403000,36.3,4.09,48.4,47.9,59.5,16.3,18.4
2021-10-01 11:40:00,-5,686403600,37.5,4.09,48.5,47.9,59.5,16.3,18.4
2021-10-01 11:50:00,-5,686404200,37.5,4.09,48.6,47.9,59.5,16.3,18.3
2021-10-01 12:00:00,-5,686404800,38.3,4.09,48.7,47.9,59.5,16.3,18.4
2021-10-01 12:10:00,-5,686405400,39.0,4.09,48.8,47.9,59.5,16.6,18.3
2021-10-01 12:20:00,-5,686406000,38.8,4.09,48.9,47.9,59.5,16.5,18.3
2021-10-01 12:30:00,-5,686406600,39.0,4.09,49.0,47.9,59.5,16.6,18.3
2021-10-01 12:40:00,-5,686407200,39.3,4.09,49.1,47.9,59.5,16.6,18.3
2021-10-01 12:50:00,-5,686407800,39.5,4.09,49.2,47.9,59.5,16.8,18.3
2021-10-01 13:00:00,-5,686408400,40.0,4.09,49.2,48.0,59.5,16.8,18.3
2021-10-01 13:10:00,-5,686409000,40.5,4.09,49.3,48.0,59.5,17.1,18.3
2021-10-01 13:20:00,-5,686409600,40.3,4.09,49.4,48.0,59.5,17.1,18.3
2021-10-01 13:30:00,-5,686410200,40.5,4.09,49.5,48.0,59.5,17.2,18.3
2021-10-01 13:40:00,-5,686410800,40.8,4.09,49.5,48.0,59.5,17.1,18.2
2021-10-01 13:50:00,-5,686411400,41.0,4.09,49.6,48.1,59.4,17.2,18.1
2021-10-01 14:00:00,-5,686412000,40.8,4.09,49.6,48.1,59.5,17.3,18.3
2021-10-01 14:10:00,-5,686412600,39.8,4.09,49.7,48.1,59.4,17.4,18.2
2021-10-01 14:20:00,-5,686413200,39.8,4.09,49.7,48.1,59.4,17.3,18.3
2021-10-01 14:30:00,-5,686413800,40.3,4.09,49.7,48.2,59.4,17.5,18.2
2021-10-01 14:40:00,-5,686414400,38.5,4.09,49.7,48.2,59.4,17.6,18.1
2021-10-01 14:50:00,-5,686415000,38.0,4.09,49.8,48.2,59.4,17.6,18.3
2021-10-01 15:00:00,-5,686415600,38.8,4.09,49.8,48.2,59.4,17.6,18.2
2021-10-01 15:10:00,-5,686416200,37.8,4.09,49.8,48.3,59.4,17.8,18.2
2021-10-01 15:20:00,-5,686416800,37.0,4.09,49.8,48.3,59.4,17.8,18.3
2021-10-01 15:30:00,-5,686417400,36.5,4.09,49.8,48.3,59.4,18.0,18.2
2021-10-01 15:40:00,-5,686418000,35.3,4.09,49.8,48.3,59.4,18.0,18.1
2021-10-01 15:50:00,-5,686418600,29.8,4.09,49.7,48.3,59.4,18.0,18.2
2021-10-01 16:00:00,-5,686419200,23.0,4.08,49.7,48.4,59.4,18.1,18.3
2021-10-01 16:10:00,-5,686419800,19.5,4.08,49.7,48.4,59.4,18.1,18.3
2021-10-01 16:20:00,-5,686420400,18.0,4.08,49.7,48.4,59.4,18.1,18.1
2021-10-01 16:30:00,-5,686421000,16.3,4.08,49.7,48.4,59.4,18.2,18.2
2021-10-01 16:40:00,-5,686421600,15.5,4.08,49.6,48.4,59.4,18.2,18.3
2021-10-01 16:50:00,-5,686422200,15.3,4.08,49.6,48.5,59.4,18.2,18.3
2021-10-01 17:00:00,-5,686422800,14.8,4.08,49.5,48.5,59.4,18.4,18.3
2021-10-01 17:10:00,-5,686423400,13.8,4.08,49.5,48.5,59.4,18.3,18.3
2021-10-01 17:20:00,-5,686424000,12.8,4.08,49.5,48.5,59.4,18.3,18.3
2021-10-01 17:30:00,-5,686424600,11.8,4.08,49.4,48.5,59.4,18.2,18.3
2021-10-01 17:40:00,-5,686425200,11.3,4.08,49.4,48.5,59.4,18.3,18.3
2021-10-01 17:50:00,-5,686425800,10.5,4.08,49.3,48.6,59.4,18.3,18.3
2021-10-01 18:00:00,-5,686426400,10.3,4.08,49.3,48.6,59.4,18.2,18.4
2021-10-01 18:10:00,-5,686427000,10.3,4.08,49.2,48.6,59.4,18.3,18.3
2021-10-01 18:20:00,-5,686427600,10.0,4.08,49.2,48.6,59.4,18.4,18.3
2021-10-01 18:30:00,-5,686428200,9.8,4.08,49.1,48.6,59.4,18.3,18.3
2021-10-01 18:40:00,-5,686428800,9.8,4.08,49.1,48.6,59.4,18.3,18.4
2021-10-01 18:50:00,-5,686429400,9.3,4.08,49.0,48.6,59.4,18.3,18.4
2021-10-01 19:00:00,-5,686430000,9.0,4.08,49.0,48.6,59.4,18.3,18.5
2021-10-01 19:10:00,-5,686430600,8.8,4.08,48.9,48.6,59.4,18.3,18.4
2021-10-01 19:20:00,-5,686431200,8.5,4.08,48.9,48.6,59.4,18.2,18.3
2021-10-01 19:30:00,-5,686431800,8.8,4.08,48.8,48.6,59.4,18.2,18.5
2021-10-01 19:40:00,-5,686432400,8.5,4.08,48.8,48.6,59.4,18.2,18.4
2021-10-01 19:50:00,-5,686433000,8.5,4.08,48.7,48.6,59.4,18.2,18.5
2021-10-01 20:00:00,-5,686433600,8.0,4.08,48.7,48.6,59.4,18.2,18.4
2021-10-01 20:10:00,-5,686434200,8.3,4.08,48.6,48.6,59.4,18.1,18.4
2021-10-01 20:20:00,-5,686434800,8.0,4.08,48.6,48.6,59.4,18.2,18.4
2021-10-01 20:30:00,-5,686435400,8.0,4.08,48.5,48.6,59.4,18.1,18.4
2021-10-01 20:40:00,-5,686436000,7.8,4.08,48.5,48.6,59.4,18.2,18.3
2021-10-01 20:50:00,-5,686436600,7.5,4.08,48.4,48.6,59.4,18.1,18.5
2021-10-01 21:00:00,-5,686437200,7.3,4.08,48.4,48.5,59.3,18.0,18.5
2021-10-01 21:10:00,-5,686437800,7.5,4.08,48.4,48.5,59.4,18.1,18.4
2021-10-01 21:20:00,-5,686438400,7.5,4.08,48.3,48.5,59.4,18.0,18.4
2021-10-01 21:30:00,-5,686439000,7.0,4.08,48.3,48.5,59.4,17.7,18.4
2021-10-01 21:40:00,-5,686439600,7.0,4.08,48.2,48.5,59.4,17.6,18.4
2021-10-01 21:50:00,-5,686440200,7.0,4.08,48.2,48.5,59.4,17.8,18.6
2021-10-01 22:00:00,-5,686440800,6.8,4.08,48.1,48.5,59.4,17.7,18.4
2021-10-01 22:10:00,-5,686441400,6.3,4.08,48.1,48.5,59.4,17.7,18.5
2021-10-01 22:20:00,-5,686442000,6.3,4.08,48.1,48.5,59.4,17.8,18.5
2021-10-01 22:30:00,-5,686442600,6.5,4.08,48.1,48.4,59.3,17.8,18.5
2021-10-01 22:40:00,-5,686443200,6.3,4.08,48.0,48.4,59.4,17.7,18.5
2021-10-01 22:50:00,-5,686443800,6.0,4.08,47.9,48.4,59.4,17.7,18.6
2021-10-01 23:00:00,-5,686444400,6.3,4.08,47.9,48.4,59.4,17.6,18.6
2021-10-01 23:10:00,-5,686445000,6.3,4.08,47.9,48.4,59.4,17.5,18.5
2021-10-01 23:20:00,-5,686445600,6.0,4.08,47.8,48.4,59.4,17.7,18.5
2021-10-01 23:30:00,-5,686446200,6.0,4.06,47.8,48.4,59.4,17.6,18.5
2021-10-01 23:40:00,-5,686446800,5.8,4.06,47.8,48.4,59.4,17.3,18.4
2021-10-01 23:50:00,-5,686447400,5.8,4.06,47.7,48.3,59.4,17.5,18.5
2021-10-02 00:00:00,-5,686448000,5.5,4.06,47.7,48.3,59.4,17.4,18.6
2021-10-02 00:10:00,-5,686448600,5.5,4.06,47.7,48.3,59.4,17.2,18.4
2021-10-02 00:20:00,-5,686449200,5.5,4.06,47.6,48.3,59.4,17.2,18.5
2021-10-02 00:30:00,-5,686449800,5.8,4.06,47.6,48.3,59.4,17.3,18.4
2021-10-02 00:40:00,-5,686450400,5.8,4.06,47.6,48.3,59.4,17.2,18.5
2021-10-02 00:50:00,-5,686451000,5.8,4.06,47.5,48.2,59.4,17.2,18.5
2021-10-02 01:00:00,-5,686451600,5.5,4.06,47.5,48.2,59.4,17.2,18.4
2021-10-02 01:10:00,-5,686452200,5.8,4.06,47.5,48.2,59.4,17.2,18.3
2021-10-02 01:20:00,-5,686452800,5.5,4.06,47.4,48.2,59.4,17.1,18.5
2021-10-02 01:30:00,-5,686453400,5.3,4.06,47.4,48.2,59.4,17.1,18.3
2021-10-02 01:40:00,-5,686454000,5.3,4.06,47.4,48.1,59.4,17.1,18.4
2021-10-02 01:50:00,-5,686454600,5.3,4.06,47.3,48.1,59.4,16.7,18.5
2021-10-02 02:00:00,-5,686455200,5.0,4.06,47.3,48.1,59.4,17.0,18.4
2021-10-02 02:10:00,-5,686455800,5.0,4.06,47.3,48.1,59.4,17.1,18.6
2021-10-02 02:20:00,-5,686456400,5.0,4.06,47.2,48.1,59.4,16.8,18.4
2021-10-02 02:30:00,-5,686457000,4.8,4.06,47.2,48.1,59.4,16.8,18.4
2021-10-02 02:40:00,-5,686457600,5.0,4.06,47.2,48.0,59.4,16.7,18.3
2021-10-02 02:50:00,-5,686458200,4.8,4.06,47.2,48.0,59.4,16.7,18.3
2021-10-02 03:00:00,-5,686458800,4.8,4.06,47.1,48.0,59.4,16.7,18.4
2021-10-02 03:10:00,-5,686459400,4.5,4.06,47.1,48.0,59.4,16.6,18.5
2021-10-02 03:20:00,-5,686460000,4.5,4.06,47.1,48.0,59.4,16.6,18.3
2021-10-02 03:30:00,-5,686460600,4.8,4.06,47.1,47.9,59.4,16.6,18.4
2021-10-02 03:40:00,-5,686461200,4.8,4.06,47.0,47.9,59.4,16.6,18.3
2021-10-02 03:50:00,-5,686461800,4.8,4.06,47.0,47.9,59.3,16.5,18.3
2021-10-02 04:00:00,-5,686462400,4.5,4.06,47.0,47.9,59.4,16.5,18.3
2021-10-02 04:10:00,-5,686463000,4.5,4.06,47.0,47.9,59.3,16.3,18.3
2021-10-02 04:20:00,-5,686463600,4.5,4.06,46.9,47.9,59.3,16.4,18.3
2021-10-02 04:30:00,-5,686464200,4.5,4.06,46.9,47.8,59.3,16.3,18.4
2021-10-02 04:40:00,-5,686464800,4.8,4.06,46.9,47.8,59.3,16.3,18.3
2021-10-02 04:50:00,-5,686465400,4.5,4.06,46.9,47.8,59.3,16.3,18.2
2021-10-02 05:00:00,-5,686466000,4.3,4.06,46.8,47.8,59.3,16.3,18.3
2021-10-02 05:10:00,-5,686466600,4.3,4.06,46.8,47.8,59.3,16.3,18.3
2021-10-02 05:20:00,-5,686467200,4.3,4.06,46.8,47.7,59.3,16.2,18.3
2021-10-02 05:30:00,-5,686467800,4.0,4.06,46.8,47.7,59.3,16.2,18.3
2021-10-02 05:40:00,-5,686468400,4.0,4.06,46.7,47.7,59.3,16.2,18.2
2021-10-02 05:50:00,-5,686469000,3.8,4.06,46.7,47.7,59.3,16.3,18.3
2021-10-02 06:00:00,-5,686469600,3.8,4.06,46.7,47.7,59.3,16.2,18.2
2021-10-02 06:10:00,-5,686470200,4.0,4.06,46.7,47.7,59.3,16.1,18.3
2021-10-02 06:20:00,-5,686470800,4.0,4.06,46.7,47.6,59.3,16.1,18.1
2021-10-02 06:30:00,-5,686471400,4.5,4.06,46.6,47.6,59.3,16.1,18.1
2021-10-02 06:40:00,-5,686472000,5.3,4.06,46.6,47.6,59.3,16.1,18.2
2021-10-02 06:50:00,-5,686472600,7.8,4.06,46.6,47.6,59.3,16.1,18.1
2021-10-02 07:00:00,-5,686473200,9.5,4.06,46.6,47.6,59.3,16.1,18.1
2021-10-02 07:10:00,-5,686473800,11.0,4.06,46.6,47.5,59.3,16.1,18.1
2021-10-02 07:20:00,-5,686474400,12.5,4.06,46.5,47.5,59.3,16.0,18.1
2021-10-02 07:30:00,-5,686475000,13.8,4.06,46.5,47.5,59.3,16.0,18.1
2021-10-02 07:40:00,-5,686475600,14.5,4.06,46.5,47.5,59.3,16.1,18.0
2021-10-02 07:50:00,-5,686476200,16.3,4.06,46.5,47.5,59.3,15.7,18.1
2021-10-02 08:00:00,-5,686476800,18.3,4.06,46.5,47.5,59.3,15.8,18.0
2021-10-02 08:10:00,-5,686477400,19.3,4.08,46.5,47.4,59.3,15.8,18.1
2021-10-02 08:20:00,-5,686478000,20.0,4.08,46.5,47.4,59.3,15.7,18.0
2021-10-02 08:30:00,-5,686478600,21.5,4.08,46.5,47.4,59.3,15.7,18.0
2021-10-02 08:40:00,-5,686479200,22.3,4.08,46.5,47.4,59.3,15.7,17.8
2021-10-02 08:50:00,-5,686479800,23.8,4.08,46.6,47.4,59.3,15.5,17.8
2021-10-02 09:00:00,-5,686480400,25.3,4.08,46.6,47.4,59.3,15.6,18.0
2021-10-02 09:10:00,-5,686481000,26.3,4.08,46.6,47.4,59.3,15.5,18.0
2021-10-02 09:20:00,-5,686481600,27.5,4.08,46.6,47.3,59.3,15.6,17.8
2021-10-02 09:30:00,-5,686482200,29.0,4.08,46.7,47.3,59.3,15.5,17.8
2021-10-02 09:40:00,-5,686482800,30.3,4.09,46.8,47.3,59.3,15.5,18.0
2021-10-02 09:50:00,-5,686483400,30.8,4.09,46.8,47.3,59.3,15.7,17.7
2021-10-02 10:00:00,-5,686484000,31.3,4.09,46.9,47.3,59.3,15.6,18.0
2021-10-02 10:10:00,-5,686484600,32.8,4.09,46.9,47.3,59.3,15.5,17.8
2021-10-02 10:20:00,-5,686485200,33.5,4.09,47.0,47.3,59.3,15.7,17.8
2021-10-02 10:30:00,-5,686485800,34.3,4.09,47.1,47.3,59.3,15.6,17.7
2021-10-02 10:40:00,-5,686486400,35.5,4.09,47.2,47.3,59.3,15.6,18.0
2021-10-02 10:50:00,-5,686487000,36.5,4.09,47.3,47.3,59.3,15.5,18.1
2021-10-02 11:00:00,-5,686487600,37.0,4.09,47.4,47.3,59.3,15.6,17.7
2021-10-02 11:10:00,-5,686488200,37.0,4.09,47.5,47.3,59.3,15.7,18.0
2021-10-02 11:20:00,-5,686488800,37.5,4.09,47.6,47.3,59.3,15.7,17.7
2021-10-02 11:30:00,-5,686489400,38.0,4.09,47.7,47.3,59.3,15.8,17.7
2021-10-02 11:40:00,-5,686490000,37.3,4.09,47.8,47.3,59.3,16.0,17.8
2021-10-02 11:50:00,-5,686490600,36.8,4.09,47.9,47.3,59.2,16.1,17.8
2021-10-02 12:00:00,-5,686491200,39.3,4.09,48.0,47.3,59.3,16.0,17.8
2021-10-02 12:10:00,-5,686491800,40.3,4.09,48.1,47.3,59.2,16.2,17.6
2021-10-02 12:20:00,-5,686492400,41.5,4.09,48.2,47.3,59.3,16.2,17.8
2021-10-02 12:30:00,-5,686493000,42.5,4.09,48.2,47.3,59.2,16.3,17.7
2021-10-02 12:40:00,-5,686493600,42.5,4.09,48.3,47.4,59.2,16.3,17.6
2021-10-02 12:50:00,-5,686494200,43.8,4.09,48.4,47.4,59.2,16.3,17.6
2021-10-02 13:00:00,-5,686494800,45.0,4.09,48.5,47.4,59.2,16.5,17.7
2021-10-02 13:10:00,-5,686495400,44.8,4.09,48.6,47.4,59.2,16.3,17.7
2021-10-02 13:20:00,-5,686496000,46.0,4.09,48.7,47.4,59.2,16.5,17.5
2021-10-02 13:30:00,-5,686496600,43.8,4.09,48.8,47.5,59.2,16.6,17.5
2021-10-02 13:40:00,-5,686497200,42.3,4.09,48.8,47.5,59.2,16.7,17.7
2021-10-02 13:50:00,-5,686497800,44.0,4.09,48.9,47.5,59.2,16.8,17.6
2021-10-02 14:00:00,-5,686498400,43.8,4.09,49.1,47.5,59.1,16.7,17.6
2021-10-02 14:10:00,-5,686499000,42.8,4.09,49.1,47.5,59.1,17.0,17.5
2021-10-02 14:20:00,-5,686499600,41.0,4.09,49.1,47.6,59.2,17.1,17.6
2021-10-02 14:30:00,-5,686500200,40.0,4.09,49.1,47.6,59.2,17.2,17.6
2021-10-02 14:40:00,-5,686500800,37.3,4.09,49.2,47.7,59.2,17.3,17.6
2021-10-02 14:50:00,-5,686501400,36.8,4.09,49.2,47.7,59.2,17.3,17.6
2021-10-02 15:00:00,-5,686502000,39.0,4.09,49.2,47.7,59.2,17.3,17.7
2021-10-02 15:10:00,-5,686502600,39.8,4.09,49.2,47.8,59.2,17.6,17.8
2021-10-02 15:20:00,-5,686503200,40.0,4.09,49.2,47.8,59.2,17.5,17.5
2021-10-02 15:30:00,-5,686503800,40.0,4.09,49.3,47.8,59.2,17.7,17.7
2021-10-02 15:40:00,-5,686504400,37.5,4.09,49.3,47.9,59.2,17.7,17.6
2021-10-02 15:50:00,-5,686505000,32.5,4.09,49.3,47.9,59.2,17.8,17.6
2021-10-02 16:00:00,-5,686505600,26.8,4.08,49.3,47.9,59.2,18.1,17.7
2021-10-02 16:10:00,-5,686506200,24.0,4.08,49.2,47.9,59.2,17.7,17.8
2021-10-02 16:20:00,-5,686506800,22.0,4.08,49.2,48.0,59.2,17.8,17.6
2021-10-02 16:30:00,-5,686507400,20.5,4.08,49.2,48.0,59.2,18.0,17.8
2021-10-02 16:40:00,-5,686508000,19.8,4.08,49.2,48.0,59.2,18.1,17.7
2021-10-02 16:50:00,-5,686508600,19.3,4.08,49.2,48.0,59.2,18.1,17.6
2021-10-02 17:00:00,-5,686509200,18.8,4.08,49.1,48.1,59.2,18.2,17.7
2021-10-02 17:10:00,-5,686509800,18.5,4.08,49.2,48.0,59.1,18.2,17.7
2021-10-02 17:20:00,-5,686510400,18.3,4.08,49.1,48.2,59.2,18.1,17.8
2021-10-02 17:30:00,-5,686511000,17.5,4.08,49.1,48.2,59.2,18.2,18.1
2021-10-02 17:40:00,-5,686511600,16.8,4.08,49.0,48.2,59.2,18.2,17.7
2021-10-02 17:50:00,-5,686512200,16.5,4.08,49.1,48.1,59.1,18.2,18.0
2021-10-02 18:00:00,-5,686512800,16.0,4.08,48.9,48.2,59.2,18.2,17.7
2021-10-02 18:10:00,-5,686513400,16.0,4.08,48.9,48.2,59.2,18.3,17.6
2021-10-02 18:20:00,-5,686514000,15.8,4.08,48.9,48.2,59.2,18.3,18.0
2021-10-02 18:30:00,-5,686514600,15.5,4.08,48.8,48.2,59.2,18.4,17.9
2021-10-02 18:40:00,-5,686515200,15.0,4.08,48.8,48.2,59.2,18.2,17.7
2021-10-02 18:50:00,-5,686515800,15.0,4.08,48.8,48.3,59.2,18.5,18.0
2021-10-02 19:00:00,-5,686516400,15.0,4.08,48.7,48.3,59.2,18.2,18.0
2021-10-02 19:10:00,-5,686517000,14.8,4.08,48.7,48.3,59.2,18.3,18.0
2021-10-02 19:20:00,-5,686517600,14.5,4.08,48.6,48.3,59.2,18.3,17.8
2021-10-02 19:30:00,-5,686518200,14.3,4.08,48.6,48.3,59.2,18.5,18.0
2021-10-02 19:40:00,-5,686518800,13.8,4.08,48.5,48.3,59.2,18.3,17.7
2021-10-02 19:50:00,-5,686519400,13.5,4.08,48.5,48.3,59.2,18.5,18.0
2021-10-02 20:00:00,-5,686520000,13.5,4.08,48.5,48.3,59.2,18.2,18.0
2021-10-02 20:10:00,-5,686520600,13.3,4.08,48.4,48.3,59.2,18.3,18.1
2021-10-02 20:20:00,-5,686521200,13.3,4.08,48.4,48.3,59.2,18.3,18.1
2021-10-02 20:30:00,-5,686521800,13.5,4.08,48.4,48.3,59.2,18.3,17.7
2021-10-02 20:40:00,-5,686522400,13.3,4.08,48.3,48.3,59.2,18.2,18.0
2021-10-02 20:50:00,-5,686523000,13.0,4.08,48.3,48.3,59.2,18.2,18.1
2021-10-02 21:00:00,-5,686523600,13.0,4.08,48.2,48.3,59.2,18.2,18.1
2021-10-02 21:10:00,-5,686524200,13.0,4.08,48.2,48.3,59.2,18.4,18.0
2021-10-02 21:20:00,-5,686524800,12.8,4.08,48.2,48.3,59.2,18.2,18.1
2021-10-02 21:30:00,-5,686525400,12.8,4.08,48.1,48.3,59.2,18.2,18.0
2021-10-02 21:40:00,-5,686526000,12.8,4.08,48.1,48.3,59.2,18.2,18.1
2021-10-02 21:50:00,-5,686526600,12.3,4.08,48.1,48.3,59.1,18.1,18.1
2021-10-02 22:00:00,-5,686527200,12.0,4.08,48.0,48.3,59.2,18.2,18.1
2021-10-02 22:10:00,-5,686527800,11.5,4.08,48.0,48.3,59.2,18.1,18.1
2021-10-02 22:20:00,-5,686528400,11.8,4.08,47.9,48.3,59.2,18.1,18.1
2021-10-02 22:30:00,-5,686529000,11.5,4.08,47.9,48.3,59.2,18.1,18.2
2021-10-02 22:40:00,-5,686529600,11.3,4.08,47.9,48.3,59.2,18.1,18.2
2021-10-02 22:50:00,-5,686530200,11.0,4.08,47.8,48.3,59.2,18.1,18.2
2021-10-02 23:00:00,-5,686530800,10.8,4.08,47.8,48.3,59.2,18.0,18.2
2021-10-02 23:10:00,-5,686531400,10.8,4.08,47.8,48.3,59.2,18.0,18.1
2021-10-02 23:20:00,-5,686532000,10.8,4.06,47.7,48.2,59.2,18.0,18.2
2021-10-02 23:30:00,-5,686532600,10.8,4.06,47.7,48.2,59.2,18.0,18.2
2021-10-02 23:40:00,-5,686533200,10.3,4.06,47.7,48.2,59.2,17.8,18.2
2021-10-02 23:50:00,-5,686533800,10.0,4.06,47.6,48.2,59.2,17.8,18.1
2021-10-03 00:00:00,-5,686534400,10.5,4.06,47.6,48.2,59.2,17.8,18.3
2021-10-03 00:10:00,-5,686535000,10.5,4.06,47.6,48.2,59.2,17.7,18.2
2021-10-03 00:20:00,-5,686535600,10.3,4.06,47.5,48.2,59.2,17.7,18.2
2021-10-03 00:30:00,-5,686536200,11.0,4.06,47.5,48.2,59.2,17.7,18.3
2021-10-03 00:40:00,-5,686536800,10.8,4.06,47.5,48.2,59.2,17.7,18.2
2021-10-03 00:50:00,-5,686537400,10.5,4.06,47.4,48.2,59.2,17.7,18.3
2021-10-03 01:00:00,-5,686538000,10.8,4.06,47.5,48.1,59.1,17.8,18.1
2021-10-03 01:10:00,-5,686538600,11.3,4.06,47.4,48.1,59.2,17.5,18.1
2021-10-03 01:20:00,-5,686539200,11.5,4.06,47.4,48.1,59.2,17.7,18.2
2021-10-03 01:30:00,-5,686539800,11.8,4.06,47.3,48.1,59.2,17.6,18.1
2021-10-03 01:40:00,-5,686540400,12.0,4.06,47.3,48.1,59.2,17.5,18.3
2021-10-03 01:50:00,-5,686541000,12.3,4.06,47.3,48.1,59.2,17.6,18.1
2021-10-03 02:00:00,-5,686541600,12.3,4.06,47.4,48.0,59.1,17.6,18.2
2021-10-03 02:10:00,-5,686542200,12.5,4.06,47.3,48.1,59.2,17.6,18.1
2021-10-03 02:20:00,-5,686542800,12.8,4.06,47.3,48.0,59.1,17.5,18.1
2021-10-03 02:30:00,-5,686543400,12.8,4.06,47.2,48.0,59.2,17.5,18.1
2021-10-03 02:40:00,-5,686544000,13.0,4.06,47.2,48.0,59.2,17.4,18.1
2021-10-03 02:50:00,-5,686544600,13.0,4.06,47.3,48.0,59.1,17.3,18.3
2021-10-03 03:00:00,-5,686545200,13.3,4.06,47.2,48.0,59.2,17.2,18.2
2021-10-03 03:10:00,-5,686545800,13.3,4.06,47.2,48.0,59.2,17.3,18.3
2021-10-03 03:20:00,-5,686546400,13.5,4.06,47.2,48.0,59.2,17.4,18.1
2021-10-03 03:30:00,-5,686547000,13.5,4.06,47.3,47.9,59.1,17.3,18.0
2021-10-03 03:40:00,-5,686547600,13.5,4.06,47.2,48.0,59.2,17.2,18.2
2021-10-03 03:50:00,-5,686548200,13.5,4.06,47.3,47.9,59.1,17.3,18.1
2021-10-03 04:00:00,-5,686548800,13.8,4.06,47.2,47.9,59.2,17.2,18.2
2021-10-03 04:10:00,-5,686549400,13.8,4.06,47.2,47.9,59.2,17.2,18.2
2021-10-03 04:20:00,-5,686550000,13.8,4.06,47.2,47.9,59.2,17.1,18.3
2021-10-03 04:30:00,-5,686550600,13.8,4.06,47.2,47.9,59.2,17.1,18.2
2021-10-03 04:40:00,-5,686551200,13.8,4.06,47.2,47.9,59.1,17.1,18.1
2021-10-03 04:50:00,-5,686551800,13.8,4.06,47.2,47.9,59.2,17.2,18.3
2021-10-03 05:00:00,-5,686552400,14.0,4.06,47.2,47.9,59.2,17.2,18.1
2021-10-03 05:10:00,-5,686553000,14.0,4.06,47.2,47.9,59.2,17.1,18.3
2021-10-03 05:20:00,-5,686553600,14.0,4.06,47.2,47.9,59.2,17.2,18.2
2021-10-03 05:30:00,-5,686554200,14.3,4.06,47.1,47.9,59.2,17.2,18.3
2021-10-03 05:40:00,-5,686554800,14.3,4.06,47.2,47.8,59.1,17.1,18.2
2021-10-03 05:50:00,-5,686555400,14.3,4.06,47.1,47.9,59.2,17.2,18.1
2021-10-03 06:00:00,-5,686556000,14.5,4.06,47.1,47.9,59.2,17.0,18.1
2021-10-03 06:10:00,-5,686556600,14.5,4.06,47.1,47.9,59.2,17.1,18.1
2021-10-03 06:20:00,-5,686557200,14.5,4.06,47.1,47.8,59.2,17.1,18.2
2021-10-03 06:30:00,-5,686557800,15.0,4.06,47.1,47.8,59.2,17.1,18.1
2021-10-03 06:40:00,-5,686558400,15.0,4.06,47.1,47.8,59.2,17.1,18.1
2021-10-03 06:50:00,-5,686559000,15.5,4.06,47.1,47.8,59.2,17.1,18.2
2021-10-03 07:00:00,-5,686559600,16.0,4.06,47.1,47.8,59.2,17.1,18.0
2021-10-03 07:10:00,-5,686560200,16.5,4.06,47.1,47.8,59.2,17.0,18.1
2021-10-03 07:20:00,-5,686560800,17.0,4.06,47.1,47.8,59.2,17.1,18.1
2021-10-03 07:30:00,-5,686561400,17.5,4.06,47.2,47.8,59.2,17.0,18.1
2021-10-03 07:40:00,-5,686562000,18.0,4.06,47.1,47.8,59.3,17.1,18.1
2021-10-03 07:50:00,-5,686562600,18.5,4.06,47.3,47.7,59.1,17.1,18.1
2021-10-03 08:00:00,-5,686563200,19.0,4.06,47.2,47.8,59.2,17.2,18.1
2021-10-03 08:10:00,-5,686563800,20.3,4.06,47.2,47.8,59.2,17.2,18.0
2021-10-03 08:20:00,-5,686564400,21.8,4.08,47.2,47.8,59.2,17.0,18.1
2021-10-03 08:30:00,-5,686565000,22.3,4.08,47.2,47.8,59.2,17.1,18.0
2021-10-03 08:40:00,-5,686565600,23.8,4.08,47.2,47.8,59.2,17.0,18.1
2021-10-03 08:50:00,-5,686566200,26.3,4.08,47.3,47.8,59.2,17.1,18.0
2021-10-03 09:00:00,-5,686566800,28.3,4.08,47.3,47.8,59.2,17.1,18.0
2021-10-03 09:10:00,-5,686567400,28.0,4.08,47.3,47.8,59.2,17.1,18.1
2021-10-03 09:20:00,-5,686568000,30.5,4.08,47.4,47.8,59.2,17.1,18.1
2021-10-03 09:30:00,-5,686568600,31.0,4.08,47.4,47.8,59.3,17.1,18.0
2021-10-03 09:40:00,-5,686569200,31.5,4.08,47.4,47.8,59.2,17.2,18.0
2021-10-03 09:50:00,-5,686569800,33.3,4.08,47.5,47.8,59.2,17.1,18.1
2021-10-03 10:00:00,-5,686570400,34.3,4.08,47.6,47.7,59.2,17.1,18.0
2021-10-03 10:10:00,-5,686571000,36.0,4.08,47.6,47.8,59.2,17.1,18.1
2021-10-03 10:20:00,-5,686571600,34.8,4.09,47.7,47.8,59.2,17.1,18.0
2021-10-03 10:30:00,-5,686572200,36.5,4.08,47.8,47.8,59.2,17.2,18.1
2021-10-03 10:40:00,-5,686572800,38.3,4.08,47.9,47.8,59.2,17.2,18.1
2021-10-03 10:50:00,-5,686573400,39.0,4.08,47.9,47.8,59.2,17.2,18.0
2021-10-03 11:00:00,-5,686574000,40.8,4.08,48.1,47.7,59.1,17.3,18.1
2021-10-03 11:10:00,-5,686574600,41.0,4.08,48.1,47.8,59.2,17.3,18.0
2021-10-03 11:20:00,-5,686575200,40.5,4.09,48.2,47.8,59.2,17.4,18.1
2021-10-03 11:30:00,-5,686575800,40.3,4.08,48.3,47.8,59.2,17.5,18.0
2021-10-03 11:40:00,-5,686576400,43.5,4.09,48.4,47.8,59.2,17.5,18.0
2021-10-03 11:50:00,-5,686577000,44.0,4.09,48.4,47.8,59.2,17.6,18.1
2021-10-03 12:00:00,-5,686577600,44.5,4.09,48.5,47.9,59.2,17.7,18.1
2021-10-03 12:10:00,-5,686578200,45.5,4.09,48.6,47.9,59.2,17.6,17.8
2021-10-03 12:20:00,-5,686578800,45.0,4.09,48.7,47.9,59.2,17.7,18.0
2021-10-03 12:30:00,-5,686579400,42.5,4.09,48.8,47.9,59.2,17.7,18.0
2021-10-03 12:40:00,-5,686580000,41.5,4.09,48.9,47.9,59.2,17.7,18.0
2021-10-03 12:50:00,-5,686580600,41.3,4.09,49.1,47.9,59.1,18.0,18.1
2021-10-03 13:00:00,-5,686581200,44.5,4.09,49.1,47.9,59.1,18.0,18.1
2021-10-03 13:10:00,-5,686581800,47.0,4.09,49.1,48.0,59.2,18.0,18.0
2021-10-03 13:20:00,-5,686582400,46.3,4.09,49.3,48.0,59.1,18.1,18.1
2021-10-03 13:30:00,-5,686583000,45.3,4.09,49.3,48.1,59.2,18.2,18.0
2021-10-03 13:40:00,-5,686583600,45.8,4.09,49.3,48.1,59.2,18.4,18.1
2021-10-03 13:50:00,-5,686584200,43.5,4.09,49.4,48.1,59.2,18.4,18.1
2021-10-03 14:00:00,-5,686584800,44.3,4.09,49.5,48.1,59.1,18.6,18.0
2021-10-03 14:10:00,-5,686585400,45.5,4.09,49.5,48.2,59.2,18.6,18.2
2021-10-03 14:20:00,-5,686586000,41.5,4.09,49.6,48.2,59.2,18.6,18.2
2021-10-03 14:30:00,-5,686586600,37.3,4.09,49.6,48.2,59.2,19.1,18.0
2021-10-03 14:40:00,-5,686587200,35.3,4.09,49.6,48.3,59.2,18.7,18.0
2021-10-03 14:50:00,-5,686587800,37.8,4.09,49.7,48.2,59.1,18.7,18.0
2021-10-03 15:00:00,-5,686588400,38.8,4.09,49.7,48.4,59.3,19.0,18.0
2021-10-03 15:10:00,-5,686589000,40.3,4.09,49.7,48.4,59.2,18.8,18.1
2021-10-03 15:20:00,-5,686589600,39.5,4.09,49.8,48.3,59.1,19.1,18.1
2021-10-03 15:30:00,-5,686590200,34.8,4.09,49.8,48.4,59.1,19.1,18.2
2021-10-03 15:40:00,-5,686590800,33.3,4.09,49.7,48.4,59.2,19.2,18.2
2021-10-03 15:50:00,-5,686591400,31.5,4.09,49.7,48.5,59.2,19.2,18.1
2021-10-03 16:00:00,-5,686592000,29.8,4.09,49.7,48.5,59.2,19.3,18.2
2021-10-03 16:10:00,-5,686592600,28.5,4.09,49.7,48.5,59.2,19.3,18.1
2021-10-03 16:20:00,-5,686593200,27.8,4.08,49.7,48.6,59.3,19.4,18.1
2021-10-03 16:30:00,-5,686593800,27.3,4.08,49.7,48.6,59.3,19.5,18.1
2021-10-03 16:40:00,-5,686594400,26.5,4.08,49.7,48.6,59.1,19.5,18.3
2021-10-03 16:50:00,-5,686595000,25.5,4.08,49.7,48.6,59.3,19.5,18.2
2021-10-03 17:00:00,-5,686595600,24.8,4.08,49.7,48.7,59.3,19.6,18.2
2021-10-03 17:10:00,-5,686596200,23.8,4.08,49.6,48.7,59.3,19.7,18.3
2021-10-03 17:20:00,-5,686596800,23.0,4.08,49.6,48.7,59.3,19.7,18.2
2021-10-03 17:30:00,-5,686597400,22.3,4.08,49.7,48.7,59.2,19.8,18.4
2021-10-03 17:40:00,-5,686598000,21.5,4.08,49.6,48.7,59.3,19.8,18.3
2021-10-03 17:50:00,-5,686598600,20.8,4.08,49.6,48.8,59.3,19.8,18.3
2021-10-03 18:00:00,-5,686599200,20.3,4.08,49.5,48.8,59.3,19.7,18.3
2021-10-03 18:10:00,-5,686599800,19.8,4.08,49.5,48.8,59.3,19.8,18.3
2021-10-03 18:20:00,-5,686600400,19.3,4.08,49.5,48.8,59.2,20.0,18.5
2021-10-03 18:30:00,-5,686601000,18.8,4.08,49.4,48.8,59.3,20.0,18.3
2021-10-03 18:40:00,-5,686601600,18.8,4.08,49.4,48.9,59.3,19.7,18.5
2021-10-03 18:50:00,-5,686602200,18.5,4.08,49.4,48.9,59.3,19.8,18.4
2021-10-03 19:00:00,-5,686602800,18.5,4.08,49.3,48.9,59.3,20.0,18.4
2021-10-03 19:10:00,-5,686603400,18.0,4.08,49.3,48.9,59.3,19.7,18.6
2021-10-03 19:20:00,-5,686604000,18.0,4.08,49.3,48.9,59.3,20.0,18.5
2021-10-03 19:30:00,-5,686604600,17.8,4.08,49.2,48.9,59.3,19.8,18.5
2021-10-03 19:40:00,-5,686605200,17.5,4.08,49.2,48.9,59.2,20.0,18.6
2021-10-03 19:50:00,-5,686605800,17.0,4.08,49.1,49.0,59.3,20.0,18.6
2021-10-03 20:00:00,-5,686606400,17.5,4.08,49.1,49.0,59.3,19.7,18.6
2021-10-03 20:10:00,-5,686607000,17.3,4.08,49.1,48.9,59.2,20.1,18.7
2021-10-03 20:20:00,-5,686607600,17.0,4.08,49.0,49.0,59.3,19.8,18.6
2021-10-03 20:30:00,-5,686608200,17.3,4.08,49.0,49.0,59.3,20.1,18.6
2021-10-03 20:40:00,-5,686608800,17.3,4.08,49.0,49.0,59.3,20.1,18.6
2021-10-03 20:50:00,-5,686609400,17.0,4.08,48.9,49.0,59.3,19.7,18.7
2021-10-03 21:00:00,-5,686610000,17.3,4.08,48.9,48.9,59.2,19.7,18.7
2021-10-03 21:10:00,-5,686610600,17.5,4.08,48.9,48.9,59.2,19.7,18.7
2021-10-03 21:20:00,-5,686611200,17.8,4.08,48.9,48.9,59.2,20.1,18.6
2021-10-03 21:30:00,-5,686611800,17.8,4.08,48.8,49.0,59.3,19.8,18.7
2021-10-03 21:40:00,-5,686612400,17.8,4.08,48.8,49.0,59.3,19.8,18.8
2021-10-03 21:50:00,-5,686613000,17.5,4.08,48.7,49.0,59.3,19.8,18.8
2021-10-03 22:00:00,-5,686613600,17.5,4.08,48.8,48.9,59.2,19.8,18.8
2021-10-03 22:10:00,-5,686614200,17.5,4.08,48.7,49.0,59.3,19.8,18.8
2021-10-03 22:20:00,-5,686614800,17.8,4.08,48.6,49.0,59.3,19.7,18.8
2021-10-03 22:30:00,-5,686615400,18.0,4.08,48.6,49.0,59.3,19.7,18.8
2021-10-03 22:40:00,-5,686616000,18.0,4.08,48.6,49.0,59.3,19.7,18.8
2021-10-03 22:50:00,-5,686616600,18.0,4.08,48.6,49.0,59.4,19.7,18.8
2021-10-03 23:00:00,-5,686617200,18.0,4.08,48.6,49.0,59.4,19.7,18.8
2021-10-03 23:10:00,-5,686617800,18.0,4.08,48.5,49.0,59.4,19.7,18.8
2021-10-03 23:20:00,-5,686618400,18.0,4.08,48.5,49.0,59.4,19.6,19.0
2021-10-03 23:30:00,-5,686619000,18.0,4.08,48.5,49.0,59.4,19.6,18.8
2021-10-03 23:40:00,-5,686619600,18.0,4.08,48.5,49.0,59.4,19.6,18.7
2021-10-03 23:50:00,-5,686620200,18.0,4.08,48.5,49.0,59.4,19.6,19.0
2021-10-04 00:00:00,-5,686620800,18.0,4.08,48.5,49.0,59.4,19.7,19.0
2021-10-04 00:10:00,-5,686621400,18.0,4.08,48.5,48.9,59.3,19.6,19.0
2021-10-04 00:20:00,-5,686622000,18.0,4.08,48.4,49.0,59.4,19.6,19.0
2021-10-04 00:30:00,-5,686622600,18.0,4.08,48.4,48.9,59.4,19.6,19.0
2021-10-04 00:40:00,-5,686623200,18.0,4.08,48.4,48.9,59.4,19.5,18.8
2021-10-04 00:50:00,-5,686623800,18.0,4.08,48.4,48.9,59.4,19.6,19.0
2021-10-04 01:00:00,-5,686624400,18.0,4.08,48.4,48.9,59.4,19.6,19.0
2021-10-04 01:10:00,-5,686625000,18.0,4.08,48.4,48.9,59.4,19.5,19.0
2021-10-04 01:20:00,-5,686625600,17.8,4.08,48.3,48.9,59.4,19.6,18.7
2021-10-04 01:30:00,-5,686626200,17.8,4.08,48.3,48.9,59.3,19.5,19.0
2021-10-04 01:40:00,-5,686626800,18.0,4.08,48.3,48.9,59.4,19.5,19.0
2021-10-04 01:50:00,-5,686627400,17.8,4.08,48.3,48.9,59.4,19.5,19.0
2021-10-04 02:00:00,-5,686628000,17.8,4.06,48.3,48.9,59.4,19.3,19.0
2021-10-04 02:10:00,-5,686628600,17.8,4.08,48.3,48.9,59.4,19.3,19.0
2021-10-04 02:20:00,-5,686629200,18.0,4.06,48.3,48.9,59.4,19.3,19.0
2021-10-04 02:30:00,-5,686629800,17.8,4.06,48.3,48.9,59.4,19.3,19.0
2021-10-04 02:40:00,-5,686630400,17.8,4.06,48.3,48.9,59.4,19.4,18.7
2021-10-04 02:50:00,-5,686631000,17.8,4.06,48.3,48.9,59.4,19.3,19.0
2021-10-04 03:00:00,-5,686631600,17.8,4.06,48.2,48.9,59.4,19.4,19.0
2021-10-04 03:10:00,-5,686632200,17.8,4.06,48.2,48.9,59.4,19.3,19.0
2021-10-04 03:20:00,-5,686632800,17.8,4.06,48.2,48.9,59.4,19.4,19.0
2021-10-04 03:30:00,-5,686633400,17.5,4.06,48.2,48.9,59.4,19.4,19.0
2021-10-04 03:40:00,-5,686634000,17.5,4.06,48.2,48.9,59.4,19.3,19.0
2021-10-04 03:50:00,-5,686634600,17.0,4.06,48.1,48.9,59.4,19.3,19.0
2021-10-04 04:00:00,-5,686635200,17.0,4.06,48.1,48.8,59.4,19.2,19.0
2021-10-04 04:10:00,-5,686635800,17.3,4.06,48.1,48.9,59.4,19.2,19.0
2021-10-04 04:20:00,-5,686636400,17.5,4.06,48.1,48.8,59.4,19.2,19.0
2021-10-04 04:30:00,-5,686637000,17.3,4.06,48.1,48.8,59.4,19.3,19.0
2021-10-04 04:40:00,-5,686637600,17.3,4.06,48.1,48.8,59.4,19.2,19.1
2021-10-04 04:50:00,-5,686638200,17.5,4.06,48.1,48.8,59.4,19.2,19.0
2021-10-04 05:00:00,-5,686638800,17.5,4.06,48.0,48.8,59.4,19.2,19.0
2021-10-04 05:10:00,-5,686639400,17.5,4.06,48.0,48.8,59.4,19.3,19.0
2021-10-04 05:20:00,-5,686640000,17.5,4.06,48.0,48.8,59.4,19.3,19.0
2021-10-04 05:30:00,-5,686640600,17.8,4.06,48.0,48.8,59.5,19.1,19.1
2021-10-04 05:40:00,-5,686641200,17.5,4.06,48.0,48.8,59.5,19.2,19.0
2021-10-04 05:50:00,-5,686641800,17.8,4.06,48.1,48.8,59.3,19.0,19.0
2021-10-04 06:00:00,-5,686642400,17.8,4.06,48.0,48.8,59.5,19.0,19.0
2021-10-04 06:10:00,-5,686643000,17.8,4.06,48.0,48.7,59.3,19.2,19.0
2021-10-04 06:20:00,-5,686643600,17.8,4.06,48.0,48.8,59.5,19.3,19.0
2021-10-04 06:30:00,-5,686644200,18.0,4.06,48.0,48.8,59.5,19.0,19.0
2021-10-04 06:40:00,-5,686644800,18.5,4.06,47.9,48.8,59.5,19.1,19.0
2021-10-04 06:50:00,-5,686645400,18.8,4.06,47.9,48.8,59.5,19.0,19.0
2021-10-04 07:00:00,-5,686646000,19.5,4.06,47.9,48.8,59.5,19.2,19.0
2021-10-04 07:10:00,-5,686646600,20.0,4.06,47.9,48.8,59.5,19.2,19.0
2021-10-04 07:20:00,-5,686647200,21.0,4.06,47.9,48.8,59.5,19.0,19.0
2021-10-04 07:30:00,-5,686647800,21.5,4.06,47.9,48.8,59.5,19.0,19.0
2021-10-04 07:40:00,-5,686648400,22.5,4.06,47.9,48.7,59.4,19.0,19.0
