SL212 - Mayfly GPLP3 Logger
DateTime_EST,TZ-Offset,Loggertime,BoardTemp_C,Battery_V,Segment1_percent,Segment2_percent,Segment3_percent,T1_degC,T2_degC
2021-07-28 08:20:00,-5,680775600,33.8,4.11,8.1,12.7,18.2,24.5,24.6
2021-07-28 08:30:00,-5,680776200,36.8,4.11,7.7,12.5,18.1,23.6,23.7
2021-07-28 08:40:00,-5,680776800,38.8,4.11,7.6,12.4,18.2,23.5,23.6
2021-07-28 08:50:00,-5,680777400,40.3,4.11,7.6,12.3,18.2,23.2,23.5
2021-07-28 09:00:00,-5,680778000,40.8,4.11,7.6,12.3,18.1,23.2,23.3
2021-07-28 09:10:00,-5,680778600,43.0,4.11,7.6,12.3,18.2,23.2,23.2
2021-07-28 09:20:00,-5,680779200,44.0,4.11,7.6,12.2,18.2,23.1,23.2
2021-07-28 09:30:00,-5,680779800,44.3,4.11,7.6,12.2,18.1,23.1,23.2
2021-07-28 09:40:00,-5,680780400,45.5,4.11,7.6,12.1,18.1,23.1,23.2
2021-07-28 09:50:00,-5,680781000,47.0,4.11,7.6,12.2,18.2,23.1,23.2
2021-07-28 10:00:00,-5,680781600,46.8,4.11,7.7,12.1,18.1,23.1,23.1
2021-07-28 10:10:00,-5,680782200,47.3,4.11,7.7,12.1,18.1,23.1,23.1
2021-07-28 10:20:00,-5,680782800,48.3,4.11,7.7,12.1,18.1,23.1,23.1
2021-07-28 10:30:00,-5,680783400,48.5,4.11,7.7,12.0,18.0,23.1,23.1
2021-07-28 10:40:00,-5,680784000,47.0,4.11,7.7,12.0,18.0,23.0,23.2
2021-07-28 10:50:00,-5,680784600,49.0,4.11,7.7,12.0,18.0,23.0,23.1
2021-07-28 11:00:00,-5,680785200,48.5,4.12,7.7,12.0,18.1,23.1,23.1
2021-07-28 11:10:00,-5,680785800,43.0,4.11,7.7,12.0,18.0,23.0,23.2
2021-07-28 11:20:00,-5,680786400,45.0,4.12,7.8,12.0,18.0,23.1,23.2
2021-07-28 11:30:00,-5,680787000,43.8,4.12,7.7,12.0,18.1,23.2,23.1
2021-07-28 11:40:00,-5,680787600,45.3,4.12,7.8,11.9,18.0,23.1,23.1
2021-07-28 11:50:00,-5,680788200,43.3,4.12,7.8,11.9,18.0,23.1,23.2
2021-07-28 12:00:00,-5,680788800,43.0,4.12,7.8,11.9,18.1,23.2,23.1
2021-07-28 12:10:00,-5,680789400,40.5,4.12,7.8,11.9,18.0,23.2,23.2
2021-07-28 12:20:00,-5,680790000,38.3,4.12,7.8,11.9,18.1,23.2,23.1
2021-07-28 12:30:00,-5,680790600,43.3,4.12,7.8,11.9,18.1,23.2,23.1
2021-07-28 12:40:00,-5,680791200,44.5,4.12,7.8,11.9,18.1,23.3,23.0
2021-07-28 12:50:00,-5,680791800,48.0,4.12,7.8,11.9,18.1,23.1,23.0
2021-07-28 13:00:00,-5,680792400,50.5,4.12,7.8,11.9,18.1,23.2,23.1
2021-07-28 13:10:00,-5,680793000,50.5,4.12,7.9,11.9,18.0,23.3,23.1
2021-07-28 13:20:00,-5,680793600,44.5,4.12,7.9,11.9,18.0,23.2,23.2
2021-07-28 13:30:00,-5,680794200,46.0,4.12,7.9,11.9,18.1,23.4,23.1
2021-07-28 13:40:00,-5,680794800,48.0,4.12,7.9,11.8,18.0,23.4,23.1
2021-07-28 13:50:00,-5,680795400,42.3,4.12,8.0,11.8,18.0,23.3,23.1
2021-07-28 14:00:00,-5,680796000,39.8,4.12,7.9,11.9,18.1,23.5,23.1
2021-07-28 14:10:00,-5,680796600,40.0,4.12,7.9,11.9,18.1,23.5,23.1
2021-07-28 14:20:00,-5,680797200,39.8,4.12,8.0,11.8,18.0,23.5,23.1
2021-07-28 14:30:00,-5,680797800,42.8,4.12,8.0,11.8,17.9,23.6,23.0
2021-07-28 14:40:00,-5,680798400,43.8,4.12,8.0,11.9,18.1,23.5,23.1
2021-07-28 14:50:00,-5,680799000,44.8,4.12,8.0,11.8,17.9,23.6,23.1
2021-07-28 15:00:00,-5,680799600,44.8,4.12,8.0,11.9,18.1,23.6,23.1
2021-07-28 15:10:00,-5,680800200,45.5,4.12,8.0,11.8,17.9,23.6,23.1
2021-07-28 15:20:00,-5,680800800,45.5,4.12,8.1,11.8,17.9,23.6,23.1
2021-07-28 15:30:00,-5,680801400,44.3,4.12,8.0,11.9,18.0,23.6,23.0
2021-07-28 15:40:00,-5,680802000,38.5,4.12,8.1,11.8,17.9,23.7,23.2
2021-07-28 15:50:00,-5,680802600,34.8,4.12,8.0,11.9,18.0,23.7,23.2
2021-07-28 16:00:00,-5,680803200,34.5,4.12,8.1,11.8,17.9,23.7,23.2
2021-07-28 16:10:00,-5,680803800,37.3,4.12,8.1,11.8,17.9,23.8,23.1
2021-07-28 16:20:00,-5,680804400,39.3,4.12,8.1,11.9,17.9,23.8,23.0
2021-07-28 16:30:00,-5,680805000,39.0,4.12,8.1,11.9,18.0,23.8,23.1
2021-07-28 16:40:00,-5,680805600,38.8,4.12,8.1,11.9,18.0,23.8,23.0
2021-07-28 16:50:00,-5,680806200,36.8,4.12,8.1,11.9,18.0,23.8,23.2
2021-07-28 17:00:00,-5,680806800,36.0,4.12,8.1,11.9,18.0,24.0,23.1
2021-07-28 17:10:00,-5,680807400,35.0,4.12,8.1,11.9,18.0,23.8,23.1
2021-07-28 17:20:00,-5,680808000,32.0,4.12,8.1,11.9,17.9,23.8,23.1
2021-07-28 17:30:00,-5,680808600,30.5,4.12,8.1,11.9,18.0,24.0,23.1
2021-07-28 17:50:00,-5,680809800,28.3,4.12,8.1,11.9,17.9,23.8,23.3
2021-07-28 18:00:00,-5,680810400,27.5,4.12,8.1,11.9,18.0,24.0,23.1
2021-07-28 18:10:00,-5,680811000,26.8,4.12,8.1,11.9,17.9,24.0,23.1
2021-07-28 18:20:00,-5,680811600,26.0,4.12,8.1,11.9,17.9,24.0,23.1
2021-07-28 18:30:00,-5,680812200,25.3,4.12,8.1,11.9,17.9,24.0,23.1
2021-07-28 18:40:00,-5,680812800,24.5,4.12,8.1,11.9,17.9,24.1,23.2
2021-07-28 18:50:00,-5,680813400,23.5,4.12,8.1,11.9,17.9,24.0,23.2
2021-07-28 19:00:00,-5,680814000,22.8,4.12,8.0,12.0,18.0,24.0,23.1
2021-07-28 19:10:00,-5,680814600,22.8,4.12,8.1,11.9,17.9,24.1,23.3
2021-07-28 19:20:00,-5,680815200,23.5,4.12,8.0,12.0,18.0,24.0,23.1
2021-07-28 19:30:00,-5,680815800,23.3,4.12,8.0,12.0,18.0,24.0,23.3
2021-07-28 19:40:00,-5,680816400,22.8,4.12,8.0,12.0,18.0,24.0,23.1
2021-07-28 19:50:00,-5,680817000,22.8,4.12,8.0,12.0,18.0,24.0,23.2
2021-07-28 20:00:00,-5,680817600,22.5,4.12,8.0,11.9,17.9,24.1,23.3
2021-07-28 20:10:00,-5,680818200,22.3,4.12,8.0,12.0,17.9,24.1,23.2
2021-07-28 20:20:00,-5,680818800,21.8,4.11,8.0,12.0,17.9,24.1,23.1
2021-07-28 20:30:00,-5,680819400,21.3,4.11,7.9,12.0,18.0,24.0,23.0
2021-07-28 20:40:00,-5,680820000,20.5,4.11,8.0,12.0,17.9,24.1,23.1
2021-07-28 20:50:00,-5,680820600,20.3,4.11,7.9,12.0,17.9,24.1,23.1
2021-07-28 21:00:00,-5,680821200,19.8,4.11,7.9,12.0,18.0,24.0,23.1
2021-07-28 21:10:00,-5,680821800,19.8,4.11,7.9,12.0,17.9,24.0,23.1
2021-07-28 21:20:00,-5,680822400,19.8,4.11,7.9,12.0,17.9,24.1,23.2
2021-07-28 21:30:00,-5,680823000,19.5,4.11,7.9,12.0,17.9,24.1,23.2
2021-07-28 21:40:00,-5,680823600,19.3,4.11,7.8,12.0,18.0,24.0,23.1
2021-07-28 21:50:00,-5,680824200,19.0,4.11,7.9,12.0,17.9,24.1,23.1
2021-07-28 22:00:00,-5,680824800,18.8,4.11,7.8,12.0,18.0,24.0,23.2
2021-07-28 22:10:00,-5,680825400,18.8,4.11,7.8,12.0,17.9,24.0,23.2
2021-07-28 22:20:00,-5,680826000,18.5,4.11,7.8,12.0,18.0,24.0,23.2
2021-07-28 22:30:00,-5,680826600,18.5,4.11,7.7,12.0,18.0,24.0,23.1
2021-07-28 22:40:00,-5,680827200,18.3,4.11,7.8,12.0,17.9,24.0,23.2
2021-07-28 22:50:00,-5,680827800,18.3,4.11,7.7,12.0,18.0,24.0,23.2
2021-07-28 23:00:00,-5,680828400,18.3,4.11,7.7,12.0,18.1,24.0,23.1
2021-07-28 23:10:00,-5,680829000,18.0,4.11,7.7,12.0,17.9,24.0,23.1
2021-07-28 23:20:00,-5,680829600,17.8,4.11,7.7,12.0,17.9,24.0,23.1
2021-07-28 23:30:00,-5,680830200,17.5,4.11,7.7,12.0,17.9,24.0,23.1
2021-07-28 23:40:00,-5,680830800,17.5,4.11,7.7,12.0,17.9,24.0,23.1
2021-07-28 23:50:00,-5,680831400,17.8,4.11,7.6,12.0,18.1,23.7,23.2
2021-07-29 00:00:00,-5,680832000,17.8,4.11,7.6,12.0,18.1,23.8,23.1
2021-07-29 00:10:00,-5,680832600,17.5,4.11,7.6,11.9,17.9,23.8,23.2
2021-07-29 00:20:00,-5,680833200,17.3,4.11,7.6,12.0,18.1,24.0,23.2
2021-07-29 00:30:00,-5,680833800,17.3,4.11,7.6,11.9,18.0,23.7,23.2
2021-07-29 00:40:00,-5,680834400,17.5,4.11,7.5,12.0,18.1,23.8,23.2
2021-07-29 00:50:00,-5,680835000,17.3,4.11,7.5,11.9,18.0,23.8,23.2
2021-07-29 01:00:00,-5,680835600,17.3,4.11,7.5,12.0,18.1,23.7,23.3
2021-07-29 01:10:00,-5,680836200,16.8,4.11,7.5,12.0,18.1,23.8,23.2
2021-07-29 01:20:00,-5,680836800,17.0,4.11,7.4,12.0,18.1,23.7,23.1
2021-07-29 01:30:00,-5,680837400,16.8,4.11,7.4,12.0,18.1,23.8,23.1
2021-07-29 01:40:00,-5,680838000,17.0,4.11,7.4,11.9,18.0,23.7,23.2
2021-07-29 01:50:00,-5,680838600,17.5,4.11,7.4,12.0,18.1,23.7,23.1
2021-07-29 02:00:00,-5,680839200,17.8,4.11,7.4,12.0,18.1,23.7,23.3
2021-07-29 02:10:00,-5,680839800,18.0,4.11,7.4,12.0,18.1,23.6,23.2
2021-07-29 02:20:00,-5,680840400,18.0,4.11,7.4,11.9,18.0,23.7,23.2
2021-07-29 02:30:00,-5,680841000,18.3,4.11,7.4,11.9,18.0,23.6,23.3
2021-07-29 02:40:00,-5,680841600,18.3,4.11,7.4,11.9,18.0,23.6,23.1
2021-07-29 02:50:00,-5,680842200,18.8,4.11,7.3,11.9,18.1,23.6,23.1
2021-07-29 03:00:00,-5,680842800,18.8,4.11,7.3,11.9,18.0,23.6,23.3
2021-07-29 03:10:00,-5,680843400,19.0,4.11,7.3,11.9,18.1,23.5,23.2
2021-07-29 03:20:00,-5,680844000,19.3,4.11,7.3,11.9,18.0,23.5,23.2
2021-07-29 03:30:00,-5,680844600,19.3,4.11,7.3,11.9,18.0,23.5,23.1
2021-07-29 03:40:00,-5,680845200,19.3,4.11,7.3,11.9,18.0,23.5,23.2
2021-07-29 03:50:00,-5,680845800,19.0,4.11,7.3,11.9,18.0,23.5,23.2
2021-07-29 04:00:00,-5,680846400,19.3,4.11,7.3,11.8,18.0,23.4,23.2
2021-07-29 04:10:00,-5,680847000,19.3,4.11,7.2,11.9,18.1,23.4,23.3
2021-07-29 04:20:00,-5,680847600,19.3,4.11,7.3,11.8,18.0,23.5,23.1
2021-07-29 04:30:00,-5,680848200,19.3,4.11,7.3,11.8,18.0,23.4,23.3
2021-07-29 04:40:00,-5,680848800,19.3,4.11,7.3,11.8,18.0,23.2,23.2
2021-07-29 04:50:00,-5,680849400,19.5,4.11,7.2,11.8,18.0,23.2,23.2
2021-07-29 05:00:00,-5,680850000,19.5,4.11,7.3,11.8,18.0,23.4,23.2
2021-07-29 05:10:00,-5,680850600,19.8,4.11,7.2,11.8,18.0,23.3,23.2
2021-07-29 05:20:00,-5,680851200,19.5,4.09,7.2,11.9,18.1,23.3,23.2
2021-07-29 05:30:00,-5,680851800,19.8,4.09,7.2,11.8,18.1,23.3,23.2
2021-07-29 05:40:00,-5,680852400,20.3,4.11,7.2,11.8,18.0,23.2,23.3
2021-07-29 05:50:00,-5,680853000,20.3,4.09,7.2,11.8,18.1,23.3,23.2
2021-07-29 06:00:00,-5,680853600,20.3,4.11,7.2,11.8,18.0,23.3,23.2
2021-07-29 06:10:00,-5,680854200,20.8,4.11,7.2,11.8,18.1,23.1,23.2
2021-07-29 06:20:00,-5,680854800,21.5,4.11,7.2,11.8,18.0,23.2,23.1
2021-07-29 06:30:00,-5,680855400,22.5,4.11,7.2,11.8,18.0,23.1,23.2
2021-07-29 06:40:00,-5,680856000,22.8,4.11,7.2,11.8,18.0,23.2,23.1
2021-07-29 06:50:00,-5,680856600,23.0,4.11,7.2,11.8,18.0,23.2,23.2
2021-07-29 07:00:00,-5,680857200,23.3,4.11,7.2,11.8,18.1,23.1,23.1
2021-07-29 07:10:00,-5,680857800,23.5,4.11,7.2,11.8,18.0,23.1,23.1
2021-07-29 07:20:00,-5,680858400,24.0,4.11,7.2,11.8,18.0,23.1,23.2
2021-07-29 07:30:00,-5,680859000,23.8,4.11,7.2,11.8,18.0,23.1,23.3
2021-07-29 07:40:00,-5,680859600,24.5,4.11,7.2,11.8,18.1,23.0,23.1
2021-07-29 07:50:00,-5,680860200,25.3,4.11,7.2,11.8,18.0,23.0,23.2
2021-07-29 08:00:00,-5,680860800,25.0,4.11,7.2,11.7,18.0,23.0,23.2
2021-07-29 08:10:00,-5,680861400,25.5,4.11,7.3,11.8,18.0,23.0,23.1
2021-07-29 08:20:00,-5,680862000,25.8,4.11,7.2,11.8,18.1,23.1,23.1
2021-07-29 08:30:00,-5,680862600,25.5,4.11,7.3,11.8,18.0,23.1,23.0
2021-07-29 08:40:00,-5,680863200,25.5,4.11,7.2,11.8,18.1,23.1,23.3
2021-07-29 08:50:00,-5,680863800,25.5,4.12,7.3,11.7,18.0,23.1,23.1
2021-07-29 09:00:00,-5,680864400,26.3,4.12,7.3,11.7,18.0,23.0,23.1
2021-07-29 09:10:00,-5,680865000,26.5,4.12,7.3,11.8,18.1,23.1,23.2
2021-07-29 09:20:00,-5,680865600,27.0,4.12,7.3,11.8,18.0,23.2,23.1
2021-07-29 09:30:00,-5,680866200,27.3,4.12,7.3,11.7,18.0,23.0,23.2
2021-07-29 09:40:00,-5,680866800,29.0,4.12,7.3,11.8,18.1,23.0,23.2
2021-07-29 09:50:00,-5,680867400,32.3,4.12,7.3,11.7,18.0,23.1,23.1
2021-07-29 10:00:00,-5,680868000,32.0,4.12,7.3,11.8,18.1,23.0,23.3
2021-07-29 10:10:00,-5,680868600,30.5,4.12,7.3,11.8,18.1,23.0,23.1
2021-07-29 10:20:00,-5,680869200,30.3,4.12,7.3,11.8,18.1,23.0,23.1
2021-07-29 10:30:00,-5,680869800,28.5,4.12,7.4,11.7,18.0,23.1,23.2
2021-07-29 10:40:00,-5,680870400,27.5,4.12,7.4,11.8,18.0,22.8,23.0
2021-07-29 10:50:00,-5,680871000,27.5,4.12,7.4,11.8,18.0,23.1,23.1
2021-07-29 11:00:00,-5,680871600,28.3,4.12,7.4,11.8,18.1,23.1,23.0
2021-07-29 11:10:00,-5,680872200,28.0,4.12,7.4,11.8,18.0,23.2,23.1
2021-07-29 11:20:00,-5,680872800,28.5,4.12,7.4,11.8,18.1,23.0,23.1
2021-07-29 11:30:00,-5,680873400,33.5,4.12,7.4,11.8,18.1,23.0,23.1
2021-07-29 11:40:00,-5,680874000,35.5,4.12,7.4,11.8,18.1,23.0,23.2
2021-07-29 11:50:00,-5,680874600,36.5,4.12,7.4,11.8,18.1,23.2,23.0
2021-07-29 12:00:00,-5,680875200,36.3,4.12,7.5,11.8,18.0,23.1,23.1
2021-07-29 12:10:00,-5,680875800,35.5,4.12,7.5,11.8,18.0,23.1,23.1
2021-07-29 12:20:00,-5,680876400,34.3,4.12,7.5,11.8,18.0,23.1,23.0
2021-07-29 12:30:00,-5,680877000,33.5,4.12,7.5,11.8,18.1,23.1,23.0
2021-07-29 12:40:00,-5,680877600,33.0,4.12,7.6,11.8,18.0,23.1,23.1
2021-07-29 12:50:00,-5,680878200,34.5,4.12,7.5,11.8,18.1,23.1,23.1
2021-07-29 13:00:00,-5,680878800,34.8,4.12,7.6,11.8,18.2,23.1,23.1
2021-07-29 13:10:00,-5,680879400,35.0,4.12,7.6,11.8,18.1,23.1,23.0
2021-07-29 13:20:00,-5,680880000,34.0,4.12,7.6,11.8,18.1,23.1,23.1
2021-07-29 13:30:00,-5,680880600,31.8,4.12,7.6,11.8,18.0,23.2,23.0
2021-07-29 13:40:00,-5,680881200,30.5,4.12,7.6,11.8,18.2,23.1,23.0
2021-07-29 13:50:00,-5,680881800,30.0,4.12,7.6,11.8,18.2,23.1,23.0
2021-07-29 14:00:00,-5,680882400,29.8,4.12,7.7,11.8,18.0,23.3,23.0
2021-07-29 14:10:00,-5,680883000,28.3,4.12,7.7,11.8,18.2,23.3,23.0
2021-07-29 14:20:00,-5,680883600,27.3,4.12,7.7,11.8,18.0,23.3,23.0
2021-07-29 14:30:00,-5,680884200,27.3,4.12,7.7,11.8,18.2,23.2,23.0
2021-07-29 14:40:00,-5,680884800,26.5,4.12,7.7,11.8,18.0,23.3,23.1
2021-07-29 14:50:00,-5,680885400,25.5,4.12,7.7,11.8,18.2,23.4,23.0
2021-07-29 15:00:00,-5,680886000,26.3,4.12,7.8,11.8,18.0,23.3,23.0
2021-07-29 15:10:00,-5,680886600,27.3,4.12,7.7,11.9,18.2,23.3,23.0
2021-07-29 15:20:00,-5,680887200,28.3,4.12,7.8,11.8,18.0,23.4,23.0
2021-07-29 15:30:00,-5,680887800,28.8,4.12,7.7,11.9,18.2,23.4,22.8
2021-07-29 15:40:00,-5,680888400,29.0,4.12,7.8,11.9,18.2,23.4,23.0
2021-07-29 15:50:00,-5,680889000,29.3,4.12,7.8,11.9,18.2,23.5,23.1
2021-07-29 16:00:00,-5,680889600,28.8,4.12,7.8,11.9,18.1,23.5,23.0
2021-07-29 16:10:00,-5,680890200,27.8,4.12,7.8,11.9,18.1,23.3,23.0
2021-07-29 16:20:00,-5,680890800,27.8,4.12,7.8,11.9,18.2,23.5,23.0
2021-07-29 16:30:00,-5,680891400,27.5,4.12,7.8,11.9,18.1,23.5,23.0
2021-07-29 16:40:00,-5,680892000,27.0,4.12,7.8,11.9,18.1,23.5,23.0
2021-07-29 16:50:00,-5,680892600,27.3,4.12,7.8,11.9,18.2,23.5,23.1
2021-07-29 17:00:00,-5,680893200,26.5,4.12,7.8,11.9,18.2,23.5,23.0
2021-07-29 17:10:00,-5,680893800,26.5,4.12,7.8,11.9,18.2,23.5,23.0
2021-07-29 17:20:00,-5,680894400,27.3,4.12,7.8,11.9,18.2,23.6,23.0
2021-07-29 17:30:00,-5,680895000,27.3,4.12,7.9,11.9,18.1,23.6,23.0
2021-07-29 17:40:00,-5,680895600,27.3,4.12,7.8,11.9,18.2,23.6,23.0
2021-07-29 17:50:00,-5,680896200,28.0,4.12,7.9,11.9,18.1,23.6,22.8
2021-07-29 18:00:00,-5,680896800,28.3,4.12,7.8,12.0,18.2,23.6,22.8
2021-07-29 18:10:00,-5,680897400,27.5,4.12,7.8,12.0,18.2,23.6,23.0
2021-07-29 18:20:00,-5,680898000,27.5,4.12,7.9,11.9,18.1,23.6,23.1
2021-07-29 18:30:00,-5,680898600,27.0,4.12,7.9,11.9,18.1,23.6,23.1
2021-07-29 18:40:00,-5,680899200,26.0,4.12,7.9,12.0,18.2,23.7,23.1
2021-07-29 18:50:00,-5,680899800,25.5,4.12,7.9,12.0,18.2,23.6,23.1
2021-07-29 19:00:00,-5,680900400,25.3,4.12,7.9,11.9,18.1,23.6,23.1
2021-07-29 19:10:00,-5,680901000,25.0,4.12,7.9,12.0,18.2,23.6,23.2
2021-07-29 19:20:00,-5,680901600,24.8,4.12,7.9,12.0,18.2,23.6,23.1
2021-07-29 19:30:00,-5,680902200,24.0,4.12,7.9,12.0,18.1,23.6,23.1
2021-07-29 19:40:00,-5,680902800,23.5,4.12,7.9,12.0,18.2,23.6,23.0
2021-07-29 19:50:00,-5,680903400,23.0,4.12,7.9,12.0,18.1,23.6,23.1
2021-07-29 20:00:00,-5,680904000,23.0,4.12,7.9,12.0,18.2,23.7,23.1
2021-07-29 20:10:00,-5,680904600,23.0,4.12,7.9,12.0,18.1,23.6,23.1
2021-07-29 20:20:00,-5,680905200,23.3,4.12,7.9,12.0,18.1,23.7,23.1
2021-07-29 20:30:00,-5,680905800,23.3,4.12,7.9,12.0,18.1,23.8,23.2
2021-07-29 20:40:00,-5,680906400,23.3,4.12,7.9,12.0,18.1,23.8,23.1
2021-07-29 20:50:00,-5,680907000,22.5,4.12,7.9,12.0,18.2,23.7,23.1
2021-07-29 21:00:00,-5,680907600,22.3,4.12,7.9,12.0,18.1,23.8,23.1
2021-07-29 21:10:00,-5,680908200,21.5,4.12,7.9,12.0,18.1,23.8,23.1
2021-07-29 21:20:00,-5,680908800,21.3,4.12,7.9,12.0,18.2,23.6,23.0
2021-07-29 21:30:00,-5,680909400,21.0,4.12,7.9,12.0,18.1,23.8,23.1
2021-07-29 21:40:00,-5,680910000,20.8,4.12,7.9,12.0,18.1,23.8,23.1
2021-07-29 21:50:00,-5,680910600,20.5,4.12,7.8,12.1,18.2,23.8,23.1
2021-07-29 22:00:00,-5,680911200,20.5,4.12,7.9,12.0,18.1,23.8,23.1
2021-07-29 22:10:00,-5,680911800,20.3,4.12,7.8,12.1,18.2,23.7,23.0
2021-07-29 22:20:00,-5,680912400,20.3,4.11,7.8,12.0,18.1,23.8,23.2
2021-07-29 22:30:00,-5,680913000,20.0,4.11,7.8,12.0,18.1,23.7,23.1
2021-07-29 22:40:00,-5,680913600,20.3,4.11,7.8,12.0,18.1,23.7,23.1
2021-07-29 22:50:00,-5,680914200,20.0,4.11,7.8,12.0,18.1,23.7,23.2
2021-07-29 23:00:00,-5,680914800,20.3,4.11,7.8,12.1,18.2,23.7,23.1
2021-07-29 23:10:00,-5,680915400,20.3,4.11,7.8,12.0,18.1,23.7,23.2
2021-07-29 23:20:00,-5,680916000,20.0,4.11,7.8,12.0,18.1,23.8,23.2
2021-07-29 23:30:00,-5,680916600,20.3,4.11,7.8,12.0,18.1,23.8,23.3
2021-07-29 23:40:00,-5,680917200,20.3,4.11,7.7,12.1,18.3,23.7,23.3
2021-07-29 23:50:00,-5,680917800,20.3,4.11,7.7,12.1,18.3,23.7,23.2
2021-07-30 00:00:00,-5,680918400,20.5,4.11,7.8,12.0,18.1,23.6,23.2
2021-07-30 00:10:00,-5,680919000,20.5,4.11,7.8,12.0,18.1,23.6,23.1
2021-07-30 00:20:00,-5,680919600,20.5,4.11,7.7,12.0,18.1,23.8,23.1
2021-07-30 00:30:00,-5,680920200,20.3,4.11,7.7,12.0,18.1,23.7,23.0
2021-07-30 00:40:00,-5,680920800,20.5,4.11,7.7,12.0,18.1,23.7,23.0
2021-07-30 00:50:00,-5,680921400,20.5,4.11,7.7,12.1,18.3,23.6,23.2
2021-07-30 01:00:00,-5,680922000,20.3,4.11,7.7,12.0,18.2,23.6,23.1
2021-07-30 01:10:00,-5,680922600,20.3,4.11,7.7,12.1,18.3,23.6,23.2
2021-07-30 01:20:00,-5,680923200,20.0,4.11,7.6,12.1,18.3,23.6,23.1
2021-07-30 01:30:00,-5,680923800,20.3,4.11,7.6,12.1,18.3,23.6,23.1
2021-07-30 01:40:00,-5,680924400,20.0,4.11,7.6,12.1,18.3,23.6,23.1
2021-07-30 01:50:00,-5,680925000,20.0,4.11,7.7,12.0,18.2,23.6,23.1
2021-07-30 02:00:00,-5,680925600,20.0,4.11,7.7,12.0,18.2,23.6,23.3
2021-07-30 02:10:00,-5,680926200,19.8,4.11,7.6,12.1,18.3,23.6,23.1
2021-07-30 02:20:00,-5,680926800,19.8,4.11,7.6,12.0,18.2,23.6,23.2
2021-07-30 02:30:00,-5,680927400,19.8,4.11,7.6,12.1,18.3,23.6,23.2
2021-07-30 02:40:00,-5,680928000,19.5,4.11,7.6,12.1,18.3,23.5,23.1
2021-07-30 02:50:00,-5,680928600,19.8,4.11,7.6,12.0,18.2,23.5,23.1
2021-07-30 03:00:00,-5,680929200,20.0,4.11,7.6,12.1,18.3,23.5,23.1
2021-07-30 03:10:00,-5,680929800,20.0,4.11,7.6,12.1,18.3,23.5,23.1
2021-07-30 03:20:00,-5,680930400,19.8,4.11,7.6,12.0,18.2,23.6,23.1
2021-07-30 03:30:00,-5,680931000,19.3,4.11,7.5,12.1,18.3,23.5,23.1
2021-07-30 03:40:00,-5,680931600,19.3,4.11,7.6,12.0,18.2,23.4,23.1
2021-07-30 03:50:00,-5,680932200,19.3,4.11,7.6,12.0,18.2,23.5,23.1
2021-07-30 04:00:00,-5,680932800,19.5,4.11,7.5,12.0,18.3,23.3,23.2
2021-07-30 04:10:00,-5,680933400,19.5,4.11,7.5,12.0,18.3,23.5,23.1
2021-07-30 04:20:00,-5,680934000,19.5,4.11,7.5,12.0,18.3,23.4,23.1
2021-07-30 04:30:00,-5,680934600,19.5,4.11,7.5,12.0,18.2,23.3,23.1
2021-07-30 04:40:00,-5,680935200,19.3,4.11,7.5,12.0,18.3,23.3,23.1
2021-07-30 04:50:00,-5,680935800,19.0,4.11,7.5,12.0,18.2,23.3,23.1
2021-07-30 05:00:00,-5,680936400,19.0,4.11,7.5,12.0,18.2,23.5,23.1
2021-07-30 05:10:00,-5,680937000,18.8,4.11,7.5,12.0,18.3,23.4,23.1
2021-07-30 05:20:00,-5,680937600,18.5,4.11,7.4,12.0,18.3,23.5,23.2
2021-07-30 05:30:00,-5,680938200,19.0,4.11,7.4,12.0,18.3,23.3,23.1
2021-07-30 05:40:00,-5,680938800,19.3,4.11,7.4,12.0,18.3,23.3,23.2
2021-07-30 05:50:00,-5,680939400,19.8,4.11,7.4,12.0,18.3,23.2,23.1
2021-07-30 06:00:00,-5,680940000,20.5,4.11,7.5,12.0,18.2,23.2,23.1
2021-07-30 06:10:00,-5,680940600,21.8,4.11,7.5,12.0,18.2,23.3,23.1
2021-07-30 06:20:00,-5,680941200,23.3,4.11,7.4,12.0,18.2,23.3,23.1
2021-07-30 06:30:00,-5,680941800,24.0,4.11,7.4,12.0,18.2,23.2,23.1
2021-07-30 06:40:00,-5,680942400,25.0,4.11,7.5,12.0,18.2,23.3,23.1
2021-07-30 07:00:00,-5,680943600,27.5,4.11,7.4,12.0,18.3,23.1,23.1
2021-07-30 07:10:00,-5,680944200,29.0,4.11,7.4,12.0,18.3,23.1,23.2
2021-07-30 07:20:00,-5,680944800,30.5,4.12,7.4,11.9,18.2,23.2,23.1
2021-07-30 07:30:00,-5,680945400,31.5,4.12,7.5,11.9,18.2,23.2,23.0
2021-07-30 07:40:00,-5,680946000,32.8,4.12,7.5,11.9,18.2,23.2,23.1
2021-07-30 08:10:00,-5,680947800,36.8,4.11,7.4,12.0,18.3,23.1,23.2
2021-07-30 08:20:00,-5,680948400,37.0,4.11,7.5,11.9,18.2,23.0,23.1
2021-07-30 08:30:00,-5,680949000,37.5,4.11,7.5,12.0,18.3,23.1,23.1
2021-07-30 08:40:00,-5,680949600,38.8,4.11,7.5,11.9,18.2,23.1,23.1
2021-07-30 08:50:00,-5,680950200,39.3,4.11,7.5,11.9,18.2,23.2,23.2
2021-07-30 09:00:00,-5,680950800,40.0,4.11,7.5,11.9,18.2,23.1,23.1
2021-07-30 09:10:00,-5,680951400,41.0,4.11,7.6,11.9,18.2,23.1,23.1
2021-07-30 09:20:00,-5,680952000,42.3,4.12,7.6,11.9,18.2,23.1,23.2
2021-07-30 09:30:00,-5,680952600,43.5,4.11,7.5,11.9,18.3,23.0,23.1
2021-07-30 09:40:00,-5,680953200,44.3,4.12,7.5,12.0,18.3,23.1,23.1
2021-07-30 09:50:00,-5,680953800,45.5,4.12,7.6,11.9,18.3,23.1,22.8
2021-07-30 10:00:00,-5,680954400,46.3,4.12,7.6,11.9,18.2,23.1,23.1
2021-07-30 10:10:00,-5,680955000,45.3,4.12,7.6,11.9,18.3,23.0,23.1
2021-07-30 10:20:00,-5,680955600,46.8,4.12,7.6,11.9,18.3,23.1,23.0
2021-07-30 10:30:00,-5,680956200,48.5,4.12,7.7,11.9,18.2,23.1,23.0
2021-07-30 10:40:00,-5,680956800,48.3,4.12,7.6,11.9,18.3,23.1,23.1
2021-07-30 10:50:00,-5,680957400,48.8,4.12,7.7,11.9,18.3,23.1,23.0
2021-07-30 11:00:00,-5,680958000,49.5,4.12,7.7,11.9,18.2,23.2,23.1
2021-07-30 11:10:00,-5,680958600,48.3,4.12,7.7,11.9,18.3,23.1,23.0
2021-07-30 11:20:00,-5,680959200,46.0,4.12,7.8,11.9,18.2,23.1,23.0
2021-07-30 11:30:00,-5,680959800,46.0,4.12,7.7,11.9,18.3,23.2,23.0
2021-07-30 11:40:00,-5,680960400,48.5,4.12,7.8,11.9,18.2,23.1,23.0
2021-07-30 11:50:00,-5,680961000,48.8,4.12,7.8,11.9,18.3,23.2,23.0
2021-07-30 12:00:00,-5,680961600,46.8,4.12,7.8,11.9,18.3,23.2,23.0
2021-07-30 12:10:00,-5,680962200,46.0,4.12,7.8,11.9,18.3,23.2,23.0
2021-07-30 12:20:00,-5,680962800,48.5,4.12,7.9,11.9,18.2,23.3,23.0
2021-07-30 12:30:00,-5,680963400,48.5,4.12,7.8,11.9,18.3,23.3,23.0
2021-07-30 12:40:00,-5,680964000,48.5,4.12,7.8,11.9,18.3,23.3,23.1
2021-07-30 12:50:00,-5,680964600,46.3,4.12,7.9,11.9,18.2,23.4,22.8
2021-07-30 13:00:00,-5,680965200,49.8,4.12,7.9,11.9,18.2,23.5,22.8
2021-07-30 13:10:00,-5,680965800,47.5,4.12,7.9,11.9,18.2,23.4,23.0
2021-07-30 13:20:00,-5,680966400,49.8,4.12,7.9,12.0,18.3,23.3,23.0
2021-07-30 13:30:00,-5,680967000,46.0,4.12,8.0,11.9,18.2,23.5,23.0
2021-07-30 13:40:00,-5,680967600,48.3,4.12,8.0,11.9,18.2,23.4,22.8
2021-07-30 13:50:00,-5,680968200,49.8,4.12,8.0,11.9,18.2,23.4,23.0
2021-07-30 14:00:00,-5,680968800,45.0,4.12,8.0,11.9,18.2,23.5,23.0
2021-07-30 14:10:00,-5,680969400,41.8,4.12,8.0,11.9,18.2,23.5,23.0
2021-07-30 14:20:00,-5,680970000,46.0,4.12,8.0,12.0,18.3,23.5,23.0
2021-07-30 14:30:00,-5,680970600,45.5,4.12,8.0,12.0,18.3,23.6,23.0
2021-07-30 14:40:00,-5,680971200,44.5,4.12,8.0,12.0,18.3,23.6,23.0
2021-07-30 14:50:00,-5,680971800,43.3,4.12,8.1,11.9,18.2,23.6,22.8
2021-07-30 15:00:00,-5,680972400,43.0,4.12,8.1,12.0,18.2,23.6,23.0
2021-07-30 15:10:00,-5,680973000,43.0,4.12,8.1,12.0,18.3,23.6,23.1
2021-07-30 15:20:00,-5,680973600,39.5,4.12,8.1,12.0,18.2,23.7,22.8
2021-07-30 15:30:00,-5,680974200,39.8,4.12,8.2,12.0,18.2,23.7,23.1
2021-07-30 15:40:00,-5,680974800,40.3,4.12,8.2,12.0,18.2,23.7,23.0
2021-07-30 15:50:00,-5,680975400,39.8,4.12,8.1,12.0,18.3,23.8,23.0
2021-07-30 16:00:00,-5,680976000,37.8,4.12,8.1,12.0,18.3,23.7,23.1
2021-07-30 16:10:00,-5,680976600,38.0,4.12,8.2,12.0,18.2,23.8,23.0
2021-07-30 16:30:00,-5,680977800,34.5,4.12,8.2,12.0,18.2,23.8,23.0
2021-07-30 16:40:00,-5,680978400,34.0,4.12,8.2,12.0,18.3,23.8,23.1
2021-07-30 16:50:00,-5,680979000,33.3,4.12,8.2,12.1,18.3,23.8,23.0
2021-07-30 17:00:00,-5,680979600,33.0,4.12,8.2,12.0,18.2,23.8,23.0
2021-07-30 17:10:00,-5,680980200,31.8,4.12,8.2,12.0,18.2,23.7,22.8
2021-07-30 17:20:00,-5,680980800,29.0,4.12,8.2,12.0,18.2,23.7,23.0
2021-07-30 17:30:00,-5,680981400,27.3,4.12,8.2,12.1,18.3,23.8,23.1
2021-07-30 17:40:00,-5,680982000,26.3,4.12,8.2,12.0,18.2,23.8,23.0
2021-07-30 17:50:00,-5,680982600,25.8,4.12,8.2,12.1,18.2,24.0,23.0
2021-07-30 18:00:00,-5,680983200,25.5,4.12,8.2,12.1,18.2,23.8,23.1
2021-07-30 18:10:00,-5,680983800,25.0,4.12,8.1,12.1,18.3,24.0,23.2
2021-07-30 18:20:00,-5,680984400,24.5,4.12,8.2,12.1,18.2,24.0,23.1
2021-07-30 18:30:00,-5,680985000,24.3,4.12,8.2,12.1,18.2,24.0,23.1
2021-07-30 18:40:00,-5,680985600,23.8,4.12,8.1,12.1,18.2,24.0,23.0
2021-07-30 18:50:00,-5,680986200,23.5,4.12,8.1,12.1,18.3,24.0,23.1
2021-07-30 19:00:00,-5,680986800,22.5,4.12,8.1,12.1,18.3,24.0,23.0
2021-07-30 19:10:00,-5,680987400,21.3,4.12,8.1,12.1,18.3,24.0,23.1
2021-07-30 19:20:00,-5,680988000,20.0,4.12,8.0,12.1,18.3,24.0,23.1
2021-07-30 19:30:00,-5,680988600,19.0,4.12,8.1,12.1,18.2,24.0,23.2
2021-07-30 19:40:00,-5,680989200,18.5,4.12,8.0,12.1,18.3,24.0,23.2
2021-07-30 19:50:00,-5,680989800,17.8,4.12,8.0,12.2,18.3,24.0,23.0
2021-07-30 20:00:00,-5,680990400,17.5,4.12,8.0,12.2,18.3,24.0,23.0
2021-07-30 20:10:00,-5,680991000,17.3,4.12,8.0,12.1,18.2,24.0,23.1
2021-07-30 20:20:00,-5,680991600,17.0,4.12,8.0,12.1,18.2,24.0,23.1
2021-07-30 20:30:00,-5,680992200,16.5,4.12,7.9,12.2,18.3,24.0,23.2
2021-07-30 20:40:00,-5,680992800,16.0,4.12,7.9,12.1,18.2,24.0,23.1
2021-07-30 20:50:00,-5,680993400,16.0,4.12,7.9,12.2,18.3,24.0,23.1
2021-07-30 21:00:00,-5,680994000,15.8,4.12,7.9,12.1,18.2,24.0,23.1
2021-07-30 21:10:00,-5,680994600,15.8,4.12,7.8,12.2,18.3,24.0,23.1
2021-07-30 21:20:00,-5,680995200,15.3,4.12,7.8,12.1,18.2,24.0,23.1
2021-07-30 21:30:00,-5,680995800,15.0,4.12,7.8,12.1,18.2,23.7,23.1
2021-07-30 21:40:00,-5,680996400,15.0,4.12,7.8,12.1,18.2,23.7,23.1
2021-07-30 21:50:00,-5,680997000,14.8,4.11,7.7,12.2,18.3,23.8,23.0
2021-07-30 22:00:00,-5,680997600,14.8,4.11,7.7,12.2,18.3,23.8,23.1
2021-07-30 22:10:00,-5,680998200,14.8,4.12,7.7,12.1,18.2,23.8,23.2
2021-07-30 22:20:00,-5,680998800,14.5,4.11,7.7,12.1,18.2,23.8,23.2
2021-07-30 22:30:00,-5,680999400,14.5,4.11,7.6,12.1,18.2,23.8,23.1
2021-07-30 22:40:00,-5,681000000,14.3,4.11,7.6,12.1,18.2,23.8,23.2
2021-07-30 22:50:00,-5,681000600,14.5,4.11,7.6,12.1,18.4,23.8,23.1
2021-07-30 23:00:00,-5,681001200,14.8,4.11,7.5,12.1,18.3,23.6,23.1
2021-07-30 23:10:00,-5,681001800,15.3,4.11,7.5,12.1,18.2,23.8,23.2
2021-07-30 23:20:00,-5,681002400,15.0,4.11,7.5,12.1,18.4,23.7,23.2
2021-07-30 23:30:00,-5,681003000,14.8,4.11,7.5,12.1,18.3,23.6,23.1
2021-07-30 23:40:00,-5,681003600,14.3,4.11,7.4,12.1,18.4,23.5,23.0
2021-07-30 23:50:00,-5,681004200,14.0,4.11,7.4,12.1,18.4,23.6,23.0
2021-07-31 00:00:00,-5,681004800,13.8,4.11,7.4,12.1,18.3,23.5,23.2
2021-07-31 00:10:00,-5,681005400,13.3,4.11,7.4,12.1,18.4,23.6,23.1
2021-07-31 00:20:00,-5,681006000,13.3,4.11,7.3,12.1,18.4,23.6,23.2
2021-07-31 00:30:00,-5,681006600,13.0,4.11,7.3,12.1,18.3,23.4,23.3
2021-07-31 00:40:00,-5,681007200,12.8,4.11,7.3,12.0,18.2,23.3,23.1
2021-07-31 00:50:00,-5,681007800,12.8,4.11,7.3,12.0,18.4,23.4,23.2
2021-07-31 01:00:00,-5,681008400,12.3,4.11,7.2,12.0,18.4,23.4,23.2
2021-07-31 01:10:00,-5,681009000,12.3,4.11,7.3,12.0,18.2,23.3,23.1
2021-07-31 01:20:00,-5,681009600,12.0,4.11,7.2,12.0,18.2,23.3,23.3
2021-07-31 01:30:00,-5,681010200,12.0,4.11,7.2,12.0,18.2,23.3,23.2
2021-07-31 01:40:00,-5,681010800,12.0,4.11,7.2,11.9,18.3,23.2,23.2
2021-07-31 01:50:00,-5,681011400,12.0,4.11,7.1,12.0,18.4,23.3,23.1
2021-07-31 02:00:00,-5,681012000,12.0,4.11,7.1,11.9,18.2,23.2,23.2
2021-07-31 02:10:00,-5,681012600,11.8,4.11,7.1,11.9,18.2,23.1,23.2
2021-07-31 02:20:00,-5,681013200,11.5,4.11,7.0,12.0,18.4,23.1,23.2
2021-07-31 02:30:00,-5,681013800,11.3,4.11,7.1,11.9,18.2,23.0,23.2
2021-07-31 02:40:00,-5,681014400,11.3,4.11,7.0,11.9,18.4,23.0,23.1
2021-07-31 02:50:00,-5,681015000,11.0,4.11,7.0,11.9,18.2,23.0,23.3
2021-07-31 03:00:00,-5,681015600,11.0,4.11,7.0,11.9,18.3,23.0,23.2
2021-07-31 03:10:00,-5,681016200,11.0,4.11,7.0,11.9,18.2,23.0,23.2
2021-07-31 03:20:00,-5,681016800,10.8,4.11,6.9,11.9,18.2,23.0,23.1
2021-07-31 03:30:00,-5,681017400,10.8,4.11,6.9,11.9,18.4,22.8,23.3
2021-07-31 03:40:00,-5,681018000,10.5,4.11,6.8,11.9,18.4,22.8,23.1
2021-07-31 03:50:00,-5,681018600,10.5,4.11,6.8,11.9,18.4,22.8,23.1
2021-07-31 04:00:00,-5,681019200,10.3,4.11,6.8,11.8,18.2,22.7,23.2
2021-07-31 04:10:00,-5,681019800,10.3,4.11,6.8,11.8,18.2,22.6,23.2
2021-07-31 04:20:00,-5,681020400,10.5,4.11,6.8,11.8,18.2,22.7,23.2
2021-07-31 04:30:00,-5,681021000,10.5,4.11,6.8,11.8,18.2,22.6,23.2
2021-07-31 04:40:00,-5,681021600,10.8,4.11,6.7,11.8,18.4,22.6,23.2
2021-07-31 04:50:00,-5,681022200,10.5,4.11,6.7,11.8,18.4,22.6,23.2
2021-07-31 05:00:00,-5,681022800,10.8,4.11,6.7,11.7,18.2,22.5,23.1
2021-07-31 05:10:00,-5,681023400,11.0,4.11,6.6,11.8,18.4,22.6,23.1
2021-07-31 05:20:00,-5,681024000,11.0,4.11,6.6,11.8,18.4,22.5,23.0
2021-07-31 05:30:00,-5,681024600,11.3,4.11,6.6,11.8,18.4,22.4,23.0
2021-07-31 05:40:00,-5,681025200,11.8,4.11,6.6,11.7,18.3,22.4,23.0
2021-07-31 05:50:00,-5,681025800,12.5,4.11,6.5,11.7,18.4,22.3,23.0
2021-07-31 06:00:00,-5,681026400,13.5,4.11,6.5,11.7,18.4,22.3,23.0
2021-07-31 06:10:00,-5,681027000,15.3,4.11,6.5,11.7,18.4,22.3,23.1
2021-07-31 06:20:00,-5,681027600,15.5,4.11,6.5,11.7,18.3,22.3,23.1
2021-07-31 06:30:00,-5,681028200,16.3,4.11,6.5,11.7,18.3,22.3,23.0
2021-07-31 06:40:00,-5,681028800,17.5,4.11,6.5,11.7,18.4,22.2,22.8
2021-07-31 06:50:00,-5,681029400,18.5,4.11,6.5,11.6,18.2,22.3,22.8
2021-07-31 07:00:00,-5,681030000,18.5,4.12,6.4,11.6,18.3,22.2,22.8
2021-07-31 07:10:00,-5,681030600,19.0,4.12,6.4,11.6,18.3,22.1,22.8
2021-07-31 07:20:00,-5,681031200,19.5,4.12,6.4,11.6,18.3,22.1,23.0
2021-07-31 07:30:00,-5,681031800,20.0,4.12,6.4,11.6,18.3,22.1,23.1
2021-07-31 07:40:00,-5,681032400,21.0,4.12,6.5,11.6,18.2,22.1,22.8
2021-07-31 07:50:00,-5,681033000,22.0,4.12,6.5,11.5,18.2,22.1,22.8
2021-07-31 08:00:00,-5,681033600,22.8,4.12,6.5,11.5,18.2,22.0,23.0
2021-07-31 08:10:00,-5,681034200,23.8,4.12,6.5,11.5,18.2,22.0,22.8
2021-07-31 08:20:00,-5,681034800,24.3,4.12,6.5,11.5,18.2,22.0,22.8
2021-07-31 08:30:00,-5,681035400,25.0,4.12,6.4,11.5,18.3,22.0,22.8
2021-07-31 08:40:00,-5,681036000,26.3,4.12,6.5,11.5,18.2,22.0,22.8
2021-07-31 08:50:00,-5,681036600,29.5,4.12,6.4,11.5,18.3,22.0,22.7
2021-07-31 09:00:00,-5,681037200,31.5,4.12,6.5,11.5,18.3,22.0,22.8
2021-07-31 09:10:00,-5,681037800,33.5,4.12,6.5,11.5,18.3,22.0,22.8
2021-07-31 09:20:00,-5,681038400,36.8,4.12,6.5,11.4,18.2,22.0,22.8
2021-07-31 09:30:00,-5,681039000,37.8,4.12,6.5,11.5,18.3,21.7,22.7
2021-07-31 09:40:00,-5,681039600,39.5,4.12,6.5,11.4,18.2,21.8,22.8
2021-07-31 09:50:00,-5,681040200,41.5,4.12,6.5,11.5,18.3,21.7,22.7
2021-07-31 10:00:00,-5,681040800,42.8,4.12,6.6,11.4,18.2,21.8,22.7
2021-07-31 10:10:00,-5,681041400,42.8,4.12,6.6,11.4,18.2,22.0,22.6
2021-07-31 10:20:00,-5,681042000,44.3,4.12,6.6,11.4,18.3,21.8,22.6
2021-07-31 10:30:00,-5,681042600,45.3,4.12,6.6,11.4,18.2,22.1,22.7
2021-07-31 10:40:00,-5,681043200,44.0,4.12,6.6,11.4,18.3,21.7,22.7
2021-07-31 10:50:00,-5,681043800,45.5,4.12,6.7,11.4,18.2,21.8,22.6
2021-07-31 11:00:00,-5,681044400,46.3,4.12,6.7,11.4,18.2,21.7,22.6
2021-07-31 11:10:00,-5,681045000,46.0,4.12,6.7,11.4,18.3,21.8,22.6
2021-07-31 11:20:00,-5,681045600,47.0,4.12,6.7,11.4,18.2,21.8,22.6
2021-07-31 11:30:00,-5,681046200,47.0,4.12,6.7,11.4,18.3,22.0,22.6
2021-07-31 11:40:00,-5,681046800,46.3,4.12,6.8,11.4,18.2,21.8,22.6
2021-07-31 11:50:00,-5,681047400,47.0,4.12,6.8,11.4,18.2,21.8,22.5
2021-07-31 12:00:00,-5,681048000,47.8,4.12,6.8,11.4,18.3,21.8,22.5
2021-07-31 12:10:00,-5,681048600,46.5,4.12,6.9,11.4,18.2,21.8,22.6
2021-07-31 12:20:00,-5,681049200,47.0,4.12,6.9,11.4,18.2,21.8,22.6
2021-07-31 12:30:00,-5,681049800,45.3,4.12,6.9,11.4,18.3,21.8,22.6
2021-07-31 12:40:00,-5,681050400,41.0,4.12,7.0,11.3,18.2,21.7,22.5
2021-07-31 12:50:00,-5,681051000,44.5,4.12,7.0,11.3,18.2,22.0,22.3
2021-07-31 13:00:00,-5,681051600,38.3,4.12,7.0,11.4,18.3,21.8,22.6
2021-07-31 13:10:00,-5,681052200,42.3,4.12,7.0,11.4,18.2,22.0,22.5
2021-07-31 13:20:00,-5,681052800,43.0,4.12,7.0,11.4,18.3,22.0,22.5
2021-07-31 13:30:00,-5,681053400,40.5,4.14,7.1,11.4,18.3,22.0,22.5
2021-07-31 13:40:00,-5,681054000,44.5,4.14,7.1,11.4,18.2,22.0,22.5
2021-07-31 13:50:00,-5,681054600,44.8,4.12,7.1,11.4,18.2,22.1,22.5
2021-07-31 14:00:00,-5,681055200,42.8,4.14,7.2,11.4,18.2,22.1,22.5
2021-07-31 14:10:00,-5,681055800,44.3,4.14,7.2,11.4,18.2,22.1,22.3
2021-07-31 14:20:00,-5,681056400,43.8,4.14,7.2,11.4,18.2,22.0,22.5
2021-07-31 14:40:00,-5,681057600,43.3,4.12,7.3,11.4,18.2,22.1,22.5
2021-07-31 15:00:00,-5,681058800,41.3,4.14,7.3,11.4,18.2,22.2,22.5
2021-07-31 15:10:00,-5,681059400,40.5,4.14,7.3,11.4,18.1,22.1,22.3
2021-07-31 15:20:00,-5,681060000,39.8,4.14,7.3,11.4,18.3,22.1,22.3
2021-07-31 15:30:00,-5,681060600,39.5,4.14,7.4,11.4,18.2,22.3,22.3
2021-07-31 15:40:00,-5,681061200,38.5,4.14,7.4,11.4,18.2,22.2,22.3
2021-07-31 15:50:00,-5,681061800,37.8,4.14,7.4,11.5,18.3,22.3,22.3
2021-07-31 16:00:00,-5,681062400,36.8,4.14,7.4,11.4,18.1,22.3,22.3
2021-07-31 16:10:00,-5,681063000,36.3,4.14,7.5,11.4,18.1,22.3,22.3
2021-07-31 16:20:00,-5,681063600,36.0,4.14,7.4,11.5,18.3,22.3,22.3
2021-07-31 16:30:00,-5,681064200,35.0,4.14,7.4,11.5,18.3,22.3,22.2
2021-07-31 16:40:00,-5,681064800,34.0,4.14,7.5,11.5,18.1,22.4,22.3
2021-07-31 16:50:00,-5,681065400,33.0,4.14,7.5,11.5,18.2,22.4,22.3
2021-07-31 17:00:00,-5,681066000,31.8,4.14,7.5,11.5,18.3,22.4,22.2
2021-07-31 17:10:00,-5,681066600,30.0,4.14,7.5,11.5,18.3,22.4,22.3
2021-07-31 17:20:00,-5,681067200,27.0,4.12,7.5,11.5,18.3,22.4,22.5
2021-07-31 17:30:00,-5,681067800,25.0,4.12,7.5,11.5,18.3,22.4,22.3
2021-07-31 17:40:00,-5,681068400,23.8,4.12,7.5,11.5,18.1,22.4,22.3
2021-07-31 17:50:00,-5,681069000,23.0,4.14,7.5,11.5,18.1,22.6,22.3
2021-07-31 18:00:00,-5,681069600,22.8,4.14,7.5,11.5,18.1,22.5,22.3
2021-07-31 18:10:00,-5,681070200,22.3,4.14,7.5,11.5,18.1,22.5,22.5
2021-07-31 18:20:00,-5,681070800,21.5,4.12,7.5,11.5,18.1,22.6,22.3
2021-07-31 18:30:00,-5,681071400,20.5,4.12,7.5,11.5,18.1,22.6,22.2
2021-07-31 18:40:00,-5,681072000,20.0,4.12,7.5,11.5,18.1,22.6,22.3
2021-07-31 18:50:00,-5,681072600,19.3,4.12,7.5,11.5,18.1,22.5,22.3
2021-07-31 19:00:00,-5,681073200,18.5,4.12,7.4,11.6,18.3,22.6,22.3
2021-07-31 19:10:00,-5,681073800,17.8,4.12,7.4,11.6,18.3,22.6,22.3
2021-07-31 19:20:00,-5,681074400,17.3,4.12,7.4,11.6,18.1,22.5,22.5
2021-07-31 19:30:00,-5,681075000,16.8,4.12,7.4,11.6,18.1,22.7,22.3
2021-07-31 19:40:00,-5,681075600,16.5,4.12,7.4,11.6,18.1,22.6,22.3
2021-07-31 19:50:00,-5,681076200,16.0,4.12,7.3,11.6,18.3,22.6,22.3
2021-07-31 20:00:00,-5,681076800,15.8,4.12,7.3,11.6,18.3,22.6,22.3
2021-07-31 20:10:00,-5,681077400,15.5,4.12,7.3,11.6,18.3,22.6,22.5
2021-07-31 20:20:00,-5,681078000,15.3,4.12,7.3,11.6,18.1,22.6,22.3
2021-07-31 20:30:00,-5,681078600,15.3,4.12,7.3,11.6,18.2,22.6,22.3
2021-07-31 20:40:00,-5,681079200,15.0,4.12,7.3,11.6,18.1,22.7,22.5
2021-07-31 20:50:00,-5,681079800,15.0,4.12,7.3,11.6,18.1,22.6,22.5
2021-07-31 21:00:00,-5,681080400,14.8,4.12,7.2,11.6,18.1,22.7,22.3
2021-07-31 21:10:00,-5,681081000,14.8,4.12,7.2,11.6,18.3,22.5,22.5
2021-07-31 21:20:00,-5,681081600,14.8,4.12,7.2,11.6,18.3,22.6,22.3
2021-07-31 21:30:00,-5,681082200,14.5,4.12,7.1,11.6,18.3,22.5,22.3
2021-07-31 21:40:00,-5,681082800,14.8,4.12,7.1,11.6,18.3,22.5,22.3
2021-07-31 21:50:00,-5,681083400,14.5,4.12,7.1,11.6,18.1,22.6,22.5
2021-07-31 22:00:00,-5,681084000,14.5,4.12,7.1,11.6,18.1,22.5,22.3
2021-07-31 22:10:00,-5,681084600,14.5,4.12,7.1,11.6,18.1,22.5,22.6
2021-07-31 22:20:00,-5,681085200,14.5,4.12,7.1,11.6,18.1,22.5,22.3
2021-07-31 22:30:00,-5,681085800,14.5,4.12,7.1,11.6,18.1,22.5,22.5
2021-07-31 22:40:00,-5,681086400,14.5,4.12,7.0,11.6,18.2,22.5,22.5
2021-07-31 22:50:00,-5,681087000,14.3,4.12,7.0,11.6,18.1,22.5,22.5
2021-07-31 23:00:00,-5,681087600,14.3,4.12,7.0,11.6,18.3,22.4,22.5
2021-07-31 23:10:00,-5,681088200,14.0,4.12,6.9,11.6,18.3,22.4,22.5
2021-07-31 23:20:00,-5,681088800,13.8,4.12,7.0,11.6,18.1,22.4,22.5
2021-07-31 23:30:00,-5,681089400,13.8,4.12,6.9,11.6,18.3,22.3,22.5
2021-07-31 23:40:00,-5,681090000,13.5,4.12,6.9,11.6,18.3,22.3,22.5
2021-07-31 23:50:00,-5,681090600,13.5,4.12,6.9,11.5,18.1,22.4,22.5
2021-08-01 00:00:00,-5,681091200,13.3,4.12,6.9,11.5,18.1,22.3,22.3
2021-08-01 00:10:00,-5,681091800,13.0,4.12,6.8,11.6,18.3,22.3,22.5
2021-08-01 00:20:00,-5,681092400,13.0,4.12,6.9,11.5,18.1,22.3,22.5
2021-08-01 00:30:00,-5,681093000,13.3,4.12,6.8,11.6,18.3,22.2,22.3
2021-08-01 00:40:00,-5,681093600,13.3,4.12,6.8,11.5,18.3,22.3,22.5
2021-08-01 00:50:00,-5,681094200,13.3,4.12,6.8,11.5,18.1,22.3,22.5
2021-08-01 01:00:00,-5,681094800,13.0,4.12,6.7,11.5,18.2,22.2,22.5
2021-08-01 01:10:00,-5,681095400,13.0,4.12,6.7,11.5,18.3,22.2,22.3
2021-08-01 01:20:00,-5,681096000,12.8,4.12,6.7,11.5,18.3,22.2,22.3
2021-08-01 01:30:00,-5,681096600,13.0,4.12,6.7,11.5,18.1,22.1,22.3
2021-08-01 01:40:00,-5,681097200,12.8,4.12,6.7,11.5,18.1,22.1,22.3
2021-08-01 01:50:00,-5,681097800,12.8,4.12,6.6,11.5,18.2,22.1,22.5
2021-08-01 02:00:00,-5,681098400,12.5,4.12,6.6,11.5,18.2,22.1,22.3
2021-08-01 02:10:00,-5,681099000,12.5,4.12,6.7,11.4,18.1,22.2,22.5
2021-08-01 02:20:00,-5,681099600,12.5,4.11,6.6,11.4,18.2,22.1,22.3
2021-08-01 02:30:00,-5,681100200,12.5,4.11,6.6,11.5,18.3,22.2,22.3
2021-08-01 02:40:00,-5,681100800,12.3,4.11,6.5,11.5,18.3,22.1,22.3
2021-08-01 02:50:00,-5,681101400,12.3,4.11,6.5,11.5,18.2,22.0,22.3
2021-08-01 03:00:00,-5,681102000,12.5,4.11,6.6,11.4,18.1,22.0,22.3
2021-08-01 03:10:00,-5,681102600,12.8,4.11,6.5,11.4,18.2,22.0,22.3
2021-08-01 03:20:00,-5,681103200,12.8,4.11,6.5,11.4,18.1,22.0,22.3
2021-08-01 03:30:00,-5,681103800,12.8,4.11,6.5,11.4,18.1,22.0,22.3
2021-08-01 03:40:00,-5,681104400,12.8,4.11,6.5,11.4,18.2,21.7,22.3
2021-08-01 03:50:00,-5,681105000,12.8,4.11,6.4,11.4,18.2,21.8,22.3
2021-08-01 04:00:00,-5,681105600,12.8,4.11,6.4,11.4,18.2,21.8,22.3
2021-08-01 04:10:00,-5,681106200,13.0,4.11,6.4,11.4,18.2,21.8,22.3
2021-08-01 04:20:00,-5,681106800,12.8,4.11,6.4,11.4,18.2,21.8,22.3
2021-08-01 04:30:00,-5,681107400,13.0,4.11,6.4,11.4,18.2,21.8,22.3
2021-08-01 04:40:00,-5,681108000,12.8,4.11,6.4,11.3,18.1,21.7,22.3
2021-08-01 04:50:00,-5,681108600,13.0,4.11,6.4,11.3,18.1,21.7,22.3
2021-08-01 05:00:00,-5,681109200,13.0,4.11,6.3,11.3,18.2,21.6,22.3
2021-08-01 05:10:00,-5,681109800,13.3,4.11,6.3,11.3,18.2,21.7,22.2
2021-08-01 05:20:00,-5,681110400,14.0,4.11,6.3,11.3,18.2,21.7,22.2
2021-08-01 05:30:00,-5,681111000,14.5,4.11,6.4,11.3,18.1,21.6,22.2
2021-08-01 05:40:00,-5,681111600,15.0,4.11,6.4,11.3,18.1,21.6,22.3
2021-08-01 05:50:00,-5,681112200,15.5,4.11,6.4,11.3,18.1,21.7,22.2
2021-08-01 06:00:00,-5,681112800,16.0,4.11,6.3,11.3,18.2,21.5,22.2
2021-08-01 06:10:00,-5,681113400,16.5,4.11,6.3,11.2,18.1,21.6,22.1
2021-08-01 06:20:00,-5,681114000,16.5,4.11,6.3,11.2,18.1,21.5,22.1
2021-08-01 06:30:00,-5,681114600,17.0,4.11,6.3,11.2,18.1,21.6,22.2
2021-08-01 06:40:00,-5,681115200,17.5,4.11,6.3,11.3,18.2,21.5,22.2
2021-08-01 06:50:00,-5,681115800,17.8,4.11,6.3,11.2,18.1,21.5,22.2
2021-08-01 07:00:00,-5,681116400,17.8,4.12,6.3,11.2,18.1,21.4,22.0
2021-08-01 07:10:00,-5,681117000,18.8,4.12,6.3,11.2,18.1,21.5,22.2
2021-08-01 07:20:00,-5,681117600,19.0,4.12,6.3,11.2,18.2,21.5,22.2
2021-08-01 07:30:00,-5,681118200,19.3,4.12,6.3,11.2,18.2,21.4,22.1
2021-08-01 07:40:00,-5,681118800,19.5,4.12,6.3,11.2,18.1,21.4,22.2
2021-08-01 07:50:00,-5,681119400,19.3,4.11,6.3,11.2,18.2,21.3,22.1
2021-08-01 08:00:00,-5,681120000,19.0,4.11,6.3,11.2,18.1,21.4,22.1
2021-08-01 08:10:00,-5,681120600,18.8,4.11,6.3,11.2,18.2,21.3,22.1
2021-08-01 08:20:00,-5,681121200,19.0,4.11,6.3,11.1,18.1,21.4,22.2
2021-08-01 08:30:00,-5,681121800,19.0,4.11,6.3,11.1,18.1,21.4,22.1
2021-08-01 08:40:00,-5,681122400,19.0,4.12,6.3,11.1,18.1,21.3,22.1
2021-08-01 08:50:00,-5,681123000,20.0,4.12,6.3,11.2,18.2,21.3,22.0
2021-08-01 09:00:00,-5,681123600,21.5,4.12,6.3,11.2,18.2,21.3,22.1
2021-08-01 09:10:00,-5,681124200,24.0,4.12,6.3,11.1,18.2,21.3,22.1
2021-08-01 09:20:00,-5,681124800,25.8,4.12,6.3,11.1,18.2,21.2,22.1
2021-08-01 09:30:00,-5,681125400,26.5,4.12,6.3,11.1,18.2,21.3,22.0
2021-08-01 09:40:00,-5,681126000,26.5,4.12,6.4,11.1,18.1,21.3,22.0
2021-08-01 09:50:00,-5,681126600,26.0,4.12,6.3,11.1,18.2,21.1,22.0
2021-08-01 10:00:00,-5,681127200,26.0,4.12,6.3,11.1,18.2,21.3,22.1
2021-08-01 10:10:00,-5,681127800,26.5,4.12,6.4,11.1,18.2,21.3,22.1
2021-08-01 10:20:00,-5,681128400,28.0,4.12,6.4,11.1,18.1,21.3,22.1
2021-08-01 10:30:00,-5,681129000,28.5,4.12,6.4,11.1,18.1,21.2,22.1
2021-08-01 10:40:00,-5,681129600,26.8,4.12,6.5,11.1,18.1,21.2,22.0
2021-08-01 10:50:00,-5,681130200,26.8,4.12,6.4,11.1,18.2,21.1,22.1
2021-08-01 11:00:00,-5,681130800,25.8,4.12,6.5,11.1,18.1,21.3,22.0
2021-08-01 11:10:00,-5,681131400,24.5,4.12,6.5,11.1,18.1,21.2,22.0
2021-08-01 11:20:00,-5,681132000,25.0,4.12,6.5,11.1,18.1,21.3,22.1
2021-08-01 11:30:00,-5,681132600,27.3,4.12,6.5,11.1,18.1,21.3,22.0
2021-08-01 11:40:00,-5,681133200,26.3,4.12,6.5,11.1,18.2,21.1,21.8
2021-08-01 11:50:00,-5,681133800,24.3,4.12,6.5,11.1,18.2,21.2,22.0
2021-08-01 12:00:00,-5,681134400,22.5,4.12,6.6,11.1,18.1,21.3,22.0
2021-08-01 12:10:00,-5,681135000,22.3,4.12,6.6,11.1,18.1,21.2,22.0
2021-08-01 12:20:00,-5,681135600,23.3,4.12,6.5,11.1,18.2,21.3,22.0
2021-08-01 12:30:00,-5,681136200,23.3,4.12,6.6,11.1,18.2,21.3,21.7
2021-08-01 12:40:00,-5,681136800,22.8,4.12,6.6,11.1,18.2,21.3,21.8
2021-08-01 12:50:00,-5,681137400,24.3,4.12,6.6,11.1,18.1,21.3,21.8
2021-08-01 13:00:00,-5,681138000,30.3,4.12,6.6,11.1,18.1,21.4,21.8
2021-08-01 13:10:00,-5,681138600,31.8,4.12,6.7,11.1,18.1,21.3,22.0
2021-08-01 13:20:00,-5,681139200,31.0,4.12,6.6,11.1,18.2,21.4,21.7
2021-08-01 13:30:00,-5,681139800,29.5,4.12,6.7,11.1,18.1,21.3,21.8
2021-08-01 13:40:00,-5,681140400,28.0,4.12,6.7,11.1,18.1,21.4,21.7
2021-08-01 13:50:00,-5,681141000,27.3,4.12,6.7,11.1,18.2,21.3,21.7
2021-08-01 14:00:00,-5,681141600,27.3,4.12,6.7,11.1,18.2,21.4,21.8
2021-08-01 14:10:00,-5,681142200,28.5,4.12,6.7,11.1,18.1,21.4,21.7
2021-08-01 14:20:00,-5,681142800,28.0,4.12,6.7,11.1,18.1,21.5,21.7
2021-08-01 14:30:00,-5,681143400,25.3,4.12,6.7,11.1,18.2,21.4,21.7
2021-08-01 14:40:00,-5,681144000,24.3,4.12,6.7,11.1,18.2,21.4,21.8
2021-08-01 14:50:00,-5,681144600,24.0,4.12,6.8,11.1,18.1,21.5,21.7
2021-08-01 15:00:00,-5,681145200,24.0,4.12,6.8,11.1,18.2,21.5,21.7
2021-08-01 15:10:00,-5,681145800,24.8,4.12,6.8,11.1,18.2,21.5,21.7
2021-08-01 15:20:00,-5,681146400,24.5,4.12,6.8,11.1,18.2,21.3,21.8
2021-08-01 15:30:00,-5,681147000,24.0,4.12,6.8,11.1,18.2,21.4,21.7
2021-08-01 15:40:00,-5,681147600,25.0,4.12,6.8,11.1,18.2,21.5,21.8
2021-08-01 15:50:00,-5,681148200,25.3,4.12,6.8,11.1,18.1,21.5,21.7
2021-08-01 16:00:00,-5,681148800,25.3,4.12,6.9,11.1,18.0,21.5,21.8
2021-08-01 16:10:00,-5,681149400,25.3,4.12,6.9,11.1,18.1,21.5,21.7
2021-08-01 16:20:00,-5,681150000,25.8,4.12,6.8,11.2,18.2,21.5,21.6
2021-08-01 16:30:00,-5,681150600,26.3,4.14,6.9,11.1,18.0,21.5,21.8
2021-08-01 16:40:00,-5,681151200,27.3,4.12,6.8,11.2,18.2,21.5,21.7
2021-08-01 16:50:00,-5,681151800,27.5,4.12,6.9,11.1,18.1,21.5,21.7
2021-08-01 17:00:00,-5,681152400,26.3,4.12,6.9,11.1,18.0,21.5,21.7
2021-08-01 17:10:00,-5,681153000,25.3,4.12,6.9,11.1,18.0,21.6,21.7
2021-08-01 17:20:00,-5,681153600,25.3,4.12,6.9,11.1,18.1,21.7,21.7
2021-08-01 17:30:00,-5,681154200,25.3,4.12,6.9,11.1,18.0,21.6,21.7
2021-08-01 17:40:00,-5,681154800,25.0,4.12,6.9,11.1,18.0,21.7,21.7
2021-08-01 17:50:00,-5,681155400,24.5,4.12,6.9,11.1,18.0,21.7,21.7
2021-08-01 18:00:00,-5,681156000,24.3,4.12,6.9,11.1,18.0,21.7,21.7
2021-08-01 18:10:00,-5,681156600,23.8,4.12,6.9,11.1,18.1,21.6,21.7
2021-08-01 18:20:00,-5,681157200,23.5,4.12,6.9,11.2,18.2,21.6,21.8
2021-08-01 18:30:00,-5,681157800,23.0,4.12,7.0,11.2,18.1,21.6,21.8
2021-08-01 18:40:00,-5,681158400,22.5,4.12,6.9,11.2,18.2,21.7,21.8
2021-08-01 18:50:00,-5,681159000,22.0,4.12,7.0,11.2,18.0,21.7,21.7
2021-08-01 19:00:00,-5,681159600,21.5,4.12,6.9,11.2,18.2,21.6,21.8
2021-08-01 19:10:00,-5,681160200,21.3,4.12,6.9,11.2,18.2,21.6,21.7
2021-08-01 19:20:00,-5,681160800,21.0,4.12,7.0,11.2,18.1,21.6,21.6
2021-08-01 19:30:00,-5,681161400,20.8,4.12,7.0,11.2,18.1,21.7,21.7
2021-08-01 19:40:00,-5,681162000,20.5,4.12,6.9,11.2,18.2,21.6,21.7
2021-08-01 19:50:00,-5,681162600,20.3,4.12,7.0,11.2,18.1,21.7,21.7
2021-08-01 20:00:00,-5,681163200,20.3,4.12,6.9,11.2,18.2,21.6,21.8
2021-08-01 20:10:00,-5,681163800,20.3,4.12,7.0,11.2,18.0,21.8,21.7
2021-08-01 20:20:00,-5,681164400,18.5,4.12,7.0,11.2,18.0,21.7,21.8
2021-08-01 20:30:00,-5,681165000,17.5,4.12,7.0,11.2,18.2,21.6,21.7
2021-08-01 20:40:00,-5,681165600,17.3,4.12,7.0,11.2,18.2,21.6,21.8
2021-08-01 20:50:00,-5,681166200,17.0,4.12,7.1,11.2,18.1,21.8,21.7
2021-08-01 21:00:00,-5,681166800,16.8,4.12,7.1,11.2,18.0,21.8,21.7
2021-08-01 21:10:00,-5,681167400,16.8,4.12,7.2,11.2,18.2,21.8,21.7
2021-08-01 21:20:00,-5,681168000,16.8,4.12,7.2,11.2,18.2,21.8,21.6
2021-08-01 21:30:00,-5,681168600,16.8,4.12,7.3,11.2,18.2,21.8,21.8
2021-08-01 21:40:00,-5,681169200,16.5,4.12,7.4,11.2,18.0,21.8,21.6
2021-08-01 21:50:00,-5,681169800,16.5,4.12,7.5,11.2,18.1,21.7,21.7
2021-08-01 22:00:00,-5,681170400,16.5,4.12,7.6,11.2,18.0,21.7,21.7
2021-08-01 22:10:00,-5,681171000,16.5,4.12,7.6,11.3,18.2,21.8,21.7
2021-08-01 22:20:00,-5,681171600,16.3,4.12,7.6,11.3,18.2,21.7,21.8
2021-08-01 22:30:00,-5,681172200,16.0,4.12,7.6,11.2,18.2,21.7,21.7
2021-08-01 22:40:00,-5,681172800,15.5,4.12,7.7,11.2,18.1,21.7,21.8
2021-08-01 22:50:00,-5,681173400,15.3,4.12,7.7,11.2,18.2,21.6,21.6
2021-08-01 23:00:00,-5,681174000,14.8,4.12,7.7,11.2,18.2,21.7,21.7
2021-08-01 23:10:00,-5,681174600,14.5,4.12,7.8,11.2,18.2,21.8,21.8
2021-08-01 23:20:00,-5,681175200,14.5,4.12,7.9,11.2,18.1,21.8,21.7
2021-08-01 23:30:00,-5,681175800,14.5,4.12,7.9,11.2,18.1,21.8,21.7
2021-08-01 23:40:00,-5,681176400,14.5,4.12,7.9,11.2,18.1,21.7,21.7
2021-08-01 23:50:00,-5,681177000,14.5,4.12,7.8,11.2,18.2,21.6,21.7
2021-08-02 00:00:00,-5,681177600,14.5,4.12,7.9,11.2,18.1,21.7,21.7
2021-08-02 00:10:00,-5,681178200,14.3,4.12,7.9,11.2,18.0,21.6,21.7
2021-08-02 00:20:00,-5,681178800,14.0,4.11,7.9,11.2,18.2,21.6,21.8
2021-08-02 00:30:00,-5,681179400,13.8,4.11,8.0,11.2,18.1,21.7,21.7
2021-08-02 00:40:00,-5,681180000,14.3,4.11,7.9,11.2,18.2,21.7,21.7
2021-08-02 00:50:00,-5,681180600,14.5,4.11,7.9,11.2,18.2,21.6,21.8
2021-08-02 01:00:00,-5,681181200,14.5,4.11,8.0,11.2,18.1,21.6,21.8
2021-08-02 01:10:00,-5,681181800,14.8,4.11,7.9,11.2,18.2,21.5,21.8
2021-08-02 01:20:00,-5,681182400,14.5,4.11,8.0,11.2,18.2,21.5,21.8
2021-08-02 01:30:00,-5,681183000,14.5,4.11,8.0,11.2,18.2,21.5,21.7
2021-08-02 01:40:00,-5,681183600,14.3,4.11,8.0,11.2,18.0,21.5,21.7
2021-08-02 01:50:00,-5,681184200,14.0,4.11,8.0,11.1,18.1,21.5,21.7
2021-08-02 02:00:00,-5,681184800,13.5,4.11,8.0,11.2,18.1,21.6,21.6
2021-08-02 02:10:00,-5,681185400,13.5,4.11,8.0,11.1,18.0,21.5,21.7
2021-08-02 02:20:00,-5,681186000,13.3,4.11,8.0,11.1,18.0,21.5,21.8
2021-08-02 02:30:00,-5,681186600,13.3,4.11,8.0,11.2,18.2,21.5,21.7
2021-08-02 02:40:00,-5,681187200,13.0,4.11,8.0,11.2,18.2,21.4,21.7
2021-08-02 02:50:00,-5,681187800,12.8,4.11,8.0,11.2,18.2,21.3,21.7
2021-08-02 03:00:00,-5,681188400,12.8,4.11,8.0,11.1,18.0,21.3,21.8
2021-08-02 03:10:00,-5,681189000,13.0,4.11,8.1,11.1,18.1,21.4,21.7
2021-08-02 03:20:00,-5,681189600,13.0,4.11,8.0,11.2,18.2,21.3,21.8
2021-08-02 03:30:00,-5,681190200,13.0,4.11,8.1,11.1,18.0,21.3,21.6
2021-08-02 03:40:00,-5,681190800,12.8,4.11,8.0,11.1,18.2,21.4,21.7
2021-08-02 03:50:00,-5,681191400,12.8,4.11,8.1,11.1,18.1,21.3,21.7
2021-08-02 04:00:00,-5,681192000,12.5,4.11,8.0,11.1,18.1,21.3,21.7
2021-08-02 04:10:00,-5,681192600,12.5,4.11,8.0,11.1,18.2,21.3,21.7
2021-08-02 04:20:00,-5,681193200,12.5,4.11,8.0,11.1,18.0,21.3,21.6
2021-08-02 04:30:00,-5,681193800,12.8,4.11,8.0,11.1,18.2,21.2,21.7
2021-08-02 04:40:00,-5,681194400,12.8,4.11,8.0,11.1,18.2,21.2,21.8
2021-08-02 04:50:00,-5,681195000,12.5,4.11,8.0,11.1,18.2,21.2,21.7
2021-08-02 05:00:00,-5,681195600,12.5,4.11,8.0,11.1,18.2,21.1,21.7
2021-08-02 05:10:00,-5,681196200,12.5,4.11,8.0,11.0,18.2,21.2,21.6
2021-08-02 05:20:00,-5,681196800,12.8,4.11,8.0,11.1,18.2,21.1,21.7
2021-08-02 05:30:00,-5,681197400,13.0,4.11,8.0,11.1,18.2,21.1,21.8
2021-08-02 05:40:00,-5,681198000,13.3,4.11,8.0,11.1,18.2,21.0,21.8
2021-08-02 05:50:00,-5,681198600,13.8,4.11,8.0,11.0,18.0,21.0,21.7
2021-08-02 06:00:00,-5,681199200,14.3,4.11,8.0,11.0,18.0,21.0,21.7
2021-08-02 06:10:00,-5,681199800,16.0,4.11,7.9,11.0,18.2,21.0,21.6
2021-08-02 06:20:00,-5,681200400,17.3,4.11,8.0,11.0,18.0,21.0,21.7
2021-08-02 06:30:00,-5,681201000,18.8,4.12,8.0,11.0,18.0,21.0,21.6
2021-08-02 06:40:00,-5,681201600,19.5,4.12,8.0,11.0,18.0,21.0,21.7
2021-08-02 06:50:00,-5,681202200,20.8,4.12,7.9,11.0,18.2,21.0,21.6
2021-08-02 07:00:00,-5,681202800,21.8,4.12,8.0,10.9,18.0,20.8,21.7
2021-08-02 07:10:00,-5,681203400,23.3,4.12,8.0,10.9,18.0,20.8,21.6
2021-08-02 07:20:00,-5,681204000,24.5,4.12,8.0,10.9,18.0,20.8,21.7
2021-08-02 07:30:00,-5,681204600,26.0,4.12,8.0,11.0,18.1,20.8,21.6
2021-08-02 07:40:00,-5,681205200,27.3,4.12,8.0,10.9,18.0,20.7,21.7
2021-08-02 07:50:00,-5,681205800,28.5,4.12,8.0,11.0,18.1,20.8,21.6
2021-08-02 08:00:00,-5,681206400,29.5,4.12,8.1,10.9,18.0,20.8,21.7
2021-08-02 08:10:00,-5,681207000,30.8,4.12,8.0,10.9,18.1,20.8,21.6
2021-08-02 08:20:00,-5,681207600,31.5,4.12,8.0,10.9,18.2,20.6,21.7
2021-08-02 08:30:00,-5,681208200,32.5,4.12,8.1,10.9,18.0,20.6,21.7
2021-08-02 08:50:00,-5,681209400,35.0,4.12,8.2,10.9,18.0,20.7,21.7
2021-08-02 09:00:00,-5,681210000,36.5,4.12,8.2,10.9,18.0,20.7,21.6
2021-08-02 09:10:00,-5,681210600,36.0,4.12,8.2,10.9,18.0,20.6,21.5
2021-08-02 09:20:00,-5,681211200,37.0,4.12,8.2,10.9,18.0,20.6,21.6
2021-08-02 09:30:00,-5,681211800,37.3,4.12,8.3,10.9,18.0,20.6,21.7
2021-08-02 09:40:00,-5,681212400,37.3,4.12,8.3,10.9,18.0,20.7,21.5
2021-08-02 09:50:00,-5,681213000,36.5,4.12,8.3,10.9,18.1,20.6,21.5
2021-08-02 10:00:00,-5,681213600,35.5,4.12,8.3,10.9,18.2,20.6,21.5
2021-08-02 10:10:00,-5,681214200,40.8,4.12,8.3,10.8,18.0,20.6,21.5
2021-08-02 10:20:00,-5,681214800,42.3,4.12,8.3,10.8,18.0,20.6,21.6
2021-08-02 10:30:00,-5,681215400,43.0,4.12,8.3,10.9,18.1,20.6,21.5
2021-08-02 10:40:00,-5,681216000,42.8,4.12,8.4,10.9,18.0,20.6,21.5
2021-08-02 10:50:00,-5,681216600,40.5,4.12,8.4,10.9,18.1,20.6,21.6
2021-08-02 11:00:00,-5,681217200,38.3,4.12,8.4,10.9,18.1,20.7,21.6
2021-08-02 11:10:00,-5,681217800,38.0,4.12,8.5,10.9,18.0,20.6,21.5
2021-08-02 11:20:00,-5,681218400,38.8,4.12,8.5,10.9,18.1,20.7,21.5
2021-08-02 11:30:00,-5,681219000,36.8,4.12,8.5,10.9,18.1,20.8,21.5
2021-08-02 11:40:00,-5,681219600,41.5,4.12,8.6,10.9,18.0,20.7,21.6
2021-08-02 11:50:00,-5,681220200,45.5,4.12,8.6,10.9,18.1,20.7,21.6
2021-08-02 12:00:00,-5,681220800,44.8,4.12,8.6,10.9,18.1,20.8,21.5
2021-08-02 12:10:00,-5,681221400,40.5,4.12,8.6,10.9,18.1,20.8,21.5
2021-08-02 12:20:00,-5,681222000,44.3,4.12,8.7,10.9,18.1,20.8,21.2
2021-08-02 12:30:00,-5,681222600,43.0,4.12,8.7,10.9,18.1,20.8,21.3
2021-08-02 12:40:00,-5,681223200,45.3,4.12,8.8,10.9,18.0,21.0,21.2
2021-08-02 12:50:00,-5,681223800,42.5,4.12,8.8,10.9,18.0,21.0,21.5
2021-08-02 13:00:00,-5,681224400,47.3,4.14,8.8,10.9,18.1,21.1,21.5
2021-08-02 13:10:00,-5,681225000,46.5,4.14,8.9,10.9,18.0,21.0,21.3
2021-08-02 13:20:00,-5,681225600,45.5,4.12,8.9,10.9,18.1,21.1,21.3
2021-08-02 13:30:00,-5,681226200,44.0,4.14,8.9,10.9,18.0,21.2,21.5
2021-08-02 13:40:00,-5,681226800,41.3,4.14,8.9,11.0,18.1,21.1,21.3
2021-08-02 13:50:00,-5,681227400,44.0,4.14,9.0,11.0,18.1,21.1,21.5
2021-08-02 14:00:00,-5,681228000,44.0,4.14,9.0,10.9,18.0,21.1,21.3
2021-08-02 14:10:00,-5,681228600,43.3,4.14,9.0,11.0,18.1,21.1,21.3
2021-08-02 14:20:00,-5,681229200,41.8,4.14,9.1,10.9,18.0,21.2,21.3
2021-08-02 14:30:00,-5,681229800,41.8,4.14,9.1,11.0,18.0,21.3,21.3
2021-08-02 14:40:00,-5,681230400,40.5,4.14,9.2,11.0,18.0,21.5,21.5
2021-08-02 14:50:00,-5,681231000,41.5,4.14,9.1,11.0,18.1,21.3,21.3
2021-08-02 15:00:00,-5,681231600,35.8,4.14,9.2,10.9,18.0,21.3,21.5
2021-08-02 15:10:00,-5,681232200,38.8,4.14,9.2,11.0,18.1,21.4,21.5
2021-08-02 15:20:00,-5,681232800,39.8,4.14,9.2,11.0,18.1,21.5,21.3
2021-08-02 15:30:00,-5,681233400,39.5,4.14,9.3,11.0,18.0,21.5,21.3
2021-08-02 15:40:00,-5,681234000,39.5,4.14,9.3,11.0,18.0,21.5,21.3
2021-08-02 15:50:00,-5,681234600,39.0,4.14,9.3,11.0,18.0,21.6,21.3
2021-08-02 16:00:00,-5,681235200,38.0,4.14,9.3,11.0,18.0,21.6,21.3
2021-08-02 16:10:00,-5,681235800,36.5,4.14,9.3,11.1,18.0,21.6,21.5
2021-08-02 16:20:00,-5,681236400,36.5,4.14,9.3,11.1,18.1,21.6,21.5
2021-08-02 16:30:00,-5,681237000,35.5,4.14,9.4,11.1,18.0,21.6,21.3
2021-08-02 16:40:00,-5,681237600,31.8,4.14,9.4,11.1,18.0,21.6,21.5
2021-08-02 16:50:00,-5,681238200,31.0,4.14,9.3,11.1,18.1,21.7,21.3
2021-08-02 17:00:00,-5,681238800,27.5,4.14,9.3,11.1,18.1,21.8,21.5
2021-08-02 17:10:00,-5,681239400,26.0,4.14,9.4,11.1,18.0,21.8,21.5
2021-08-02 17:20:00,-5,681240000,24.3,4.14,9.4,11.2,18.1,21.7,21.3
2021-08-02 17:30:00,-5,681240600,23.3,4.14,9.4,11.1,18.0,21.7,21.3
2021-08-02 17:40:00,-5,681241200,22.0,4.14,9.4,11.2,18.1,21.8,21.6
2021-08-02 17:50:00,-5,681241800,21.0,4.14,9.4,11.2,18.0,21.8,21.5
2021-08-02 18:00:00,-5,681242400,20.3,4.14,9.4,11.2,18.0,22.0,21.6
2021-08-02 18:10:00,-5,681243000,20.0,4.14,9.4,11.2,18.0,21.8,21.6
2021-08-02 18:20:00,-5,681243600,19.5,4.14,9.4,11.2,18.0,21.7,21.5
2021-08-02 18:30:00,-5,681244200,19.0,4.14,9.4,11.2,18.1,21.8,21.5
2021-08-02 18:40:00,-5,681244800,18.8,4.14,9.3,11.3,18.1,22.0,21.5
2021-08-02 18:50:00,-5,681245400,18.3,4.14,9.4,11.2,18.0,22.0,21.5
2021-08-02 19:00:00,-5,681246000,17.8,4.14,9.3,11.2,18.1,22.0,21.5
2021-08-02 19:10:00,-5,681246600,17.5,4.14,9.4,11.2,18.0,22.0,21.5
2021-08-02 19:20:00,-5,681247200,16.8,4.12,9.4,11.2,18.0,22.0,21.5
2021-08-02 19:30:00,-5,681247800,16.5,4.12,9.3,11.2,18.0,22.0,21.3
2021-08-02 19:40:00,-5,681248400,16.3,4.12,9.3,11.3,18.0,22.0,21.5
2021-08-02 19:50:00,-5,681249000,16.3,4.12,9.3,11.3,18.1,22.0,21.5
2021-08-02 20:00:00,-5,681249600,16.0,4.12,9.2,11.3,18.1,22.1,21.6
2021-08-02 20:10:00,-5,681250200,16.0,4.12,9.3,11.3,18.0,22.1,21.5
2021-08-02 20:20:00,-5,681250800,15.8,4.12,9.2,11.3,18.1,22.1,21.5
2021-08-02 20:30:00,-5,681251400,15.5,4.12,9.2,11.3,18.0,22.0,21.5
2021-08-02 20:40:00,-5,681252000,15.3,4.12,9.2,11.3,18.0,22.1,21.6
2021-08-02 20:50:00,-5,681252600,15.3,4.12,9.2,11.3,18.0,22.0,21.6
2021-08-02 21:00:00,-5,681253200,15.3,4.12,9.2,11.3,18.0,22.1,21.5
2021-08-02 21:10:00,-5,681253800,15.3,4.12,9.2,11.3,18.0,22.0,21.7
2021-08-02 21:20:00,-5,681254400,15.3,4.12,9.1,11.3,18.0,22.0,21.6
2021-08-02 21:30:00,-5,681255000,15.0,4.12,9.1,11.3,18.0,22.0,21.7
2021-08-02 21:40:00,-5,681255600,14.8,4.12,9.1,11.3,18.0,22.0,21.7
2021-08-02 21:50:00,-5,681256200,14.5,4.12,9.0,11.3,18.1,22.0,21.6
2021-08-02 22:00:00,-5,681256800,14.3,4.12,9.0,11.3,18.2,22.0,21.6
2021-08-02 22:10:00,-5,681257400,14.0,4.12,9.0,11.3,18.0,21.8,21.7
2021-08-02 22:20:00,-5,681258000,13.8,4.12,9.0,11.3,18.1,22.0,21.6
2021-08-02 22:30:00,-5,681258600,13.8,4.12,8.9,11.3,18.1,22.0,21.6
2021-08-02 22:40:00,-5,681259200,13.8,4.12,9.0,11.3,18.0,22.0,21.7
2021-08-02 22:50:00,-5,681259800,13.8,4.12,8.9,11.3,18.0,21.8,21.7
2021-08-02 23:00:00,-5,681260400,13.5,4.12,8.9,11.3,18.1,21.7,21.6
2021-08-02 23:10:00,-5,681261000,13.3,4.12,8.9,11.3,18.0,21.8,21.6
2021-08-02 23:20:00,-5,681261600,13.3,4.12,8.9,11.3,18.0,21.8,21.6
2021-08-02 23:30:00,-5,681262200,13.0,4.12,8.8,11.3,18.2,21.8,21.7
2021-08-02 23:40:00,-5,681262800,12.8,4.12,8.8,11.3,18.2,21.8,21.7
2021-08-02 23:50:00,-5,681263400,12.8,4.12,8.8,11.3,18.2,21.7,21.7
2021-08-03 00:00:00,-5,681264000,12.5,4.12,8.7,11.3,18.1,22.0,21.7
2021-08-03 00:10:00,-5,681264600,12.5,4.12,8.7,11.3,18.1,21.7,21.7
2021-08-03 00:20:00,-5,681265200,12.5,4.12,8.7,11.3,18.1,21.6,21.7
2021-08-03 00:30:00,-5,681265800,12.5,4.12,8.7,11.3,18.0,21.8,21.8
2021-08-03 00:40:00,-5,681266400,12.5,4.12,8.7,11.3,18.2,21.6,21.7
2021-08-03 00:50:00,-5,681267000,12.0,4.12,8.7,11.2,18.0,21.7,21.5
2021-08-03 01:00:00,-5,681267600,12.3,4.12,8.6,11.3,18.2,21.6,21.7
2021-08-03 01:10:00,-5,681268200,12.3,4.12,8.7,11.2,18.1,21.6,21.7
2021-08-03 01:20:00,-5,681268800,12.3,4.12,8.6,11.2,18.0,21.6,21.7
2021-08-03 01:30:00,-5,681269400,12.0,4.12,8.6,11.2,18.0,21.5,21.7
2021-08-03 01:40:00,-5,681270000,12.0,4.12,8.6,11.2,18.0,21.6,21.6
2021-08-03 01:50:00,-5,681270600,12.0,4.12,8.5,11.2,18.2,21.5,21.6
2021-08-03 02:00:00,-5,681271200,12.0,4.12,8.5,11.2,18.2,21.5,21.6
2021-08-03 02:10:00,-5,681271800,11.8,4.12,8.5,11.2,18.0,21.5,21.6
2021-08-03 02:20:00,-5,681272400,11.8,4.12,8.5,11.2,18.2,21.5,21.6
2021-08-03 02:30:00,-5,681273000,11.8,4.12,8.4,11.2,18.2,21.3,21.6
2021-08-03 02:40:00,-5,681273600,11.5,4.12,8.4,11.2,18.2,21.4,21.5
2021-08-03 02:50:00,-5,681274200,11.8,4.12,8.5,11.2,18.0,21.3,21.6
2021-08-03 03:00:00,-5,681274800,12.0,4.12,8.4,11.1,18.0,21.3,21.6
2021-08-03 03:10:00,-5,681275400,12.0,4.12,8.4,11.2,18.2,21.3,21.6
2021-08-03 03:20:00,-5,681276000,11.8,4.12,8.4,11.1,18.0,21.2,21.7
2021-08-03 03:30:00,-5,681276600,12.0,4.12,8.4,11.1,18.0,21.1,21.5
2021-08-03 03:40:00,-5,681277200,12.0,4.12,8.4,11.1,18.0,21.2,21.6
2021-08-03 03:50:00,-5,681277800,12.0,4.12,8.4,11.1,18.0,21.2,21.6
2021-08-03 04:00:00,-5,681278400,12.0,4.12,8.3,11.1,18.2,21.1,21.6
2021-08-03 04:10:00,-5,681279000,12.0,4.11,8.3,11.1,18.0,21.1,21.6
2021-08-03 04:20:00,-5,681279600,12.3,4.11,8.3,11.1,18.2,21.1,21.6
2021-08-03 04:30:00,-5,681280200,12.3,4.11,8.3,11.1,18.0,21.1,21.6
2021-08-03 04:40:00,-5,681280800,12.0,4.11,8.3,11.0,18.0,21.1,21.6
2021-08-03 04:50:00,-5,681281400,12.0,4.11,8.3,11.1,18.1,21.0,21.6
2021-08-03 05:00:00,-5,681282000,12.0,4.11,8.3,11.0,18.0,21.1,21.6
2021-08-03 05:10:00,-5,681282600,12.0,4.11,8.3,11.1,18.2,21.1,21.6
2021-08-03 05:20:00,-5,681283200,12.3,4.11,8.3,11.0,18.0,20.8,21.6
2021-08-03 05:30:00,-5,681283800,12.5,4.11,8.3,11.1,18.1,20.8,21.6
2021-08-03 05:40:00,-5,681284400,12.8,4.11,8.3,11.0,18.0,20.8,21.6
2021-08-03 05:50:00,-5,681285000,13.0,4.11,8.3,11.0,18.0,20.8,21.5
2021-08-03 06:00:00,-5,681285600,13.8,4.11,8.2,11.0,18.1,20.8,21.6
2021-08-03 06:10:00,-5,681286200,14.3,4.12,8.3,11.0,18.0,20.7,21.6
2021-08-03 06:20:00,-5,681286800,14.8,4.12,8.3,11.0,18.0,20.8,21.5
2021-08-03 06:30:00,-5,681287400,15.3,4.12,8.3,11.0,18.0,20.7,21.6
2021-08-03 06:40:00,-5,681288000,15.8,4.12,8.2,10.9,18.0,20.8,21.6
2021-08-03 06:50:00,-5,681288600,16.3,4.12,8.2,11.0,18.1,20.7,21.5
2021-08-03 07:00:00,-5,681289200,17.0,4.12,8.2,11.0,18.1,20.6,21.3
2021-08-03 07:10:00,-5,681289800,17.5,4.12,8.2,10.9,18.0,20.7,21.5
2021-08-03 07:20:00,-5,681290400,18.0,4.12,8.2,10.9,18.0,20.7,21.5
2021-08-03 07:30:00,-5,681291000,18.8,4.12,8.2,10.9,18.0,20.6,21.5
2021-08-03 07:40:00,-5,681291600,20.3,4.12,8.2,10.9,18.0,20.6,21.3
2021-08-03 07:50:00,-5,681292200,22.0,4.12,8.2,10.9,18.1,20.5,21.6
2021-08-03 08:00:00,-5,681292800,23.5,4.12,8.2,10.9,18.1,20.5,21.5
2021-08-03 08:10:00,-5,681293400,25.3,4.12,8.2,10.9,18.0,20.6,21.5
2021-08-03 08:20:00,-5,681294000,27.0,4.12,8.2,10.9,18.0,20.5,21.6
2021-08-03 08:30:00,-5,681294600,28.0,4.12,8.2,10.9,18.1,20.5,21.3
2021-08-03 08:40:00,-5,681295200,28.5,4.12,8.2,10.9,18.1,20.4,21.3
2021-08-03 08:50:00,-5,681295800,29.3,4.12,8.3,10.8,18.0,20.5,21.2
2021-08-03 09:00:00,-5,681296400,29.5,4.12,8.3,10.8,18.0,20.5,21.6
2021-08-03 09:10:00,-5,681297000,28.0,4.12,8.3,10.8,18.0,20.3,21.5
2021-08-03 09:20:00,-5,681297600,28.5,4.12,8.3,10.9,18.1,20.4,21.3
2021-08-03 09:30:00,-5,681298200,28.8,4.12,8.3,10.8,18.0,20.3,21.3
2021-08-03 09:40:00,-5,681298800,28.8,4.12,8.3,10.8,18.0,20.4,21.3
2021-08-03 09:50:00,-5,681299400,30.0,4.12,8.3,10.9,18.1,20.4,21.3
2021-08-03 10:00:00,-5,681300000,31.3,4.12,8.3,10.8,18.0,20.3,21.3
2021-08-03 10:10:00,-5,681300600,30.8,4.12,8.3,10.8,18.0,20.4,21.3
2021-08-03 10:20:00,-5,681301200,31.3,4.12,8.3,10.8,18.1,20.4,21.3
2021-08-03 10:30:00,-5,681301800,31.5,4.12,8.3,10.8,18.0,20.4,21.2
2021-08-03 10:40:00,-5,681302400,31.8,4.12,8.3,10.8,18.1,20.5,21.2
2021-08-03 10:50:00,-5,681303000,32.3,4.12,8.3,10.8,18.1,20.3,21.2
2021-08-03 11:00:00,-5,681303600,33.5,4.12,8.3,10.8,18.1,20.3,21.1
2021-08-03 11:10:00,-5,681304200,34.3,4.12,8.4,10.8,18.0,20.4,21.3
2021-08-03 11:20:00,-5,681304800,34.8,4.12,8.4,10.8,18.0,20.3,21.2
2021-08-03 11:30:00,-5,681305400,35.5,4.12,8.4,10.8,18.0,20.5,21.2
2021-08-03 11:40:00,-5,681306000,35.8,4.12,8.4,10.8,18.1,20.5,21.1
2021-08-03 11:50:00,-5,681306600,36.8,4.12,8.4,10.8,18.1,20.4,21.2
2021-08-03 12:00:00,-5,681307200,37.0,4.12,8.5,10.8,18.0,20.6,21.3
2021-08-03 12:10:00,-5,681307800,37.8,4.12,8.5,10.8,18.0,20.5,21.3
2021-08-03 12:20:00,-5,681308400,37.5,4.12,8.5,10.8,18.1,20.4,21.1
2021-08-03 12:30:00,-5,681309000,36.3,4.12,8.5,10.8,18.1,20.5,21.2
2021-08-03 12:40:00,-5,681309600,36.0,4.14,8.6,10.8,18.0,20.5,21.1
2021-08-03 12:50:00,-5,681310200,35.5,4.14,8.5,10.8,18.1,20.5,21.1
2021-08-03 13:00:00,-5,681310800,36.5,4.14,8.6,10.8,18.0,20.5,21.1
2021-08-03 13:10:00,-5,681311400,38.8,4.14,8.6,10.8,18.1,20.6,21.1
2021-08-03 13:20:00,-5,681312000,41.3,4.14,8.6,10.8,18.1,20.5,21.1
2021-08-03 13:30:00,-5,681312600,41.3,4.14,8.7,10.8,18.0,20.6,21.1
2021-08-03 13:40:00,-5,681313200,40.5,4.14,8.7,10.8,18.0,20.6,21.1
2021-08-03 13:50:00,-5,681313800,39.8,4.14,8.7,10.8,18.0,20.6,21.1
2021-08-03 14:00:00,-5,681314400,40.5,4.14,8.7,10.9,18.1,20.6,21.2
2021-08-03 14:10:00,-5,681315000,43.5,4.14,8.8,10.8,18.0,20.6,21.1
2021-08-03 14:20:00,-5,681315600,41.3,4.14,8.8,10.8,18.0,20.8,21.1
2021-08-03 14:30:00,-5,681316200,41.3,4.14,8.8,10.8,18.0,20.7,21.1
2021-08-03 14:40:00,-5,681316800,41.3,4.14,8.9,10.8,18.0,20.8,21.1
2021-08-03 14:50:00,-5,681317400,37.5,4.14,8.9,10.8,18.0,20.8,21.1
2021-08-03 15:00:00,-5,681318000,36.0,4.14,8.8,10.9,18.1,20.8,21.0
2021-08-03 15:10:00,-5,681318600,38.0,4.14,8.9,10.9,18.0,20.7,21.1
2021-08-03 15:20:00,-5,681319200,38.0,4.14,8.9,10.9,18.1,20.8,21.2
2021-08-03 15:30:00,-5,681319800,35.8,4.14,8.9,10.9,18.1,21.0,21.1
2021-08-03 15:40:00,-5,681320400,35.5,4.14,8.9,10.9,18.1,20.8,21.1
2021-08-03 15:50:00,-5,681321000,35.3,4.14,9.0,10.9,18.1,21.0,21.1
2021-08-03 16:00:00,-5,681321600,36.5,4.14,9.0,10.9,18.1,21.0,21.0
2021-08-03 16:10:00,-5,681322200,35.0,4.14,9.0,10.9,18.0,21.0,21.2
2021-08-03 16:20:00,-5,681322800,33.3,4.14,9.0,10.9,18.1,21.1,21.0
2021-08-03 16:30:00,-5,681323400,31.3,4.14,9.1,10.9,18.0,21.0,21.1
2021-08-03 16:40:00,-5,681324000,30.0,4.14,9.0,11.0,18.1,21.1,21.0
2021-08-03 16:50:00,-5,681324600,29.5,4.14,9.0,11.0,18.1,21.2,21.1
2021-08-03 17:00:00,-5,681325200,28.5,4.14,9.0,11.0,18.1,21.1,21.0
2021-08-03 17:10:00,-5,681325800,28.5,4.14,9.0,11.0,18.1,21.1,21.0
2021-08-03 17:20:00,-5,681326400,27.8,4.14,9.0,11.0,18.1,21.1,21.0
2021-08-03 17:30:00,-5,681327000,26.5,4.14,9.0,11.0,18.1,21.2,21.1
2021-08-03 17:40:00,-5,681327600,25.8,4.14,9.1,11.0,18.1,21.2,21.1
2021-08-03 17:50:00,-5,681328200,24.8,4.14,9.1,11.0,18.1,21.2,21.2
2021-08-03 18:00:00,-5,681328800,23.8,4.14,9.1,11.0,17.9,21.3,21.1
2021-08-03 18:10:00,-5,681329400,23.3,4.14,9.1,11.0,18.1,21.3,21.1
2021-08-03 18:20:00,-5,681330000,22.3,4.14,9.1,11.0,18.0,21.3,21.1
2021-08-03 18:30:00,-5,681330600,21.8,4.14,9.1,11.0,17.9,21.3,21.2
2021-08-03 18:40:00,-5,681331200,21.3,4.14,9.1,11.0,18.0,21.3,21.1
2021-08-03 18:50:00,-5,681331800,20.8,4.14,9.1,11.1,18.1,21.4,21.2
2021-08-03 19:00:00,-5,681332400,20.0,4.14,9.1,11.0,18.0,21.5,21.1
2021-08-03 19:10:00,-5,681333000,19.5,4.14,9.1,11.0,18.0,21.3,21.2
2021-08-03 19:20:00,-5,681333600,18.5,4.14,9.0,11.1,18.1,21.5,21.1
2021-08-03 19:30:00,-5,681334200,18.3,4.14,9.1,11.1,18.0,21.5,21.2
2021-08-03 19:40:00,-5,681334800,17.8,4.14,9.0,11.1,18.1,21.5,21.1
2021-08-03 19:50:00,-5,681335400,17.5,4.14,9.1,11.1,18.0,21.5,21.1
2021-08-03 20:00:00,-5,681336000,17.3,4.14,9.1,11.1,18.0,21.5,21.0
2021-08-03 20:10:00,-5,681336600,16.8,4.12,9.1,11.1,18.0,21.5,21.1
2021-08-03 20:20:00,-5,681337200,16.8,4.12,9.0,11.1,18.1,21.4,21.1
2021-08-03 20:30:00,-5,681337800,16.5,4.12,9.0,11.1,18.0,21.5,21.2
2021-08-03 20:40:00,-5,681338400,16.5,4.12,9.0,11.1,18.1,21.5,21.2
2021-08-03 20:50:00,-5,681339000,16.3,4.12,8.9,11.1,18.1,21.5,21.1
2021-08-03 21:00:00,-5,681339600,16.3,4.12,8.9,11.2,18.1,21.5,21.2
2021-08-03 21:10:00,-5,681340200,16.3,4.12,9.0,11.1,18.0,21.5,21.2
2021-08-03 21:20:00,-5,681340800,16.0,4.12,9.0,11.1,18.0,21.5,21.1
2021-08-03 21:30:00,-5,681341400,16.0,4.12,8.9,11.1,18.0,21.6,21.1
2021-08-03 21:40:00,-5,681342000,15.8,4.12,8.9,11.1,18.0,21.5,21.2
2021-08-03 21:50:00,-5,681342600,15.8,4.12,8.9,11.2,18.1,21.4,21.2
2021-08-03 22:00:00,-5,681343200,15.8,4.12,8.8,11.2,18.1,21.5,21.3
2021-08-03 22:10:00,-5,681343800,15.5,4.12,8.9,11.1,18.0,21.5,21.3
2021-08-03 22:20:00,-5,681344400,15.5,4.12,8.9,11.1,18.0,21.5,21.3
2021-08-03 22:30:00,-5,681345000,15.3,4.12,8.9,11.1,18.0,21.4,21.1
2021-08-03 22:40:00,-5,681345600,15.0,4.12,8.8,11.1,18.0,21.5,21.5
2021-08-03 22:50:00,-5,681346200,15.0,4.12,8.8,11.1,18.0,21.3,21.3
2021-08-03 23:00:00,-5,681346800,15.0,4.12,8.7,11.2,18.1,21.4,21.3
2021-08-03 23:10:00,-5,681347400,15.0,4.12,8.8,11.1,18.0,21.5,21.3
2021-08-03 23:20:00,-5,681348000,15.0,4.12,8.8,11.1,18.0,21.5,21.2
2021-08-03 23:30:00,-5,681348600,14.8,4.12,8.7,11.1,18.0,21.4,21.2
2021-08-03 23:40:00,-5,681349200,14.8,4.12,8.7,11.1,18.0,21.4,21.2
2021-08-03 23:50:00,-5,681349800,14.8,4.12,8.6,11.2,18.1,21.4,21.3
2021-08-04 00:00:00,-5,681350400,14.5,4.12,8.6,11.2,18.1,21.3,21.2
2021-08-04 00:10:00,-5,681351000,14.5,4.12,8.7,11.1,18.0,21.3,21.2
2021-08-04 00:20:00,-5,681351600,14.5,4.12,8.6,11.2,18.1,21.3,21.2
2021-08-04 00:30:00,-5,681352200,14.5,4.12,8.6,11.1,18.0,21.3,21.3
2021-08-04 00:40:00,-5,681352800,14.5,4.12,8.6,11.1,18.0,21.3,21.3
2021-08-04 00:50:00,-5,681353400,14.5,4.12,8.6,11.1,18.0,21.3,21.2
2021-08-04 01:00:00,-5,681354000,14.5,4.12,8.6,11.1,18.0,21.2,21.2
2021-08-04 01:10:00,-5,681354600,14.3,4.12,8.5,11.1,18.1,21.2,21.2
2021-08-04 01:20:00,-5,681355200,14.3,4.12,8.5,11.1,18.1,21.1,21.2
2021-08-04 01:30:00,-5,681355800,14.0,4.12,8.6,11.1,18.0,21.3,21.2
2021-08-04 01:40:00,-5,681356400,14.0,4.12,8.5,11.1,18.1,21.1,21.2
2021-08-04 01:50:00,-5,681357000,14.0,4.12,8.5,11.1,18.0,21.1,21.3
2021-08-04 02:00:00,-5,681357600,14.0,4.12,8.5,11.1,18.1,21.1,21.2
2021-08-04 02:10:00,-5,681358200,14.0,4.12,8.5,11.1,18.0,21.2,21.3
2021-08-04 02:20:00,-5,681358800,14.0,4.12,8.4,11.1,18.1,21.2,21.2
2021-08-04 02:30:00,-5,681359400,14.0,4.12,8.5,11.1,18.0,21.2,21.2
2021-08-04 02:40:00,-5,681360000,14.0,4.12,8.4,11.1,18.1,21.1,21.2
2021-08-04 02:50:00,-5,681360600,14.0,4.12,8.4,11.0,18.0,21.0,21.3
2021-08-04 03:00:00,-5,681361200,13.8,4.12,8.4,11.1,18.1,21.1,21.3
2021-08-04 03:10:00,-5,681361800,13.8,4.12,8.4,11.0,18.0,21.0,21.3
2021-08-04 03:20:00,-5,681362400,14.0,4.12,8.4,11.0,18.0,21.1,21.2
2021-08-04 03:30:00,-5,681363000,13.8,4.12,8.4,11.0,18.0,21.0,21.1
2021-08-04 03:40:00,-5,681363600,13.8,4.11,8.3,11.0,18.1,21.0,21.2
2021-08-04 03:50:00,-5,681364200,13.8,4.11,8.4,11.0,18.0,21.0,21.2
2021-08-04 04:00:00,-5,681364800,13.8,4.11,8.4,11.0,18.0,20.7,21.2
2021-08-04 04:10:00,-5,681365400,13.8,4.11,8.3,11.0,18.0,21.0,21.3
2021-08-04 04:20:00,-5,681366000,13.8,4.11,8.3,11.0,18.1,21.1,21.2
2021-08-04 04:30:00,-5,681366600,13.8,4.11,8.3,11.0,18.1,20.8,21.3
2021-08-04 04:40:00,-5,681367200,13.5,4.11,8.3,11.0,18.1,20.8,21.2
2021-08-04 04:50:00,-5,681367800,13.5,4.11,8.3,11.0,18.0,20.8,21.3
2021-08-04 05:00:00,-5,681368400,13.5,4.11,8.3,11.0,18.1,21.0,21.1
2021-08-04 05:10:00,-5,681369000,13.3,4.11,8.3,11.0,18.0,20.7,21.3
2021-08-04 05:20:00,-5,681369600,13.5,4.11,8.3,11.0,18.1,20.8,21.2
2021-08-04 05:30:00,-5,681370200,13.5,4.11,8.3,11.0,18.0,20.7,21.1
2021-08-04 05:40:00,-5,681370800,13.8,4.11,8.3,11.0,18.1,20.6,21.1
2021-08-04 05:50:00,-5,681371400,14.0,4.11,8.3,10.9,18.0,20.6,21.2
2021-08-04 06:00:00,-5,681372000,14.3,4.11,8.2,11.0,18.1,20.6,21.2
2021-08-04 06:10:00,-5,681372600,14.8,4.11,8.2,11.0,18.1,20.6,21.2
2021-08-04 06:20:00,-5,681373200,15.5,4.11,8.3,10.9,18.0,20.7,21.2
2021-08-04 06:30:00,-5,681373800,16.0,4.11,8.2,11.0,18.1,20.6,21.1
2021-08-04 06:40:00,-5,681374400,16.5,4.12,8.3,10.9,18.0,20.6,21.1
2021-08-04 06:50:00,-5,681375000,17.0,4.12,8.3,10.9,18.0,20.5,21.1
2021-08-04 07:00:00,-5,681375600,17.8,4.12,8.2,10.9,18.1,20.5,21.1
2021-08-04 07:10:00,-5,681376200,18.3,4.12,8.2,10.9,18.1,20.5,21.2
2021-08-04 07:20:00,-5,681376800,18.5,4.12,8.2,10.9,18.0,20.5,21.1
2021-08-04 07:30:00,-5,681377400,19.3,4.12,8.2,10.9,18.1,20.5,21.1
2021-08-04 07:40:00,-5,681378000,19.8,4.12,8.2,10.9,18.0,20.5,21.2
2021-08-04 07:50:00,-5,681378600,20.0,4.12,8.2,10.9,18.1,20.5,21.2
2021-08-04 08:00:00,-5,681379200,20.3,4.12,8.2,10.9,18.0,20.5,21.1
2021-08-04 08:10:00,-5,681379800,21.0,4.12,8.2,10.9,18.0,20.4,21.2
2021-08-04 08:20:00,-5,681380400,21.8,4.12,8.2,10.9,18.1,20.5,21.2
2021-08-04 08:30:00,-5,681381000,22.5,4.12,8.2,10.9,18.1,20.5,21.1
2021-08-04 08:40:00,-5,681381600,22.8,4.12,8.2,10.9,18.1,20.4,21.2
2021-08-04 08:50:00,-5,681382200,23.8,4.12,8.2,10.9,18.1,20.4,21.1
2021-08-04 09:00:00,-5,681382800,24.3,4.12,8.2,10.9,18.1,20.4,21.0
2021-08-04 09:10:00,-5,681383400,24.8,4.12,8.3,10.8,18.0,20.3,21.1
2021-08-04 09:20:00,-5,681384000,25.3,4.12,8.2,10.9,18.1,20.3,21.1
