SL214 - Mayfly GPLP3 Logger
DateTime_EST,TZ-Offset,Loggertime,BoardTemp_C,Battery_V,Segment1_percent,Segment2_percent,Segment3_percent,T1_degC,T2_degC
2021-05-04 13:30:00,-5,673450200,41.5,4.15,47.3,48.8,51.2,16.4,14.7
2021-05-04 13:40:00,-5,673450800,40.0,4.15,47.3,48.8,51.2,16.3,14.7
2021-05-04 13:50:00,-5,673451400,40.0,4.15,47.3,48.8,51.2,16.3,14.8
2021-05-04 14:00:00,-5,673452000,39.0,4.15,47.3,48.8,51.2,16.5,14.8
2021-05-04 14:10:00,-5,673452600,37.3,4.15,47.3,48.8,51.2,16.5,14.8
2021-05-04 14:20:00,-5,673453200,37.0,4.15,47.3,48.8,51.2,16.4,14.7
2021-05-04 14:30:00,-5,673453800,35.5,4.15,47.2,48.9,51.3,16.5,14.8
2021-05-04 14:40:00,-5,673454400,34.0,4.15,47.2,48.9,51.4,16.5,14.8
2021-05-04 14:50:00,-5,673455000,33.0,4.15,47.3,48.8,51.3,16.5,14.8
2021-05-04 15:00:00,-5,673455600,33.8,4.15,47.2,48.9,51.2,16.5,14.8
2021-05-04 15:10:00,-5,673456200,34.8,4.15,47.2,48.9,51.2,16.6,14.8
2021-05-04 15:20:00,-5,673456800,33.0,4.15,47.2,49.0,51.4,16.7,14.8
2021-05-04 15:30:00,-5,673457400,33.3,4.15,47.2,48.9,51.2,16.7,14.8
2021-05-04 15:40:00,-5,673458000,32.0,4.15,47.2,48.9,51.2,16.6,14.8
2021-05-04 15:50:00,-5,673458600,31.0,4.15,47.2,49.0,51.4,16.7,14.7
2021-05-04 16:00:00,-5,673459200,31.0,4.15,47.2,49.0,51.2,16.8,14.8
2021-05-04 16:10:00,-5,673459800,29.8,4.15,47.2,49.0,51.2,16.8,14.7
2021-05-04 16:20:00,-5,673460400,28.5,4.15,47.2,49.1,51.4,16.8,14.8
2021-05-04 16:30:00,-5,673461000,27.5,4.15,47.2,49.0,51.3,16.8,14.7
2021-05-04 16:40:00,-5,673461600,27.3,4.15,47.1,49.1,51.2,16.8,14.7
2021-05-04 17:00:00,-5,673462800,27.5,4.15,47.0,49.1,51.2,17.0,14.8
2021-05-04 17:10:00,-5,673463400,26.5,4.15,46.9,49.2,51.4,17.0,14.8
2021-05-04 17:20:00,-5,673464000,26.5,4.15,46.9,49.2,51.4,17.1,14.8
2021-05-04 17:30:00,-5,673464600,26.5,4.15,46.9,49.2,51.3,17.0,14.7
2021-05-04 17:40:00,-5,673465200,26.5,4.15,46.9,49.1,51.3,17.1,14.7
2021-05-04 17:50:00,-5,673465800,26.3,4.15,46.9,49.2,51.3,17.1,14.8
2021-05-04 18:00:00,-5,673466400,25.8,4.15,46.9,49.2,51.3,17.2,14.7
2021-05-04 18:10:00,-5,673467000,25.3,4.15,46.9,49.2,51.3,17.2,14.8
2021-05-04 18:20:00,-5,673467600,24.8,4.15,46.9,49.2,51.3,17.2,15.0
2021-05-04 18:30:00,-5,673468200,24.3,4.15,46.9,49.2,51.3,17.2,15.0
2021-05-04 18:40:00,-5,673468800,23.8,4.15,46.9,49.3,51.3,17.2,15.0
2021-05-04 19:20:00,-5,673471200,22.8,4.15,46.8,49.3,51.3,17.3,15.1
2021-05-04 19:30:00,-5,673471800,22.3,4.15,46.8,49.3,51.3,17.3,15.0
2021-05-04 19:50:00,-5,673473000,22.3,4.15,46.8,49.3,51.3,17.3,15.1
2021-05-04 20:00:00,-5,673473600,22.3,4.15,46.8,49.4,51.3,17.4,15.1
2021-05-04 20:10:00,-5,673474200,22.0,4.15,46.8,49.4,51.3,17.3,15.1
2021-05-04 20:20:00,-5,673474800,21.8,4.15,46.8,49.4,51.3,17.5,15.1
2021-05-04 20:30:00,-5,673475400,21.5,4.15,46.8,49.4,51.3,17.5,15.2
2021-05-04 20:40:00,-5,673476000,21.3,4.15,46.8,49.4,51.3,17.5,15.1
2021-05-04 20:50:00,-5,673476600,21.3,4.15,46.8,49.4,51.3,17.4,15.1
2021-05-04 21:00:00,-5,673477200,21.0,4.14,46.7,49.4,51.3,17.5,15.2
2021-05-04 21:10:00,-5,673477800,20.5,4.15,46.7,49.4,51.3,17.5,15.2
2021-05-04 21:20:00,-5,673478400,20.0,4.14,46.7,49.4,51.3,17.5,15.2
2021-05-04 21:40:00,-5,673479600,19.5,4.14,46.7,49.4,51.3,17.4,15.3
2021-05-04 22:00:00,-5,673480800,19.5,4.14,46.6,49.5,51.3,17.5,15.3
2021-05-04 22:10:00,-5,673481400,19.3,4.14,46.6,49.5,51.4,17.4,15.3
2021-05-04 22:20:00,-5,673482000,19.0,4.14,46.6,49.5,51.3,17.5,15.3
2021-05-04 22:30:00,-5,673482600,18.8,4.14,46.6,49.5,51.3,17.5,15.3
2021-05-04 22:40:00,-5,673483200,18.5,4.14,46.6,49.4,51.5,17.5,15.2
2021-05-04 22:50:00,-5,673483800,18.3,4.14,46.6,49.5,51.3,17.5,15.4
2021-05-04 23:00:00,-5,673484400,18.0,4.14,46.6,49.5,51.3,17.4,15.4
2021-05-04 23:20:00,-5,673485600,17.8,4.14,46.5,49.5,51.3,17.5,15.3
2021-05-04 23:30:00,-5,673486200,17.5,4.14,46.5,49.6,51.5,17.5,15.5
2021-05-04 23:40:00,-5,673486800,17.5,4.14,46.4,49.6,51.5,17.4,15.4
2021-05-04 23:50:00,-5,673487400,17.3,4.14,46.5,49.5,51.4,17.5,15.5
2021-05-05 00:00:00,-5,673488000,17.5,4.14,46.4,49.6,51.5,17.5,15.4
2021-05-05 00:30:00,-5,673489800,17.3,4.14,46.4,49.5,51.4,17.4,15.5
2021-05-05 01:00:00,-5,673491600,17.0,4.14,46.4,49.5,51.4,17.4,15.5
2021-05-05 01:10:00,-5,673492200,17.0,4.14,46.4,49.6,51.4,17.4,15.6
2021-05-05 01:30:00,-5,673493400,17.0,4.14,46.3,49.6,51.4,17.5,15.6
2021-05-05 01:40:00,-5,673494000,17.3,4.14,46.3,49.6,51.4,17.4,15.5
2021-05-05 02:00:00,-5,673495200,17.8,4.14,46.3,49.6,51.4,17.5,15.6
2021-05-05 02:20:00,-5,673496400,17.8,4.12,46.3,49.6,51.4,17.3,15.5
2021-05-05 02:30:00,-5,673497000,17.5,4.12,46.2,49.6,51.4,17.4,15.7
2021-05-05 02:50:00,-5,673498200,17.5,4.12,46.2,49.6,51.4,17.4,15.6
2021-05-05 03:10:00,-5,673499400,17.8,4.12,46.2,49.6,51.4,17.4,15.6
2021-05-05 03:50:00,-5,673501800,18.0,4.12,46.1,49.6,51.4,17.5,16.0
2021-05-05 04:00:00,-5,673502400,18.0,4.12,46.1,49.6,51.5,17.3,15.6
2021-05-05 04:10:00,-5,673503000,18.0,4.12,46.1,49.6,51.4,17.3,15.6
2021-05-05 04:30:00,-5,673504200,18.0,4.12,46.1,49.6,51.4,17.4,15.6
2021-05-05 04:40:00,-5,673504800,18.0,4.12,46.0,49.7,51.4,17.3,15.7
2021-05-05 05:00:00,-5,673506000,18.0,4.12,46.1,49.6,51.4,17.3,15.6
2021-05-05 05:10:00,-5,673506600,18.0,4.12,46.1,49.6,51.4,17.3,15.7
2021-05-05 05:30:00,-5,673507800,18.8,4.12,46.0,49.6,51.4,17.3,16.0
2021-05-05 05:40:00,-5,673508400,18.8,4.12,46.0,49.6,51.4,17.3,16.0
2021-05-05 05:50:00,-5,673509000,18.8,4.12,46.0,49.6,51.4,17.3,15.6
2021-05-05 06:00:00,-5,673509600,18.8,4.12,46.0,49.6,51.4,17.3,15.8
2021-05-05 06:20:00,-5,673510800,19.3,4.12,46.0,49.6,51.4,17.3,15.7
2021-05-05 06:50:00,-5,673512600,19.5,4.11,46.0,49.6,51.4,17.3,15.7
2021-05-05 07:00:00,-5,673513200,19.3,4.11,46.0,49.6,51.4,17.3,15.7
2021-05-05 07:30:00,-5,673515000,19.0,4.11,46.0,49.6,51.4,17.3,15.7
2021-05-05 07:40:00,-5,673515600,19.0,4.11,46.0,49.6,51.4,17.2,15.7
2021-05-05 08:10:00,-5,673517400,19.0,4.11,45.9,49.6,51.4,17.2,15.6
2021-05-05 08:20:00,-5,673518000,19.0,4.11,45.9,49.6,51.4,17.1,15.7
2021-05-05 08:40:00,-5,673519200,19.5,4.11,45.9,49.5,51.4,17.2,15.8
2021-05-05 09:10:00,-5,673521000,20.3,4.11,45.9,49.6,51.4,17.2,16.0
2021-07-14 09:50:00,-5,679571400,43.3,4.11,7.0,15.0,23.9,27.0,25.6
2021-07-14 10:10:00,-5,679572600,51.5,4.12,6.7,14.8,24.4,25.7,24.7
2021-07-14 10:20:00,-5,679573200,54.3,4.12,6.7,14.7,24.4,25.6,24.7
2021-07-14 10:30:00,-5,679573800,51.5,4.12,6.7,14.7,24.4,25.5,24.4
2021-07-14 10:40:00,-5,679574400,56.0,4.12,6.8,14.7,24.5,25.5,24.4
2021-07-14 10:50:00,-5,679575000,56.5,4.12,6.8,14.8,24.6,25.3,24.5
2021-07-14 11:00:00,-5,679575600,58.3,4.12,6.9,14.7,24.6,25.6,24.5
2021-07-14 11:10:00,-5,679576200,58.3,4.12,7.0,14.7,24.6,25.3,24.3
2021-07-14 11:20:00,-5,679576800,56.8,4.12,7.0,14.7,24.6,25.6,24.3
2021-07-14 11:30:00,-5,679577400,57.5,4.12,7.1,14.7,24.6,25.4,24.4
2021-07-14 11:40:00,-5,679578000,56.8,4.12,7.1,14.7,24.6,25.6,24.3
2021-07-14 11:50:00,-5,679578600,57.5,4.12,7.2,14.8,24.7,25.6,24.3
2021-07-14 12:20:00,-5,679580400,55.5,4.12,7.4,14.8,24.8,25.7,24.3
2021-07-14 12:40:00,-5,679581600,55.3,4.12,7.6,14.8,24.7,26.0,24.3
2021-07-14 12:50:00,-5,679582200,53.3,4.12,7.6,14.8,24.8,26.0,24.2
2021-07-14 13:00:00,-5,679582800,53.3,4.12,7.6,14.9,24.8,26.0,24.2
2021-07-14 13:20:00,-5,679584000,50.0,4.12,7.8,14.8,24.7,26.1,24.4
2021-07-14 13:30:00,-5,679584600,49.3,4.12,7.8,14.9,24.8,26.2,24.3
2021-07-14 13:40:00,-5,679585200,50.0,4.12,7.9,14.9,24.8,26.2,24.4
2021-07-14 13:50:00,-5,679585800,51.0,4.12,7.9,14.9,24.8,26.4,24.4
2021-07-14 14:00:00,-5,679586400,49.0,4.12,7.9,15.0,24.9,26.4,24.3
2021-07-14 14:10:00,-5,679587000,48.0,4.14,8.0,14.9,24.8,26.6,24.4
2021-07-14 14:40:00,-5,679588800,45.8,4.14,8.0,15.0,24.8,26.7,24.3
2021-07-14 14:50:00,-5,679589400,40.0,4.14,8.0,15.0,24.8,26.7,24.2
2021-07-14 15:20:00,-5,679591200,32.8,4.14,8.1,15.1,24.8,26.8,24.4
2021-07-14 15:30:00,-5,679591800,31.3,4.14,8.1,15.1,24.8,27.1,24.3
2021-07-14 15:40:00,-5,679592400,32.3,4.14,8.1,15.2,25.0,27.1,24.4
2021-07-14 15:50:00,-5,679593000,33.3,4.14,8.1,15.2,24.9,27.1,24.4
2021-07-14 16:00:00,-5,679593600,32.0,4.14,8.0,15.2,24.9,27.1,24.4
2021-07-14 16:10:00,-5,679594200,30.8,4.14,8.0,15.3,25.0,27.1,24.4
2021-07-14 17:10:00,-5,679597800,30.8,4.14,7.9,15.4,24.9,27.3,24.5
2021-07-14 17:20:00,-5,679598400,30.8,4.14,7.8,15.4,24.9,27.3,24.5
2021-07-14 18:00:00,-5,679600800,29.8,4.14,7.7,15.5,24.9,27.3,24.6
2021-07-14 18:10:00,-5,679601400,29.3,4.14,7.7,15.5,24.9,27.3,24.5
2021-07-14 18:20:00,-5,679602000,28.5,4.14,7.7,15.5,25.0,27.4,24.6
2021-07-14 18:30:00,-5,679602600,28.3,4.14,7.7,15.5,25.0,27.3,24.6
2021-07-14 18:40:00,-5,679603200,27.8,4.14,7.7,15.5,25.0,27.3,24.7
2021-07-14 19:00:00,-5,679604400,27.5,4.14,7.6,15.5,25.0,27.3,24.6
2021-07-14 19:50:00,-5,679607400,25.0,4.12,7.5,15.5,25.0,27.3,24.7
2021-07-14 20:20:00,-5,679609200,24.3,4.12,7.4,15.6,25.0,27.2,24.8
2021-07-14 20:30:00,-5,679609800,24.0,4.12,7.4,15.6,25.0,27.2,24.8
2021-07-14 20:50:00,-5,679611000,24.0,4.12,7.4,15.6,25.0,27.2,25.0
2021-07-14 21:00:00,-5,679611600,23.8,4.12,7.4,15.6,25.0,27.3,24.8
2021-07-14 21:10:00,-5,679612200,23.5,4.12,7.3,15.6,25.0,27.2,24.8
2021-07-14 21:20:00,-5,679612800,23.5,4.12,7.3,15.6,25.1,27.1,24.8
2021-07-14 21:30:00,-5,679613400,23.3,4.12,7.3,15.6,25.0,27.1,24.8
2021-07-14 21:40:00,-5,679614000,23.3,4.12,7.3,15.6,25.1,27.1,24.7
2021-07-14 21:50:00,-5,679614600,23.0,4.12,7.3,15.6,25.0,27.1,25.0
2021-07-14 22:00:00,-5,679615200,23.0,4.12,7.2,15.6,25.0,27.0,25.0
2021-07-14 22:10:00,-5,679615800,22.8,4.12,7.2,15.6,25.1,27.0,25.0
2021-07-14 22:30:00,-5,679617000,22.8,4.12,7.1,15.6,25.1,27.0,25.0
2021-07-14 22:40:00,-5,679617600,22.8,4.12,7.1,15.6,25.1,27.0,25.0
2021-07-14 22:50:00,-5,679618200,22.5,4.12,7.1,15.6,25.1,27.0,24.8
2021-07-14 23:00:00,-5,679618800,22.5,4.12,7.1,15.6,25.1,27.0,25.0
2021-07-14 23:10:00,-5,679619400,22.3,4.12,7.1,15.6,25.0,27.0,25.0
2021-07-14 23:20:00,-5,679620000,22.3,4.12,7.1,15.6,25.0,26.8,24.8
2021-07-15 00:00:00,-5,679622400,22.0,4.12,7.0,15.6,25.1,26.8,25.1
2021-07-15 00:10:00,-5,679623000,22.0,4.11,6.9,15.6,25.2,26.5,25.0
2021-07-15 00:20:00,-5,679623600,21.8,4.11,6.9,15.6,25.1,26.7,25.1
2021-07-15 00:40:00,-5,679624800,21.8,4.11,6.9,15.6,25.1,26.7,25.1
2021-07-15 01:00:00,-5,679626000,21.5,4.11,6.8,15.6,25.2,26.6,24.9
2021-07-15 01:40:00,-5,679628400,21.3,4.11,6.7,15.6,25.2,26.5,25.0
2021-07-15 01:50:00,-5,679629000,21.3,4.11,6.7,15.5,25.1,26.5,25.1
2021-07-15 02:00:00,-5,679629600,21.3,4.11,6.7,15.5,25.1,26.5,25.0
2021-07-15 02:20:00,-5,679630800,21.0,4.11,6.7,15.5,25.1,26.3,25.0
2021-07-15 02:50:00,-5,679632600,20.8,4.11,6.6,15.5,25.2,26.2,25.1
2021-07-15 03:00:00,-5,679633200,20.5,4.11,6.6,15.5,25.2,26.2,25.0
2021-07-15 03:20:00,-5,679634400,20.3,4.11,6.6,15.5,25.2,26.2,25.1
2021-07-15 03:40:00,-5,679635600,20.3,4.11,6.5,15.5,25.2,26.2,25.0
2021-07-15 03:50:00,-5,679636200,20.3,4.11,6.5,15.5,25.2,26.3,25.0
2021-07-15 04:10:00,-5,679637400,20.0,4.09,6.5,15.5,25.3,26.1,25.0
2021-07-15 04:20:00,-5,679638000,20.0,4.09,6.5,15.5,25.2,26.0,25.0
2021-07-15 04:30:00,-5,679638600,20.3,4.09,6.4,15.5,25.3,26.0,25.0
2021-07-15 04:40:00,-5,679639200,20.0,4.09,6.4,15.5,25.2,25.9,24.8
2021-07-15 04:50:00,-5,679639800,20.3,4.09,6.4,15.4,25.2,26.0,24.8
2021-07-15 05:00:00,-5,679640400,20.5,4.09,6.4,15.5,25.4,26.1,25.0
2021-07-15 05:10:00,-5,679641000,20.8,4.09,6.4,15.4,25.2,26.1,24.8
2021-07-15 05:30:00,-5,679642200,22.0,4.09,6.4,15.4,25.2,25.8,24.8
2021-07-15 05:40:00,-5,679642800,22.5,4.09,6.3,15.5,25.4,25.7,24.8
2021-07-15 05:50:00,-5,679643400,23.3,4.11,6.3,15.4,25.3,25.7,24.7
2021-07-15 06:00:00,-5,679644000,23.8,4.11,6.3,15.5,25.4,25.7,24.8
2021-07-15 06:10:00,-5,679644600,24.5,4.11,6.3,15.4,25.3,25.6,24.8
2021-07-15 06:20:00,-5,679645200,26.3,4.11,6.3,15.4,25.3,25.8,24.7
2021-07-15 06:30:00,-5,679645800,29.3,4.11,6.3,15.4,25.3,25.7,24.9
2021-07-15 06:40:00,-5,679646400,32.0,4.12,6.2,15.4,25.4,25.5,24.7
2021-07-15 06:50:00,-5,679647000,34.5,4.12,6.2,15.4,25.3,25.6,24.8
2021-07-15 07:00:00,-5,679647600,37.3,4.12,6.2,15.4,25.4,25.7,24.7
2021-07-15 07:10:00,-5,679648200,39.3,4.12,6.2,15.3,25.3,25.7,24.8
2021-07-15 07:20:00,-5,679648800,41.0,4.14,6.2,15.3,25.3,25.6,24.7
2021-07-15 07:30:00,-5,679649400,43.0,4.14,6.2,15.4,25.4,25.4,24.7
2021-07-15 07:40:00,-5,679650000,43.3,4.14,6.2,15.3,25.4,25.4,24.7
2021-07-15 07:50:00,-5,679650600,42.8,4.14,6.2,15.3,25.3,25.5,24.7
2021-07-15 08:00:00,-5,679651200,44.3,4.14,6.2,15.3,25.3,25.5,24.6
2021-07-15 08:20:00,-5,679652400,47.3,4.14,6.2,15.3,25.3,25.3,24.7
2021-07-15 08:30:00,-5,679653000,47.5,4.14,6.3,15.3,25.3,25.4,24.6
2021-07-15 08:40:00,-5,679653600,49.0,4.14,6.3,15.3,25.3,25.3,24.7
2021-07-15 08:50:00,-5,679654200,50.8,4.14,6.3,15.2,25.3,25.3,24.6
2021-07-15 09:00:00,-5,679654800,50.5,4.14,6.3,15.2,25.3,25.3,24.7
2021-07-15 09:20:00,-5,679656000,52.0,4.14,6.3,15.2,25.3,25.2,24.7
2021-07-15 09:30:00,-5,679656600,54.3,4.14,6.4,15.2,25.3,25.4,24.6
2021-07-15 09:40:00,-5,679657200,52.8,4.14,6.4,15.2,25.3,25.3,24.8
2021-07-15 10:00:00,-5,679658400,51.0,4.14,6.4,15.2,25.3,25.3,24.6
2021-07-15 10:20:00,-5,679659600,54.0,4.14,6.5,15.2,25.3,25.4,24.7
2021-07-15 10:30:00,-5,679660200,53.3,4.14,6.6,15.2,25.3,25.4,24.7
2021-07-15 10:40:00,-5,679660800,53.3,4.14,6.6,15.2,25.4,25.5,24.6
2021-07-15 11:10:00,-5,679662600,54.3,4.14,6.8,15.2,25.4,25.5,24.6
2021-07-15 11:20:00,-5,679663200,53.5,4.14,6.9,15.2,25.4,25.5,24.7
2021-07-15 11:30:00,-5,679663800,53.5,4.14,6.9,15.2,25.5,25.7,24.5
2021-07-15 12:10:00,-5,679666200,55.5,4.14,7.2,15.2,25.4,25.7,24.5
2021-07-15 12:40:00,-5,679668000,53.5,4.14,7.4,15.2,25.4,26.1,24.5
2021-07-15 12:50:00,-5,679668600,54.5,4.14,7.5,15.2,25.4,26.0,24.5
2021-07-15 13:30:00,-5,679671000,47.0,4.14,7.7,15.3,25.4,26.1,24.5
2021-07-15 14:30:00,-5,679674600,45.8,4.14,8.0,15.4,25.4,26.7,24.5
2021-07-15 15:00:00,-5,679676400,39.8,4.14,8.0,15.4,25.4,26.8,24.5
2021-07-15 15:20:00,-5,679677600,34.3,4.14,8.1,15.5,25.4,27.0,24.6
2021-07-15 16:00:00,-5,679680000,32.5,4.14,8.1,15.6,25.4,27.1,24.7
2021-07-15 16:10:00,-5,679680600,32.3,4.14,8.1,15.6,25.4,27.1,24.7
2021-07-15 17:00:00,-5,679683600,30.3,4.14,8.0,15.7,25.4,27.3,24.7
2021-07-15 17:10:00,-5,679684200,29.8,4.14,8.0,15.8,25.5,27.3,24.7
2021-07-15 18:00:00,-5,679687200,28.0,4.14,7.8,15.8,25.4,27.2,24.7
2021-07-15 18:10:00,-5,679687800,27.8,4.14,7.8,15.9,25.5,27.3,24.8
2021-07-15 18:30:00,-5,679689000,27.5,4.14,7.8,15.8,25.4,27.4,24.8
2021-07-15 18:40:00,-5,679689600,27.3,4.14,7.7,15.8,25.4,27.4,24.8
2021-07-15 18:50:00,-5,679690200,27.0,4.14,7.7,15.8,25.4,27.4,25.0
2021-07-15 19:10:00,-5,679691400,26.3,4.12,7.6,15.8,25.4,27.3,24.8
2021-07-15 19:40:00,-5,679693200,24.8,4.12,7.6,15.9,25.5,27.3,25.1
2021-07-15 19:50:00,-5,679693800,24.5,4.12,7.5,15.9,25.5,27.3,25.1
2021-07-15 20:20:00,-5,679695600,23.8,4.12,7.4,15.9,25.4,27.3,25.0
2021-07-15 20:50:00,-5,679697400,23.5,4.12,7.3,15.9,25.6,27.2,25.1
2021-07-15 21:00:00,-5,679698000,23.3,4.12,7.3,15.9,25.6,27.2,25.1
2021-07-15 21:30:00,-5,679699800,22.8,4.12,7.3,15.9,25.5,27.1,25.2
2021-07-15 21:40:00,-5,679700400,22.8,4.12,7.2,15.9,25.6,27.2,25.1
2021-07-15 22:40:00,-5,679704000,22.5,4.11,7.1,15.9,25.5,27.1,25.1
2021-07-15 23:00:00,-5,679705200,22.0,4.11,7.0,15.9,25.6,26.8,25.1
2021-07-15 23:10:00,-5,679705800,22.0,4.11,7.0,15.9,25.5,27.0,25.2
2021-07-15 23:20:00,-5,679706400,22.0,4.11,7.0,15.9,25.5,26.8,25.1
2021-07-15 23:40:00,-5,679707600,22.0,4.11,7.0,15.9,25.5,26.8,25.1
2021-07-16 00:00:00,-5,679708800,22.0,4.11,6.9,15.8,25.5,26.8,25.2
2021-07-16 00:10:00,-5,679709400,21.8,4.11,6.9,15.9,25.7,26.7,25.2
2021-07-16 00:30:00,-5,679710600,21.8,4.11,6.8,15.9,25.7,26.7,25.2
2021-07-16 00:40:00,-5,679711200,21.8,4.11,6.9,15.8,25.6,26.7,25.2
2021-07-16 00:50:00,-5,679711800,21.5,4.11,6.8,15.8,25.6,26.6,25.2
2021-07-16 01:00:00,-5,679712400,21.5,4.11,6.8,15.8,25.6,26.7,25.1
2021-07-16 01:10:00,-5,679713000,21.5,4.11,6.8,15.9,25.7,26.7,25.2
2021-07-16 01:20:00,-5,679713600,21.8,4.11,6.8,15.8,25.6,26.7,25.1
2021-07-16 01:30:00,-5,679714200,21.5,4.11,6.8,15.8,25.6,26.7,25.3
2021-07-16 01:40:00,-5,679714800,21.5,4.11,6.7,15.9,25.7,26.5,25.1
2021-07-16 01:50:00,-5,679715400,21.3,4.11,6.7,15.7,25.6,26.5,25.1
2021-07-16 02:00:00,-5,679716000,21.3,4.11,6.7,15.8,25.6,26.4,25.2
2021-07-16 02:10:00,-5,679716600,21.5,4.11,6.7,15.8,25.6,26.6,25.1
2021-07-16 02:20:00,-5,679717200,21.5,4.11,6.6,15.8,25.6,26.5,25.1
2021-07-16 02:30:00,-5,679717800,21.3,4.11,6.6,15.8,25.6,26.4,25.2
2021-07-16 02:40:00,-5,679718400,21.5,4.11,6.6,15.8,25.6,26.5,25.1
2021-07-16 03:00:00,-5,679719600,21.3,4.11,6.6,15.8,25.6,26.4,25.2
2021-07-16 03:20:00,-5,679720800,21.3,4.11,6.5,15.8,25.7,26.2,25.1
2021-07-16 03:30:00,-5,679721400,21.0,4.11,6.5,15.7,25.6,26.3,25.2
2021-07-16 03:40:00,-5,679722000,21.0,4.11,6.5,15.7,25.6,26.3,25.1
2021-07-16 03:50:00,-5,679722600,21.0,4.11,6.5,15.7,25.6,26.3,25.1
2021-07-16 04:00:00,-5,679723200,21.0,4.11,6.5,15.7,25.6,26.1,25.0
2021-07-16 04:30:00,-5,679725000,20.8,4.09,6.5,15.7,25.7,26.2,25.2
2021-07-16 05:00:00,-5,679726800,21.0,4.09,6.4,15.7,25.7,26.0,25.1
2021-07-16 05:20:00,-5,679728000,21.3,4.09,6.4,15.7,25.8,26.1,25.1
2021-07-16 05:30:00,-5,679728600,22.5,4.09,6.3,15.7,25.8,26.0,25.0
2021-07-16 05:40:00,-5,679729200,23.5,4.09,6.4,15.6,25.7,26.0,25.0
2021-07-16 06:10:00,-5,679731000,25.3,4.09,6.3,15.7,25.8,25.8,25.0
2021-07-16 06:20:00,-5,679731600,27.5,4.11,6.3,15.6,25.7,25.8,25.0
2021-07-16 06:40:00,-5,679732800,34.5,4.11,6.3,15.6,25.7,25.7,25.0
2021-07-16 07:00:00,-5,679734000,35.8,4.12,6.3,15.6,25.7,25.8,25.0
2021-07-16 07:10:00,-5,679734600,39.0,4.12,6.3,15.6,25.7,25.8,25.0
2021-07-16 07:20:00,-5,679735200,41.5,4.12,6.3,15.6,25.7,25.7,25.0
2021-07-16 07:30:00,-5,679735800,43.8,4.12,6.3,15.6,25.8,25.6,24.8
2021-07-16 07:40:00,-5,679736400,45.3,4.12,6.3,15.6,25.7,25.8,25.0
2021-07-16 07:50:00,-5,679737000,47.0,4.12,6.3,15.6,25.7,25.6,24.8
2021-07-16 08:00:00,-5,679737600,49.0,4.12,6.3,15.6,25.7,25.7,24.8
2021-07-16 08:10:00,-5,679738200,50.0,4.12,6.3,15.5,25.7,25.5,24.8
2021-07-16 08:20:00,-5,679738800,51.0,4.12,6.4,15.5,25.7,25.6,24.8
2021-07-16 08:40:00,-5,679740000,53.5,4.12,6.4,15.5,25.7,25.6,24.8
2021-07-16 09:10:00,-5,679741800,55.0,4.12,6.4,15.5,25.7,25.6,24.8
2021-07-16 09:20:00,-5,679742400,56.0,4.12,6.5,15.5,25.7,25.5,24.8
2021-07-16 09:30:00,-5,679743000,56.8,4.12,6.5,15.5,25.7,25.5,24.7
2021-07-16 09:50:00,-5,679744200,57.5,4.12,6.5,15.4,25.7,25.3,24.7
2021-07-16 10:00:00,-5,679744800,57.8,4.12,6.6,15.4,25.7,25.5,24.7
2021-07-16 10:10:00,-5,679745400,58.0,4.12,6.6,15.4,25.7,25.6,24.8
2021-07-16 10:30:00,-5,679746600,59.3,4.12,6.7,15.4,25.7,25.6,24.8
2021-07-16 10:40:00,-5,679747200,59.8,4.12,6.7,15.4,25.7,25.6,24.7
2021-07-16 10:50:00,-5,679747800,60.0,4.12,6.8,15.5,25.8,25.6,24.7
2021-07-16 11:30:00,-5,679750200,58.5,4.12,7.0,15.4,25.7,25.6,24.6
2021-07-16 11:40:00,-5,679750800,55.3,4.12,7.1,15.4,25.7,25.7,24.8
2021-07-16 11:50:00,-5,679751400,56.8,4.12,7.2,15.4,25.7,25.8,24.6
2021-07-16 12:10:00,-5,679752600,57.0,4.12,7.4,15.4,25.7,25.8,24.7
2021-07-16 12:20:00,-5,679753200,56.5,4.14,7.4,15.4,25.7,26.0,24.6
2021-07-16 12:30:00,-5,679753800,56.3,4.14,7.5,15.5,25.8,26.0,24.6
2021-07-16 12:40:00,-5,679754400,56.0,4.12,7.6,15.4,25.7,26.1,24.7
2021-07-16 13:00:00,-5,679755600,55.0,4.12,7.7,15.4,25.7,26.3,24.7
2021-07-16 13:10:00,-5,679756200,53.8,4.12,7.8,15.5,25.7,26.3,24.7
2021-07-16 13:40:00,-5,679758000,51.3,4.12,7.9,15.5,25.8,26.5,24.7
2021-07-16 14:50:00,-5,679762200,41.8,4.14,8.3,15.6,25.7,27.0,24.7
2021-07-16 15:00:00,-5,679762800,38.5,4.14,8.3,15.6,25.7,27.0,24.8
2021-07-16 16:10:00,-5,679767000,31.5,4.14,8.3,15.8,25.8,27.3,24.8
2021-07-16 16:20:00,-5,679767600,31.0,4.14,8.3,15.9,25.8,27.3,24.7
2021-07-16 16:30:00,-5,679768200,30.8,4.14,8.3,15.8,25.7,27.3,24.8
2021-07-16 16:40:00,-5,679768800,30.3,4.14,8.3,15.8,25.7,27.4,24.8
2021-07-16 17:10:00,-5,679770600,29.3,4.14,8.3,15.9,25.7,27.5,24.8
2021-07-16 17:40:00,-5,679772400,29.0,4.14,8.2,16.0,25.7,27.5,25.0
2021-07-16 18:00:00,-5,679773600,28.8,4.12,8.1,16.0,25.7,27.6,25.0
2021-07-16 18:20:00,-5,679774800,28.3,4.12,8.0,16.0,25.7,27.5,25.0
2021-07-16 18:50:00,-5,679776600,27.5,4.12,7.9,16.0,25.7,27.5,25.2
2021-07-16 19:00:00,-5,679777200,27.0,4.12,7.9,16.1,25.8,27.5,25.1
2021-07-16 19:10:00,-5,679777800,26.5,4.12,7.8,16.1,25.8,27.5,25.1
2021-07-16 19:20:00,-5,679778400,26.0,4.12,7.8,16.1,25.8,27.5,25.1
2021-07-16 19:30:00,-5,679779000,25.5,4.12,7.8,16.1,25.8,27.6,25.1
2021-07-16 19:40:00,-5,679779600,25.3,4.12,7.8,16.1,25.8,27.5,25.1
2021-07-16 19:50:00,-5,679780200,25.0,4.12,7.7,16.1,25.8,27.6,25.2
2021-07-16 20:00:00,-5,679780800,24.5,4.12,7.7,16.1,25.8,27.5,25.2
2021-07-16 20:20:00,-5,679782000,24.0,4.12,7.7,16.1,25.7,27.5,25.1
2021-07-16 21:00:00,-5,679784400,23.5,4.12,7.5,16.1,25.7,27.4,25.3
2021-07-16 21:10:00,-5,679785000,23.5,4.12,7.5,16.1,25.7,27.3,25.3
2021-07-16 21:20:00,-5,679785600,23.3,4.12,7.5,16.1,25.9,27.3,25.3
2021-07-16 21:30:00,-5,679786200,23.3,4.12,7.4,16.1,25.7,27.3,25.3
2021-07-16 21:40:00,-5,679786800,23.3,4.12,7.4,16.1,25.8,27.3,25.3
2021-07-16 22:00:00,-5,679788000,22.8,4.12,7.4,16.1,25.8,27.3,25.3
2021-07-16 22:10:00,-5,679788600,22.8,4.12,7.3,16.1,25.8,27.3,25.3
2021-07-16 22:20:00,-5,679789200,22.8,4.12,7.3,16.0,25.8,27.3,25.3
2021-07-16 22:30:00,-5,679789800,23.0,4.12,7.3,16.1,25.8,27.2,25.3
2021-07-16 22:40:00,-5,679790400,22.8,4.12,7.3,16.0,25.8,27.1,25.3
2021-07-16 22:50:00,-5,679791000,23.0,4.11,7.2,16.0,25.8,27.1,25.5
2021-07-16 23:00:00,-5,679791600,23.0,4.12,7.2,16.0,25.8,27.2,25.5
2021-07-16 23:10:00,-5,679792200,23.0,4.11,7.2,16.0,25.8,27.1,25.3
2021-07-16 23:20:00,-5,679792800,22.8,4.11,7.1,16.1,25.9,27.2,25.4
2021-07-16 23:30:00,-5,679793400,22.5,4.11,7.1,16.0,25.8,27.1,25.3
2021-07-16 23:40:00,-5,679794000,22.8,4.11,7.1,16.0,25.8,27.1,25.4
2021-07-16 23:50:00,-5,679794600,22.5,4.11,7.1,16.0,25.8,27.1,25.5
2021-07-17 00:10:00,-5,679795800,22.5,4.11,7.0,16.1,25.9,27.0,25.4
2021-07-17 00:20:00,-5,679796400,22.5,4.11,7.0,16.1,25.9,27.0,25.5
2021-07-17 00:40:00,-5,679797600,22.3,4.11,7.0,16.0,25.8,26.8,25.5
2021-07-17 00:50:00,-5,679798200,22.3,4.11,7.0,16.0,25.8,26.8,25.4
2021-07-17 01:00:00,-5,679798800,22.3,4.11,6.9,16.0,25.8,26.8,25.4
2021-07-17 01:10:00,-5,679799400,22.0,4.11,6.9,16.0,25.8,26.8,25.5
2021-07-17 01:20:00,-5,679800000,21.8,4.11,6.9,16.0,25.8,26.7,25.5
2021-07-17 01:30:00,-5,679800600,22.0,4.11,6.9,16.0,25.8,26.7,25.4
2021-07-17 01:40:00,-5,679801200,22.0,4.11,6.8,16.0,26.0,26.7,25.4
2021-07-17 01:50:00,-5,679801800,21.8,4.11,6.8,16.0,26.0,26.7,25.5
2021-07-17 02:00:00,-5,679802400,22.0,4.11,6.8,15.9,26.0,26.7,25.4
2021-07-17 02:10:00,-5,679803000,21.8,4.11,6.8,16.0,26.0,26.7,25.5
2021-07-17 02:20:00,-5,679803600,21.5,4.11,6.8,16.0,26.0,26.6,25.4
2021-07-17 02:30:00,-5,679804200,21.3,4.11,6.8,15.9,25.9,26.6,25.4
2021-07-17 02:40:00,-5,679804800,21.3,4.11,6.8,15.9,25.9,26.7,25.4
2021-07-17 02:50:00,-5,679805400,21.3,4.11,6.7,16.0,26.0,26.6,25.3
2021-07-17 03:00:00,-5,679806000,21.5,4.11,6.7,15.9,25.9,26.6,25.3
2021-07-17 03:10:00,-5,679806600,21.5,4.11,6.7,15.9,25.9,26.4,25.3
2021-07-17 04:00:00,-5,679809600,21.0,4.11,6.6,15.9,26.0,26.5,25.3
2021-07-17 04:10:00,-5,679810200,21.0,4.11,6.6,15.9,25.9,26.4,25.4
2021-07-17 04:20:00,-5,679810800,21.0,4.11,6.5,15.9,26.0,26.5,25.4
2021-07-17 04:30:00,-5,679811400,21.3,4.11,6.6,15.8,25.9,26.5,25.4
2021-07-17 04:40:00,-5,679812000,21.3,4.11,6.5,15.9,26.0,26.5,25.4
2021-07-17 04:50:00,-5,679812600,21.8,4.11,6.5,15.8,25.9,26.3,25.3
2021-07-17 05:10:00,-5,679813800,21.8,4.11,6.5,15.8,25.9,26.2,25.4
2021-07-17 05:20:00,-5,679814400,21.8,4.11,6.5,15.8,25.9,26.3,25.2
2021-07-17 05:40:00,-5,679815600,24.0,4.11,6.4,15.8,25.9,26.3,25.2
2021-07-17 06:00:00,-5,679816800,26.3,4.11,6.4,15.7,25.9,26.2,25.2
2021-07-17 06:10:00,-5,679817400,27.0,4.11,6.4,15.8,25.9,26.2,25.3
2021-07-17 06:20:00,-5,679818000,27.8,4.11,6.4,15.8,25.9,26.1,25.2
2021-07-17 06:30:00,-5,679818600,28.0,4.11,6.4,15.8,25.9,26.2,25.2
2021-07-17 06:50:00,-5,679819800,33.8,4.11,6.4,15.8,25.9,26.1,25.3
2021-07-17 07:30:00,-5,679822200,44.0,4.12,6.4,15.7,25.9,26.0,25.1
2021-07-17 07:40:00,-5,679822800,42.5,4.12,6.4,15.8,26.1,26.0,25.1
2021-07-17 07:50:00,-5,679823400,37.8,4.12,6.4,15.7,26.1,25.8,25.1
2021-07-17 08:00:00,-5,679824000,37.8,4.14,6.4,15.7,25.9,26.0,25.1
2021-07-17 08:10:00,-5,679824600,40.0,4.14,6.4,15.7,25.9,26.0,25.0
2021-07-17 08:20:00,-5,679825200,46.3,4.14,6.4,15.7,25.9,26.0,25.0
2021-07-17 08:40:00,-5,679826400,51.5,4.14,6.4,15.7,26.1,25.8,25.1
2021-07-17 09:00:00,-5,679827600,54.0,4.12,6.5,15.6,25.9,25.8,25.1
2021-07-17 09:10:00,-5,679828200,55.3,4.14,6.5,15.6,25.9,25.8,25.2
2021-07-17 09:20:00,-5,679828800,56.3,4.14,6.5,15.6,25.9,26.1,25.1
2021-07-17 09:40:00,-5,679830000,57.3,4.14,6.6,15.5,25.9,26.0,25.0
2021-07-17 10:00:00,-5,679831200,57.8,4.12,6.6,15.6,25.9,25.7,25.0
2021-07-17 10:50:00,-5,679834200,58.0,4.12,6.8,15.5,25.9,26.0,25.0
2021-07-17 11:20:00,-5,679836000,58.5,4.12,7.0,15.5,25.9,26.1,24.8
2021-07-17 11:40:00,-5,679837200,57.5,4.12,7.1,15.5,26.0,26.0,25.0
2021-07-17 11:50:00,-5,679837800,57.8,4.12,7.2,15.5,25.9,26.2,24.8
2021-07-17 12:00:00,-5,679838400,57.3,4.14,7.2,15.5,25.9,26.2,25.0
2021-07-17 12:10:00,-5,679839000,51.5,4.12,7.3,15.6,26.0,26.1,25.0
2021-07-17 12:20:00,-5,679839600,52.3,4.14,7.4,15.5,25.9,26.3,25.0
2021-07-17 12:40:00,-5,679840800,50.0,4.14,7.5,15.5,25.9,26.3,24.8
2021-07-17 13:20:00,-5,679843200,49.5,4.14,7.6,15.6,25.9,26.4,25.0
2021-07-17 14:00:00,-5,679845600,49.8,4.12,7.8,15.6,25.9,26.7,24.9
2021-07-17 14:10:00,-5,679846200,49.8,4.14,7.8,15.6,26.0,26.8,24.8
2021-07-17 14:30:00,-5,679847400,45.5,4.14,7.9,15.6,25.9,27.0,25.0
2021-07-17 14:40:00,-5,679848000,39.3,4.14,7.9,15.7,26.0,26.8,24.7
2021-07-17 15:00:00,-5,679849200,33.5,4.14,8.0,15.7,25.9,27.0,25.0
2021-07-17 15:10:00,-5,679849800,32.3,4.14,8.0,15.7,26.0,27.1,25.0
2021-07-17 15:30:00,-5,679851000,29.8,4.14,8.1,15.7,25.9,27.2,25.0
2021-07-17 15:50:00,-5,679852200,28.0,4.12,8.0,15.8,25.9,27.3,25.0
2021-07-17 16:10:00,-5,679853400,27.5,4.12,8.0,15.8,25.9,27.3,25.0
2021-07-17 16:40:00,-5,679855200,27.8,4.12,7.9,15.9,25.9,27.4,25.0
2021-07-17 16:50:00,-5,679855800,27.8,4.12,7.8,15.9,26.0,27.3,25.1
2021-07-17 17:00:00,-5,679856400,28.3,4.12,7.8,15.9,25.9,27.3,25.1
2021-07-17 17:10:00,-5,679857000,28.5,4.12,7.8,15.9,26.0,27.3,25.1
2021-07-17 17:20:00,-5,679857600,28.5,4.12,7.8,15.9,25.9,27.3,25.0
2021-07-17 17:30:00,-5,679858200,28.8,4.12,7.8,15.9,25.9,27.4,25.1
2021-07-17 17:40:00,-5,679858800,29.0,4.12,7.7,15.9,25.9,27.4,25.1
2021-07-17 17:50:00,-5,679859400,29.0,4.12,7.7,16.0,26.0,27.5,25.1
2021-07-17 18:00:00,-5,679860000,29.5,4.14,7.7,16.0,25.9,27.5,25.1
2021-07-17 18:10:00,-5,679860600,29.5,4.14,7.7,16.0,25.9,27.5,25.2
2021-07-17 18:20:00,-5,679861200,29.3,4.14,7.6,16.0,26.0,27.3,25.2
2021-07-17 18:40:00,-5,679862400,27.5,4.12,7.6,16.0,25.9,27.3,25.3
2021-07-17 18:50:00,-5,679863000,26.5,4.12,7.6,16.0,25.9,27.3,25.3
2021-07-17 19:00:00,-5,679863600,25.0,4.12,7.6,16.0,25.9,27.3,25.3
2021-07-17 19:30:00,-5,679865400,23.5,4.12,7.5,16.1,26.0,27.3,25.3
2021-07-17 20:10:00,-5,679867800,23.5,4.12,7.6,16.3,25.9,27.3,25.3
2021-07-17 20:20:00,-5,679868400,22.8,4.12,17.4,17.6,26.1,27.3,25.4
2021-07-17 20:30:00,-5,679869000,22.3,4.12,25.2,20.1,26.2,27.2,25.2
2021-07-17 20:40:00,-5,679869600,22.3,4.12,25.9,20.4,26.2,27.1,25.4
2021-07-17 20:50:00,-5,679870200,22.3,4.12,26.2,20.6,26.1,27.1,25.4
2021-07-17 21:00:00,-5,679870800,22.3,4.12,26.6,20.7,26.3,27.1,25.3
2021-07-17 21:10:00,-5,679871400,22.3,4.12,26.9,20.8,26.3,27.1,25.3
2021-07-17 21:20:00,-5,679872000,22.0,4.12,27.0,20.9,26.3,27.1,25.4
2021-07-17 21:30:00,-5,679872600,22.0,4.12,26.9,20.9,26.2,27.1,25.5
2021-07-17 21:40:00,-5,679873200,21.8,4.12,26.7,21.0,26.2,27.1,25.4
2021-07-17 21:50:00,-5,679873800,21.8,4.12,26.5,21.1,26.2,27.1,25.3
2021-07-17 22:00:00,-5,679874400,21.5,4.12,26.3,21.2,26.4,27.1,25.5
2021-07-17 22:10:00,-5,679875000,21.5,4.12,26.0,21.2,26.3,27.1,25.5
2021-07-17 22:20:00,-5,679875600,21.3,4.12,25.8,21.2,26.4,27.1,25.3
2021-07-17 22:30:00,-5,679876200,21.3,4.12,25.6,21.2,26.5,26.8,25.4
2021-07-17 22:50:00,-5,679877400,21.8,4.12,25.1,21.2,26.7,26.8,25.5
2021-07-17 23:00:00,-5,679878000,21.8,4.12,25.0,21.2,26.9,26.8,25.4
2021-07-17 23:10:00,-5,679878600,21.8,4.12,24.9,21.2,27.0,26.8,25.5
2021-07-17 23:20:00,-5,679879200,21.8,4.11,24.7,21.2,27.0,26.8,25.4
2021-07-17 23:30:00,-5,679879800,21.5,4.11,24.6,21.2,27.1,26.7,25.5
2021-07-17 23:40:00,-5,679880400,21.8,4.11,24.4,21.2,27.3,26.6,25.5
2021-07-17 23:50:00,-5,679881000,21.8,4.11,24.3,21.2,27.3,26.7,25.5
2021-07-18 00:00:00,-5,679881600,21.8,4.11,24.1,21.1,27.2,26.7,25.4
2021-07-18 00:40:00,-5,679884000,22.0,4.11,23.6,21.1,27.3,26.7,25.4
2021-07-18 01:10:00,-5,679885800,21.8,4.11,23.3,21.0,27.4,26.3,25.4
2021-07-18 01:20:00,-5,679886400,21.8,4.11,23.2,21.0,27.4,26.4,25.3
2021-07-18 01:30:00,-5,679887000,21.8,4.11,23.1,21.0,27.4,26.4,25.3
2021-07-18 01:40:00,-5,679887600,21.8,4.11,23.0,21.0,27.6,26.3,25.3
2021-07-18 01:50:00,-5,679888200,21.8,4.11,22.9,21.0,27.5,26.5,25.5
2021-07-18 02:20:00,-5,679890000,22.3,4.11,22.7,20.8,27.5,26.3,25.4
2021-07-18 02:30:00,-5,679890600,22.3,4.11,22.6,21.0,27.7,26.3,25.3
2021-07-18 02:40:00,-5,679891200,22.3,4.11,22.5,20.9,27.5,26.3,25.3
2021-07-18 02:50:00,-5,679891800,22.3,4.11,22.4,20.9,27.6,26.4,25.3
2021-07-18 03:00:00,-5,679892400,22.3,4.11,22.4,20.9,27.6,26.3,25.2
2021-07-18 03:20:00,-5,679893600,22.3,4.11,22.2,20.9,27.7,26.3,25.3
2021-07-18 03:30:00,-5,679894200,22.5,4.11,22.2,20.8,27.6,26.1,25.2
2021-07-18 03:40:00,-5,679894800,22.5,4.11,22.1,20.8,27.6,26.3,25.3
2021-07-18 03:50:00,-5,679895400,22.5,4.11,22.0,20.8,27.8,26.2,25.2
2021-07-18 04:00:00,-5,679896000,22.5,4.11,22.0,20.8,27.6,26.1,25.4
2021-07-18 04:10:00,-5,679896600,22.5,4.11,21.9,20.8,27.7,26.1,25.4
2021-07-18 04:40:00,-5,679898400,22.0,4.11,21.7,20.8,27.7,26.0,25.4
2021-07-18 05:50:00,-5,679902600,23.0,4.09,21.4,20.7,27.7,26.0,25.2
2021-07-18 06:00:00,-5,679903200,23.5,4.09,21.3,20.7,27.7,25.8,25.2
2021-07-18 06:10:00,-5,679903800,24.0,4.09,21.3,20.7,27.7,25.8,25.3
2021-07-18 06:40:00,-5,679905600,25.8,4.09,21.2,20.5,27.8,25.8,25.1
2021-07-18 06:50:00,-5,679906200,27.8,4.11,21.1,20.7,27.9,25.8,25.3
2021-07-18 07:00:00,-5,679906800,31.0,4.11,21.1,20.6,27.8,25.8,25.2
2021-07-18 07:10:00,-5,679907400,36.5,4.12,21.1,20.6,27.8,25.8,25.2
2021-07-18 07:20:00,-5,679908000,37.5,4.12,21.0,20.6,27.9,25.7,25.1
2021-07-18 07:30:00,-5,679908600,35.3,4.12,21.0,20.6,27.8,25.8,25.1
2021-07-18 07:40:00,-5,679909200,32.5,4.12,21.0,20.5,27.8,25.7,25.1
2021-07-18 07:50:00,-5,679909800,34.3,4.12,20.9,20.5,27.8,25.8,25.1
2021-07-18 08:00:00,-5,679910400,34.8,4.12,20.9,20.5,27.8,25.7,25.1
2021-07-18 08:10:00,-5,679911000,33.3,4.14,20.9,20.6,28.0,25.6,25.2
2021-07-18 08:20:00,-5,679911600,36.8,4.14,20.8,20.5,27.9,25.8,25.1
2021-07-18 08:30:00,-5,679912200,42.0,4.14,20.8,20.5,28.0,25.8,25.0
2021-07-18 08:40:00,-5,679912800,40.3,4.14,20.8,20.5,27.9,25.6,25.2
2021-07-18 08:50:00,-5,679913400,45.8,4.14,20.8,20.5,28.0,25.8,25.0
2021-07-18 09:00:00,-5,679914000,48.0,4.14,20.8,20.4,27.9,25.7,25.0
2021-07-18 09:10:00,-5,679914600,49.8,4.14,20.7,20.4,27.9,25.7,25.0
2021-07-18 09:20:00,-5,679915200,47.3,4.14,20.7,20.5,28.0,25.7,25.1
2021-07-18 09:30:00,-5,679915800,37.0,4.14,20.7,20.4,27.9,25.7,25.1
2021-07-18 09:50:00,-5,679917000,32.8,4.14,20.6,20.4,27.9,25.6,25.0
2021-07-18 10:10:00,-5,679918200,32.0,4.14,20.5,20.4,27.9,25.5,25.1
2021-07-18 10:30:00,-5,679919400,31.0,4.14,20.3,20.4,28.1,25.5,25.0
2021-07-18 11:00:00,-5,679921200,30.8,4.15,20.2,20.4,28.1,25.7,25.0
2021-07-18 11:40:00,-5,679923600,33.8,4.15,20.0,20.3,28.0,25.6,24.8
2021-07-18 12:00:00,-5,679924800,36.8,4.15,19.9,20.2,28.0,25.7,24.8
2021-07-18 12:10:00,-5,679925400,36.0,4.15,19.8,20.2,28.0,25.6,24.8
2021-07-18 12:30:00,-5,679926600,38.8,4.15,19.7,20.2,28.0,25.7,24.7
2021-07-18 13:00:00,-5,679928400,37.0,4.15,19.4,20.2,28.1,25.7,24.8
2021-07-18 13:10:00,-5,679929000,35.8,4.15,19.4,20.2,28.0,25.7,24.8
2021-07-18 13:20:00,-5,679929600,37.0,4.15,19.3,20.1,28.0,25.6,24.8
2021-07-18 13:30:00,-5,679930200,34.3,4.15,19.3,20.1,28.0,25.6,24.7
2021-07-18 14:00:00,-5,679932000,29.5,4.15,19.1,20.1,28.0,25.7,24.8
2021-07-18 14:10:00,-5,679932600,30.5,4.15,19.0,20.1,28.0,25.8,24.8
2021-07-18 14:20:00,-5,679933200,29.8,4.15,19.0,20.0,28.0,25.6,24.8
2021-07-18 14:30:00,-5,679933800,29.8,4.15,18.9,20.1,28.1,25.8,24.8
2021-07-18 16:40:00,-5,679941600,24.3,4.15,18.3,19.7,27.9,25.7,24.8
2021-07-18 16:50:00,-5,679942200,24.5,4.15,18.2,19.7,27.9,25.6,24.7
2021-07-18 17:20:00,-5,679944000,24.5,4.15,18.1,19.7,28.0,25.5,24.7
2021-07-18 17:40:00,-5,679945200,25.3,4.15,18.0,19.6,27.8,25.6,24.7
2021-07-18 17:50:00,-5,679945800,24.3,4.15,18.0,19.6,27.8,25.6,24.7
2021-07-18 18:00:00,-5,679946400,23.5,4.15,17.9,19.6,27.8,25.6,24.7
2021-07-18 18:10:00,-5,679947000,23.8,4.15,17.9,19.6,27.8,25.6,24.7
2021-07-18 18:20:00,-5,679947600,23.3,4.15,17.8,19.6,27.9,25.5,24.6
2021-07-18 18:30:00,-5,679948200,23.0,4.15,17.8,19.6,27.8,25.6,24.8
2021-07-18 18:40:00,-5,679948800,22.5,4.15,17.8,19.5,27.7,25.7,24.6
2021-07-18 18:50:00,-5,679949400,21.8,4.15,17.8,19.5,27.8,25.5,24.8
2021-07-18 19:00:00,-5,679950000,21.5,4.15,17.7,19.6,27.8,25.5,24.7
2021-07-18 19:10:00,-5,679950600,21.5,4.15,17.7,19.5,27.7,25.5,24.6
2021-07-18 19:30:00,-5,679951800,21.0,4.15,17.6,19.5,27.7,25.6,24.6
2021-07-18 19:40:00,-5,679952400,20.5,4.14,17.6,19.4,27.7,25.3,24.6
2021-07-18 20:40:00,-5,679956000,19.8,4.14,17.4,19.4,27.6,25.2,24.7
2021-07-18 20:50:00,-5,679956600,19.8,4.14,17.3,19.4,27.6,25.5,24.6
2021-07-18 21:00:00,-5,679957200,20.0,4.14,17.3,19.4,27.6,25.1,24.6
2021-07-18 21:10:00,-5,679957800,20.0,4.14,17.3,19.4,27.6,25.3,24.7
2021-07-18 21:20:00,-5,679958400,20.3,4.14,17.2,19.4,27.6,25.2,24.7
2021-07-18 21:50:00,-5,679960200,20.3,4.14,17.1,19.3,27.6,25.2,24.5
2021-07-18 22:00:00,-5,679960800,20.3,4.14,17.1,19.3,27.6,25.1,24.5
2021-07-18 22:10:00,-5,679961400,20.3,4.14,17.1,19.4,27.7,25.1,24.6
2021-07-18 22:20:00,-5,679962000,20.0,4.14,17.1,19.3,27.6,25.1,24.6
2021-07-18 22:30:00,-5,679962600,19.8,4.14,17.0,19.3,27.7,25.1,24.5
2021-07-18 22:40:00,-5,679963200,19.8,4.14,17.0,19.3,27.6,25.0,24.6
2021-07-18 22:50:00,-5,679963800,20.0,4.14,17.0,19.3,27.6,25.1,24.5
2021-07-18 23:10:00,-5,679965000,20.3,4.14,16.9,19.3,27.5,25.1,24.6
2021-07-18 23:20:00,-5,679965600,20.0,4.14,16.9,19.2,27.5,24.8,24.6
2021-07-18 23:40:00,-5,679966800,20.3,4.12,16.9,19.2,27.5,24.8,24.6
2021-07-18 23:50:00,-5,679967400,20.3,4.12,16.8,19.2,27.5,24.8,24.6
2021-07-19 00:10:00,-5,679968600,20.3,4.12,16.8,19.2,27.5,24.8,24.6
2021-07-19 00:20:00,-5,679969200,20.3,4.12,16.7,19.2,27.5,25.0,24.5
2021-07-19 00:30:00,-5,679969800,20.3,4.12,16.7,19.1,27.5,24.7,24.4
2021-07-19 00:40:00,-5,679970400,20.3,4.12,16.7,19.1,27.5,24.8,24.5
2021-07-19 00:50:00,-5,679971000,20.3,4.12,16.7,19.1,27.5,24.7,24.4
2021-07-19 01:00:00,-5,679971600,20.0,4.12,16.6,19.1,27.5,24.7,24.5
2021-07-19 01:30:00,-5,679973400,19.8,4.12,16.6,19.1,27.5,24.6,24.5
2021-07-19 01:40:00,-5,679974000,19.8,4.12,16.6,19.1,27.6,24.7,24.4
2021-07-19 01:50:00,-5,679974600,19.8,4.12,16.6,19.0,27.5,24.6,24.3
2021-07-19 02:00:00,-5,679975200,19.8,4.12,16.6,19.1,27.6,24.7,24.4
2021-07-19 02:10:00,-5,679975800,19.8,4.12,16.6,19.0,27.5,24.7,24.5
2021-07-19 02:20:00,-5,679976400,19.8,4.12,16.6,19.0,27.5,24.6,24.3
2021-07-19 02:30:00,-5,679977000,19.8,4.12,16.6,19.0,27.6,24.6,24.4
2021-07-19 02:40:00,-5,679977600,19.8,4.12,16.6,19.0,27.6,24.6,24.5
2021-07-19 02:50:00,-5,679978200,20.0,4.12,16.6,19.0,27.5,24.7,24.5
2021-07-19 03:00:00,-5,679978800,19.8,4.12,16.5,19.0,27.5,24.6,24.5
2021-07-19 03:10:00,-5,679979400,20.0,4.12,16.5,18.9,27.5,24.6,24.5
2021-07-19 03:20:00,-5,679980000,20.0,4.12,16.4,19.0,27.6,24.5,24.4
2021-07-19 03:30:00,-5,679980600,20.0,4.12,16.5,18.9,27.5,24.5,24.5
2021-07-19 03:40:00,-5,679981200,20.0,4.12,16.4,19.0,27.6,24.5,24.4
2021-07-19 03:50:00,-5,679981800,20.0,4.12,16.4,18.9,27.5,24.6,24.3
2021-07-19 04:00:00,-5,679982400,19.5,4.12,16.4,18.9,27.6,24.4,24.4
2021-07-19 04:10:00,-5,679983000,19.0,4.12,16.3,18.9,27.6,24.5,24.3
2021-07-19 04:20:00,-5,679983600,18.8,4.12,16.3,18.9,27.6,24.5,24.4
2021-07-19 04:30:00,-5,679984200,18.3,4.12,16.3,18.9,27.6,24.4,24.3
2021-07-19 04:40:00,-5,679984800,18.3,4.12,16.3,18.8,27.5,24.5,24.4
2021-07-19 04:50:00,-5,679985400,18.0,4.12,16.3,18.8,27.5,24.4,24.3
2021-07-19 05:00:00,-5,679986000,18.0,4.12,16.3,18.8,27.5,24.5,24.3
2021-07-19 05:10:00,-5,679986600,18.0,4.12,16.2,18.9,27.6,24.4,24.4
2021-07-19 05:20:00,-5,679987200,18.0,4.12,16.3,18.8,27.5,24.5,24.3
2021-07-19 05:30:00,-5,679987800,18.5,4.12,16.2,18.9,27.6,24.4,24.3
2021-07-19 05:40:00,-5,679988400,18.8,4.12,16.2,18.8,27.6,24.3,24.3
2021-07-19 05:50:00,-5,679989000,20.0,4.12,16.2,18.8,27.5,24.3,24.4
2021-07-19 06:10:00,-5,679990200,21.8,4.12,16.2,18.8,27.5,24.3,24.3
2021-07-19 06:20:00,-5,679990800,22.8,4.12,16.1,18.8,27.6,24.2,24.3
2021-07-19 06:30:00,-5,679991400,25.3,4.12,16.1,18.7,27.5,24.2,24.3
2021-07-19 06:40:00,-5,679992000,25.3,4.12,16.1,18.7,27.5,24.3,24.3
2021-07-19 06:50:00,-5,679992600,25.0,4.14,16.1,18.7,27.5,24.3,24.3
2021-07-19 07:00:00,-5,679993200,29.5,4.14,16.0,18.8,27.6,24.3,24.3
2021-07-19 07:10:00,-5,679993800,33.0,4.14,16.1,18.7,27.5,24.2,24.3
2021-07-19 07:20:00,-5,679994400,34.5,4.14,16.0,18.7,27.6,24.3,24.2
2021-07-19 07:30:00,-5,679995000,33.5,4.15,16.0,18.7,27.6,24.3,24.3
2021-07-19 07:40:00,-5,679995600,36.0,4.14,16.0,18.7,27.5,24.2,24.3
2021-07-19 07:50:00,-5,679996200,36.8,4.14,16.0,18.7,27.5,24.2,24.2
2021-07-19 08:00:00,-5,679996800,36.8,4.14,16.0,18.6,27.5,24.1,24.3
2021-07-19 08:20:00,-5,679998000,44.0,4.14,15.9,18.6,27.5,24.1,24.1
2021-07-19 08:30:00,-5,679998600,46.0,4.14,15.9,18.6,27.5,24.1,24.2
2021-07-19 08:40:00,-5,679999200,47.3,4.14,15.9,18.6,27.5,24.2,24.2
2021-07-19 08:50:00,-5,679999800,48.3,4.14,15.9,18.6,27.5,24.2,24.2
2021-07-19 09:00:00,-5,680000400,49.3,4.14,15.9,18.6,27.5,24.2,24.2
2021-07-19 09:10:00,-5,680001000,46.8,4.14,15.9,18.6,27.5,24.1,24.2
2021-07-19 09:20:00,-5,680001600,47.0,4.14,15.9,18.6,27.5,24.2,24.2
2021-07-19 09:30:00,-5,680002200,49.8,4.14,15.9,18.5,27.5,24.2,24.2
2021-07-19 09:40:00,-5,680002800,51.3,4.14,15.9,18.5,27.5,24.1,24.2
2021-07-19 09:50:00,-5,680003400,53.0,4.14,15.9,18.6,27.6,24.2,24.1
2021-07-19 10:00:00,-5,680004000,53.0,4.14,15.8,18.6,27.6,24.1,24.1
2021-07-19 10:10:00,-5,680004600,52.8,4.14,15.8,18.5,27.5,24.1,24.2
2021-07-19 10:20:00,-5,680005200,51.5,4.14,15.8,18.5,27.6,24.2,24.1
2021-07-19 11:00:00,-5,680007600,52.3,4.14,15.8,18.4,27.4,24.1,24.1
2021-07-19 11:10:00,-5,680008200,48.5,4.14,15.8,18.4,27.4,24.2,24.2
2021-07-19 11:20:00,-5,680008800,49.8,4.14,15.8,18.4,27.5,24.1,24.1
2021-07-19 11:30:00,-5,680009400,48.5,4.14,15.8,18.4,27.5,24.3,24.1
2021-07-19 11:40:00,-5,680010000,43.5,4.14,15.8,18.4,27.4,24.2,24.0
2021-07-19 12:00:00,-5,680011200,49.0,4.14,15.7,18.5,27.6,24.3,24.0
2021-07-19 12:10:00,-5,680011800,51.5,4.14,15.7,18.4,27.6,24.3,24.1
2021-07-19 12:20:00,-5,680012400,52.0,4.14,15.7,18.4,27.4,24.3,24.1
2021-07-19 12:30:00,-5,680013000,48.3,4.14,15.7,18.4,27.4,24.2,24.0
2021-07-19 12:40:00,-5,680013600,47.0,4.14,15.7,18.4,27.4,24.3,24.1
2021-07-19 13:20:00,-5,680016000,49.0,4.14,15.7,18.4,27.4,24.6,24.1
2021-07-19 13:30:00,-5,680016600,48.0,4.14,15.7,18.4,27.4,24.5,24.1
2021-07-19 13:50:00,-5,680017800,43.3,4.14,15.7,18.4,27.5,24.6,24.0
2021-07-19 14:00:00,-5,680018400,41.8,4.14,15.7,18.4,27.4,24.6,24.1
2021-07-19 14:40:00,-5,680020800,41.8,4.14,15.7,18.4,27.4,24.7,24.0
2021-07-19 16:10:00,-5,680026200,29.5,4.14,15.6,18.4,27.4,25.1,24.0
2021-07-19 16:20:00,-5,680026800,29.0,4.15,15.5,18.5,27.4,25.1,24.1
2021-07-19 17:30:00,-5,680031000,26.0,4.14,15.3,18.5,27.4,25.3,24.1
2021-07-19 17:40:00,-5,680031600,25.5,4.14,15.2,18.6,27.5,25.3,24.1
2021-07-19 17:50:00,-5,680032200,25.8,4.14,15.2,18.5,27.4,25.5,24.2
2021-07-19 18:00:00,-5,680032800,25.8,4.14,15.2,18.5,27.4,25.4,24.1
2021-07-19 18:10:00,-5,680033400,26.0,4.14,15.1,18.5,27.4,25.6,24.1
2021-07-19 18:20:00,-5,680034000,25.8,4.14,15.1,18.5,27.4,25.4,24.1
2021-07-19 18:30:00,-5,680034600,25.3,4.14,15.0,18.6,27.5,25.5,24.1
2021-07-19 18:40:00,-5,680035200,24.8,4.14,15.0,18.6,27.5,25.5,24.1
2021-07-19 18:50:00,-5,680035800,24.3,4.14,15.0,18.6,27.4,25.5,24.1
2021-07-19 19:10:00,-5,680037000,23.5,4.14,14.9,18.6,27.4,25.4,24.1
2021-07-19 19:20:00,-5,680037600,22.8,4.14,14.9,18.6,27.4,25.6,24.1
2021-07-19 19:30:00,-5,680038200,22.5,4.14,14.8,18.5,27.4,25.4,24.2
2021-07-19 19:40:00,-5,680038800,22.0,4.14,14.8,18.6,27.5,25.5,24.2
2021-07-19 19:50:00,-5,680039400,21.5,4.14,14.7,18.6,27.5,25.4,24.2
2021-07-19 20:00:00,-5,680040000,21.5,4.14,14.7,18.6,27.4,25.5,24.2
2021-07-19 20:10:00,-5,680040600,21.0,4.14,14.6,18.6,27.5,25.5,24.1
2021-07-19 20:20:00,-5,680041200,21.0,4.14,14.6,18.6,27.5,25.3,24.2
2021-07-19 20:30:00,-5,680041800,20.8,4.14,14.6,18.6,27.4,25.3,24.2
2021-07-19 20:40:00,-5,680042400,20.8,4.14,14.6,18.6,27.4,25.4,24.1
2021-07-19 20:50:00,-5,680043000,20.8,4.14,14.5,18.5,27.4,25.3,24.2
2021-07-19 21:00:00,-5,680043600,20.3,4.14,14.5,18.6,27.5,25.3,24.2
2021-07-19 21:10:00,-5,680044200,20.0,4.14,14.5,18.6,27.4,25.3,24.2
2021-07-19 21:20:00,-5,680044800,19.8,4.14,14.4,18.6,27.5,25.2,24.2
2021-07-19 21:30:00,-5,680045400,20.0,4.14,14.4,18.6,27.5,25.3,24.3
2021-07-19 21:40:00,-5,680046000,19.5,4.14,14.3,18.6,27.5,25.2,24.3
2021-07-19 21:50:00,-5,680046600,19.5,4.14,14.3,18.5,27.4,25.3,24.3
2021-07-19 22:00:00,-5,680047200,19.5,4.14,14.3,18.5,27.4,25.2,24.3
2021-07-19 22:10:00,-5,680047800,19.5,4.14,14.2,18.6,27.5,25.2,24.2
2021-07-19 22:20:00,-5,680048400,19.5,4.14,14.2,18.5,27.4,25.1,24.2
2021-07-19 22:30:00,-5,680049000,19.3,4.14,14.2,18.5,27.4,25.1,24.3
2021-07-19 22:40:00,-5,680049600,19.0,4.14,14.2,18.5,27.4,25.1,24.3
2021-07-19 22:50:00,-5,680050200,19.3,4.14,14.1,18.5,27.4,25.1,24.2
2021-07-19 23:00:00,-5,680050800,19.3,4.12,14.1,18.5,27.4,25.1,24.3
2021-07-19 23:10:00,-5,680051400,19.0,4.12,14.1,18.5,27.4,25.1,24.3
2021-07-19 23:20:00,-5,680052000,19.0,4.12,14.0,18.5,27.6,25.1,24.1
2021-07-19 23:30:00,-5,680052600,18.8,4.12,14.0,18.5,27.4,25.1,24.2
2021-07-19 23:40:00,-5,680053200,18.5,4.12,14.0,18.5,27.4,25.1,24.3
2021-07-19 23:50:00,-5,680053800,18.5,4.12,14.0,18.5,27.4,25.1,24.3
2021-07-20 00:00:00,-5,680054400,18.5,4.12,13.9,18.5,27.5,25.1,24.2
2021-07-20 00:10:00,-5,680055000,18.3,4.12,13.9,18.5,27.4,25.0,24.2
2021-07-20 00:20:00,-5,680055600,18.3,4.12,13.9,18.5,27.5,25.1,24.2
2021-07-20 00:40:00,-5,680056800,18.3,4.12,13.8,18.4,27.5,24.8,24.3
2021-07-20 00:50:00,-5,680057400,18.3,4.12,13.8,18.4,27.5,24.8,24.3
2021-07-20 01:00:00,-5,680058000,18.0,4.12,13.7,18.4,27.4,24.8,24.2
2021-07-20 01:10:00,-5,680058600,18.0,4.12,13.7,18.5,27.6,24.8,24.2
2021-07-20 01:20:00,-5,680059200,18.0,4.12,13.7,18.4,27.5,24.8,24.3
2021-07-20 01:30:00,-5,680059800,18.0,4.12,13.6,18.4,27.6,24.7,24.2
2021-07-20 01:50:00,-5,680061000,18.0,4.12,13.6,18.4,27.5,24.6,24.3
2021-07-20 02:00:00,-5,680061600,17.8,4.12,13.6,18.4,27.5,24.7,24.2
2021-07-20 02:20:00,-5,680062800,17.8,4.12,13.5,18.3,27.5,24.6,24.3
2021-07-20 02:30:00,-5,680063400,17.8,4.12,13.4,18.4,27.6,24.6,24.2
2021-07-20 02:40:00,-5,680064000,17.8,4.12,13.4,18.4,27.6,24.6,24.3
2021-07-20 02:50:00,-5,680064600,18.0,4.12,13.4,18.4,27.6,24.5,24.2
2021-07-20 03:00:00,-5,680065200,18.0,4.12,13.4,18.4,27.6,24.6,24.2
2021-07-20 03:10:00,-5,680065800,17.8,4.12,13.4,18.3,27.5,24.5,24.2
2021-07-20 03:20:00,-5,680066400,17.8,4.12,13.4,18.3,27.5,24.5,24.2
2021-07-20 03:30:00,-5,680067000,17.5,4.12,13.3,18.3,27.5,24.5,24.3
2021-07-20 03:40:00,-5,680067600,17.5,4.12,13.3,18.3,27.6,24.5,24.2
2021-07-20 03:50:00,-5,680068200,17.5,4.12,13.3,18.3,27.5,24.3,24.2
2021-07-20 04:00:00,-5,680068800,17.5,4.12,13.2,18.3,27.6,24.4,24.1
2021-07-20 04:20:00,-5,680070000,17.3,4.12,13.2,18.2,27.5,24.3,24.1
2021-07-20 04:30:00,-5,680070600,17.3,4.12,13.2,18.3,27.6,24.4,24.2
2021-07-20 04:40:00,-5,680071200,17.3,4.12,13.2,18.2,27.5,24.4,24.2
2021-07-20 04:50:00,-5,680071800,17.5,4.12,13.2,18.2,27.5,24.3,24.1
2021-07-20 05:00:00,-5,680072400,17.3,4.12,13.1,18.2,27.6,24.4,24.1
2021-07-20 05:10:00,-5,680073000,17.5,4.12,13.1,18.2,27.5,24.3,24.2
2021-07-20 05:20:00,-5,680073600,17.8,4.12,13.1,18.2,27.5,24.3,24.1
2021-07-20 05:30:00,-5,680074200,18.3,4.12,13.0,18.2,27.6,24.2,24.1
2021-07-20 05:40:00,-5,680074800,19.3,4.12,13.1,18.2,27.5,24.3,24.1
2021-07-20 05:50:00,-5,680075400,20.0,4.12,13.0,18.1,27.5,24.2,24.2
2021-07-20 06:20:00,-5,680077200,22.3,4.12,13.0,18.1,27.5,24.1,24.2
2021-07-20 06:30:00,-5,680077800,24.3,4.12,13.0,18.1,27.5,24.1,24.1
2021-07-20 06:40:00,-5,680078400,26.5,4.12,12.9,18.1,27.5,24.0,24.0
2021-07-20 06:50:00,-5,680079000,28.8,4.14,12.9,18.1,27.5,24.2,24.1
2021-07-20 07:00:00,-5,680079600,31.0,4.14,12.9,18.1,27.5,24.2,24.1
2021-07-20 07:10:00,-5,680080200,33.3,4.14,12.9,18.1,27.5,24.1,24.0
2021-07-20 07:20:00,-5,680080800,35.8,4.14,12.9,18.0,27.5,24.1,24.0
2021-07-20 07:30:00,-5,680081400,37.0,4.14,12.9,18.0,27.5,24.1,24.1
2021-07-20 07:40:00,-5,680082000,38.5,4.14,12.9,18.0,27.5,24.2,24.1
2021-07-20 07:50:00,-5,680082600,40.0,4.14,12.8,18.1,27.6,24.1,23.8
2021-07-20 08:00:00,-5,680083200,42.3,4.14,12.9,18.0,27.5,24.1,24.1
2021-07-20 08:30:00,-5,680085000,45.3,4.14,12.9,18.0,27.5,24.0,24.0
2021-07-20 08:40:00,-5,680085600,47.0,4.14,12.9,18.0,27.5,24.0,23.8
2021-07-20 08:50:00,-5,680086200,47.8,4.14,12.9,18.0,27.5,23.8,24.0
2021-07-20 09:10:00,-5,680087400,49.8,4.14,12.8,18.0,27.6,24.1,24.0
2021-07-20 09:30:00,-5,680088600,50.3,4.14,12.9,17.9,27.5,24.1,23.8
2021-07-20 09:40:00,-5,680089200,50.5,4.14,12.9,17.9,27.5,24.0,24.0
2021-07-20 09:50:00,-5,680089800,51.0,4.14,12.8,18.0,27.6,24.0,24.0
2021-07-20 10:40:00,-5,680092800,51.5,4.14,12.9,17.9,27.5,24.1,24.0
2021-07-20 10:50:00,-5,680093400,51.5,4.14,12.9,17.9,27.5,24.0,24.0
2021-07-20 11:20:00,-5,680095200,49.3,4.14,12.9,17.8,27.5,24.0,24.0
2021-07-20 11:40:00,-5,680096400,44.0,4.14,13.0,17.8,27.5,24.1,23.7
2021-07-20 11:50:00,-5,680097000,48.0,4.14,13.0,17.8,27.5,24.2,23.8
2021-07-20 12:00:00,-5,680097600,50.3,4.14,13.0,17.8,27.4,24.2,23.7
2021-07-20 12:10:00,-5,680098200,49.0,4.14,13.0,17.8,27.5,24.2,23.8
2021-07-20 12:20:00,-5,680098800,49.8,4.14,13.0,17.8,27.5,24.2,23.8
2021-07-20 12:50:00,-5,680100600,46.3,4.14,13.1,17.8,27.5,24.3,23.8
2021-07-20 13:00:00,-5,680101200,46.8,4.14,13.1,17.8,27.4,24.3,23.8
2021-07-20 13:10:00,-5,680101800,48.3,4.14,13.1,17.8,27.4,24.4,23.8
2021-07-20 13:50:00,-5,680104200,41.8,4.14,13.1,17.9,27.6,24.5,23.9
2021-07-20 14:30:00,-5,680106600,37.8,4.15,13.1,17.9,27.6,24.5,23.8
2021-07-20 15:30:00,-5,680110200,36.0,4.15,13.1,17.9,27.4,24.6,23.7
2021-07-20 16:10:00,-5,680112600,33.0,4.15,13.0,17.9,27.4,24.8,24.0
2021-07-20 16:40:00,-5,680114400,31.0,4.15,13.0,18.0,27.4,25.0,23.8
2021-07-20 16:50:00,-5,680115000,30.3,4.15,13.0,18.0,27.5,25.0,23.7
2021-07-20 17:10:00,-5,680116200,29.5,4.15,13.0,18.0,27.4,25.0,23.8
2021-07-20 17:30:00,-5,680117400,28.5,4.15,12.9,18.0,27.4,25.1,23.8
2021-07-20 18:20:00,-5,680120400,26.0,4.15,12.8,18.0,27.4,25.3,24.0
2021-07-20 18:30:00,-5,680121000,25.5,4.15,12.8,18.0,27.4,25.1,24.0
2021-07-20 18:40:00,-5,680121600,25.0,4.15,12.8,18.0,27.4,25.1,24.0
2021-07-20 19:10:00,-5,680123400,24.0,4.14,12.7,18.1,27.5,25.1,24.0
2021-07-20 19:20:00,-5,680124000,23.5,4.14,12.7,18.0,27.4,25.2,24.1
2021-07-20 19:30:00,-5,680124600,23.3,4.14,12.6,18.0,27.4,25.1,24.0
2021-07-20 19:40:00,-5,680125200,22.8,4.14,12.6,18.1,27.4,25.1,24.1
2021-07-20 20:00:00,-5,680126400,22.5,4.14,12.6,18.1,27.4,25.1,24.0
2021-07-20 21:10:00,-5,680130600,22.0,4.14,12.5,18.1,27.6,25.1,24.0
2021-07-20 21:20:00,-5,680131200,21.8,4.14,12.5,18.1,27.4,25.0,24.0
2021-07-20 21:50:00,-5,680133000,21.3,4.12,12.4,18.1,27.5,25.1,24.0
2021-07-20 22:20:00,-5,680134800,20.8,4.12,12.4,18.1,27.5,25.1,24.1
2021-07-20 22:30:00,-5,680135400,20.5,4.12,12.3,18.1,27.5,25.0,24.0
2021-07-20 23:30:00,-5,680139000,20.3,4.12,12.2,18.0,27.5,25.0,24.0
2021-07-20 23:50:00,-5,680140200,20.3,4.12,12.2,18.0,27.5,24.9,24.2
2021-07-21 00:00:00,-5,680140800,20.3,4.12,12.1,18.0,27.5,24.7,24.0
2021-07-21 00:20:00,-5,680142000,20.0,4.12,12.1,18.0,27.5,24.7,24.2
2021-07-21 00:40:00,-5,680143200,19.8,4.12,12.1,18.0,27.5,24.7,24.1
2021-07-21 01:10:00,-5,680145000,19.5,4.12,12.0,18.0,27.5,24.7,24.2
2021-07-21 01:20:00,-5,680145600,19.8,4.12,12.0,18.0,27.5,24.6,24.1
2021-07-21 01:30:00,-5,680146200,19.5,4.11,12.0,18.0,27.5,24.7,24.2
2021-07-21 01:40:00,-5,680146800,19.5,4.11,12.0,18.0,27.5,24.6,24.1
2021-07-21 02:10:00,-5,680148600,19.3,4.11,11.9,18.0,27.5,24.6,24.1
2021-07-21 02:20:00,-5,680149200,19.5,4.11,11.9,18.0,27.5,24.7,24.2
2021-07-21 02:30:00,-5,680149800,19.5,4.11,11.9,17.9,27.5,24.5,24.1
2021-07-21 02:40:00,-5,680150400,19.5,4.11,11.8,18.0,27.7,24.5,24.1
2021-07-21 02:50:00,-5,680151000,19.3,4.11,11.8,17.9,27.5,24.5,24.0
2021-07-21 03:00:00,-5,680151600,19.3,4.11,11.8,17.9,27.5,24.5,24.2
2021-07-21 03:20:00,-5,680152800,19.5,4.11,11.8,17.9,27.5,24.5,24.2
2021-07-21 03:30:00,-5,680153400,19.5,4.11,11.8,17.9,27.5,24.5,24.1
2021-07-21 03:40:00,-5,680154000,19.5,4.11,11.7,17.9,27.5,24.4,24.0
2021-07-21 03:50:00,-5,680154600,19.5,4.11,11.7,17.9,27.5,24.5,24.1
2021-07-21 04:40:00,-5,680157600,19.5,4.11,11.7,17.9,27.5,24.4,24.1
2021-07-21 05:00:00,-5,680158800,19.3,4.11,11.6,17.9,27.5,24.3,24.0
2021-07-21 06:00:00,-5,680162400,21.3,4.11,11.5,17.8,27.5,24.1,24.0
2021-07-21 06:30:00,-5,680164200,24.5,4.11,11.5,17.8,27.5,24.2,24.0
2021-07-21 06:40:00,-5,680164800,26.0,4.11,11.5,17.8,27.5,24.1,24.0
2021-07-21 07:30:00,-5,680167800,37.0,4.12,11.5,17.8,27.5,24.2,23.7
2021-07-21 07:40:00,-5,680168400,38.8,4.12,11.5,17.7,27.5,24.1,24.0
2021-07-21 08:20:00,-5,680170800,44.8,4.14,11.5,17.7,27.5,24.0,24.0
2021-07-21 08:50:00,-5,680172600,47.5,4.14,11.5,17.7,27.5,24.2,23.8
2021-07-21 09:00:00,-5,680173200,48.0,4.14,11.6,17.7,27.5,24.1,24.0
2021-07-21 09:10:00,-5,680173800,48.3,4.14,11.6,17.7,27.5,24.1,23.8
2021-07-21 09:20:00,-5,680174400,49.5,4.14,11.6,17.7,27.5,24.1,23.8
2021-07-21 10:00:00,-5,680176800,51.3,4.14,11.6,17.6,27.5,24.0,23.8
