SL214 - Mayfly GPLP3 Logger
DateTime_EST,TZ-Offset,Loggertime,BoardTemp_C,Battery_V,Segment1_percent,Segment2_percent,Segment3_percent,T1_degC,T2_degC
2021-09-29 09:50:00,-5,686224200,36.0,4.14,37.5,45.6,51.3,17.7,18.3
2021-09-29 10:00:00,-5,686224800,39.8,4.15,37.5,45.7,51.2,18.0,18.3
2021-09-29 10:10:00,-5,686225400,42.5,4.15,37.5,45.7,51.1,17.8,18.4
2021-09-29 10:20:00,-5,686226000,42.0,4.15,37.5,45.7,51.2,18.0,18.3
2021-09-29 10:30:00,-5,686226600,41.0,4.15,37.5,45.7,51.2,18.0,18.3
2021-09-29 10:40:00,-5,686227200,43.0,4.15,37.5,45.6,51.2,17.8,18.3
2021-09-29 11:00:00,-5,686228400,41.5,4.15,37.5,45.6,51.2,17.8,18.4
2021-09-29 11:10:00,-5,686229000,42.3,4.15,37.5,45.7,51.3,17.8,18.3
2021-09-29 11:20:00,-5,686229600,41.5,4.15,37.6,45.6,51.2,17.8,18.3
2021-09-29 11:30:00,-5,686230200,41.3,4.15,37.6,45.6,51.2,17.8,18.3
2021-09-29 11:40:00,-5,686230800,40.8,4.15,37.5,45.7,51.3,17.8,18.3
2021-09-29 11:50:00,-5,686231400,39.8,4.15,37.6,45.6,51.2,17.8,18.2
2021-09-29 12:00:00,-5,686232000,41.3,4.15,37.6,45.6,51.2,17.8,18.3
2021-09-29 12:10:00,-5,686232600,41.0,4.15,37.6,45.6,51.1,17.8,18.2
2021-09-29 12:20:00,-5,686233200,41.0,4.15,37.7,45.6,51.1,18.0,18.3
2021-09-29 12:30:00,-5,686233800,41.0,4.15,37.7,45.6,51.1,18.0,18.2
2021-09-29 12:40:00,-5,686234400,39.5,4.15,37.7,45.6,51.1,18.0,18.3
2021-09-29 12:50:00,-5,686235000,37.3,4.15,37.7,45.6,51.1,18.0,18.3
2021-09-29 13:00:00,-5,686235600,32.5,4.15,37.8,45.6,51.1,18.0,18.2
2021-09-29 13:10:00,-5,686236200,32.0,4.15,37.8,45.6,51.1,18.0,18.1
2021-09-29 13:20:00,-5,686236800,27.3,4.15,37.8,45.7,51.3,18.0,18.2
2021-09-29 13:30:00,-5,686237400,22.5,4.15,37.8,45.6,51.1,18.1,18.3
2021-09-29 13:40:00,-5,686238000,21.0,4.15,37.9,45.6,51.1,18.1,18.2
2021-09-29 13:50:00,-5,686238600,19.8,4.15,37.8,45.7,51.3,18.1,18.3
2021-09-29 14:00:00,-5,686239200,19.0,4.15,37.9,45.6,51.1,18.1,18.3
2021-09-29 14:10:00,-5,686239800,20.3,4.15,37.8,45.7,51.3,18.1,18.3
2021-09-29 14:20:00,-5,686240400,20.3,4.15,37.8,45.7,51.3,18.2,18.2
2021-09-29 14:30:00,-5,686241000,19.8,4.15,37.8,45.7,51.3,18.1,18.2
2021-09-29 14:40:00,-5,686241600,20.3,4.15,37.9,45.7,51.1,18.2,18.3
2021-09-29 14:50:00,-5,686242200,20.5,4.15,37.9,45.7,51.1,18.1,18.1
2021-09-29 15:00:00,-5,686242800,19.8,4.15,37.9,45.7,51.1,18.2,18.3
2021-09-29 15:10:00,-5,686243400,18.5,4.15,37.9,45.7,51.1,18.3,18.2
2021-09-29 15:30:00,-5,686244600,18.5,4.15,37.8,45.7,51.1,18.2,18.2
2021-09-29 15:40:00,-5,686245200,18.5,4.15,37.8,45.8,51.3,18.2,18.3
2021-09-29 15:50:00,-5,686245800,18.5,4.15,37.8,45.7,51.1,18.2,18.1
2021-09-29 16:00:00,-5,686246400,18.8,4.15,37.8,45.7,51.1,18.3,18.3
2021-09-29 16:10:00,-5,686247000,18.8,4.15,37.8,45.8,51.3,18.3,18.1
2021-09-29 16:20:00,-5,686247600,18.5,4.15,37.8,45.8,51.3,18.3,18.3
2021-09-29 16:30:00,-5,686248200,17.8,4.15,37.8,45.8,51.2,18.2,18.2
2021-09-29 16:40:00,-5,686248800,17.3,4.15,37.8,45.7,51.1,18.3,18.2
2021-09-29 16:50:00,-5,686249400,16.5,4.15,37.8,45.7,51.1,18.3,18.1
2021-09-29 17:00:00,-5,686250000,16.0,4.15,37.7,45.8,51.2,18.3,18.3
2021-09-29 17:10:00,-5,686250600,15.8,4.15,37.7,45.8,51.3,18.3,18.2
2021-09-29 17:20:00,-5,686251200,15.3,4.15,37.7,45.8,51.3,18.3,18.2
2021-09-29 17:30:00,-5,686251800,14.5,4.15,37.8,45.8,51.1,18.3,18.3
2021-09-29 17:40:00,-5,686252400,14.0,4.15,37.8,45.8,51.1,18.3,18.3
2021-09-29 17:50:00,-5,686253000,13.5,4.15,37.7,45.8,51.1,18.3,18.3
2021-09-29 18:00:00,-5,686253600,13.3,4.15,37.7,45.8,51.1,18.3,18.2
2021-09-29 18:10:00,-5,686254200,12.5,4.15,37.7,45.8,51.1,18.3,18.3
2021-09-29 18:20:00,-5,686254800,12.3,4.15,37.7,45.8,51.1,18.2,18.3
2021-09-29 18:40:00,-5,686256000,12.5,4.15,37.7,45.8,51.1,18.3,18.2
2021-09-29 19:10:00,-5,686257800,13.0,4.14,37.6,45.8,51.1,18.3,18.3
2021-09-29 19:20:00,-5,686258400,13.0,4.14,37.6,45.8,51.2,18.3,18.3
2021-09-29 19:30:00,-5,686259000,13.0,4.15,37.6,45.8,51.2,18.3,18.3
2021-09-29 19:40:00,-5,686259600,13.0,4.14,37.5,45.8,51.2,18.3,18.3
2021-09-29 19:50:00,-5,686260200,13.0,4.14,37.6,45.8,51.1,18.3,18.3
2021-09-29 20:00:00,-5,686260800,13.0,4.14,37.6,45.8,51.1,18.3,18.3
2021-09-29 20:10:00,-5,686261400,13.0,4.14,37.6,45.8,51.1,18.3,18.2
2021-09-29 20:20:00,-5,686262000,13.0,4.14,37.5,45.8,51.2,18.2,18.2
2021-09-29 20:30:00,-5,686262600,13.0,4.14,37.5,45.8,51.1,18.3,18.3
2021-09-29 20:40:00,-5,686263200,13.0,4.14,37.5,45.8,51.3,18.3,18.2
2021-09-29 20:50:00,-5,686263800,13.0,4.14,37.5,45.8,51.1,18.3,18.3
2021-09-29 21:00:00,-5,686264400,13.0,4.14,37.5,45.8,51.1,18.2,18.3
2021-09-29 21:10:00,-5,686265000,13.0,4.14,37.5,45.7,51.2,18.2,18.3
2021-09-29 21:20:00,-5,686265600,12.8,4.14,37.5,45.7,51.1,18.2,18.3
2021-09-29 21:30:00,-5,686266200,12.8,4.14,37.5,45.8,51.2,18.3,18.3
2021-09-29 21:40:00,-5,686266800,12.8,4.14,37.5,45.7,51.1,18.2,18.3
2021-09-29 21:50:00,-5,686267400,12.8,4.14,37.5,45.8,51.2,18.1,18.3
2021-09-29 22:00:00,-5,686268000,12.8,4.14,37.5,45.7,51.1,18.3,18.3
2021-09-29 22:10:00,-5,686268600,12.8,4.14,37.5,45.8,51.2,18.1,18.3
2021-09-29 22:20:00,-5,686269200,12.8,4.14,37.5,45.7,51.1,18.1,18.3
2021-09-29 22:30:00,-5,686269800,13.0,4.14,37.4,45.8,51.2,18.1,18.3
2021-09-29 22:40:00,-5,686270400,12.8,4.14,37.5,45.7,51.1,18.1,18.2
2021-09-29 22:50:00,-5,686271000,12.8,4.14,37.4,45.8,51.2,18.1,18.3
2021-09-29 23:00:00,-5,686271600,12.8,4.14,37.4,45.8,51.2,18.1,18.2
2021-09-29 23:10:00,-5,686272200,12.8,4.14,37.4,45.8,51.2,18.1,18.3
2021-09-29 23:20:00,-5,686272800,12.8,4.14,37.4,45.7,51.1,18.1,18.3
2021-09-29 23:30:00,-5,686273400,12.8,4.14,37.4,45.7,51.1,18.1,18.2
2021-09-29 23:40:00,-5,686274000,12.8,4.14,37.5,45.7,51.1,18.2,18.3
2021-09-29 23:50:00,-5,686274600,12.8,4.14,37.4,45.7,51.1,18.1,18.3
2021-09-30 00:00:00,-5,686275200,12.8,4.14,37.4,45.7,51.1,18.0,18.3
2021-09-30 00:10:00,-5,686275800,12.5,4.14,37.4,45.7,51.1,18.0,18.2
2021-09-30 00:20:00,-5,686276400,12.5,4.14,37.4,45.7,51.1,18.0,18.3
2021-09-30 00:30:00,-5,686277000,12.3,4.14,37.4,45.7,51.1,18.1,18.2
2021-09-30 00:50:00,-5,686278200,12.5,4.14,37.4,45.7,51.1,18.0,18.2
2021-09-30 01:00:00,-5,686278800,12.5,4.14,37.4,45.7,51.1,18.0,18.3
2021-09-30 01:10:00,-5,686279400,12.5,4.14,37.4,45.6,51.1,18.1,18.3
2021-09-30 01:20:00,-5,686280000,12.8,4.14,37.4,45.6,51.1,18.1,18.3
2021-09-30 02:00:00,-5,686282400,12.8,4.12,37.3,45.6,51.1,18.0,18.1
2021-09-30 02:10:00,-5,686283000,12.8,4.12,37.3,45.6,51.1,17.8,18.3
2021-09-30 02:20:00,-5,686283600,12.8,4.12,37.3,45.6,51.1,18.0,18.2
2021-09-30 02:30:00,-5,686284200,12.5,4.12,37.3,45.6,51.1,18.0,18.3
2021-09-30 02:40:00,-5,686284800,12.8,4.12,37.3,45.6,51.1,18.0,18.2
2021-09-30 02:50:00,-5,686285400,12.8,4.12,37.3,45.6,51.1,17.8,18.2
2021-09-30 03:00:00,-5,686286000,12.5,4.12,37.2,45.6,51.2,17.8,18.2
2021-09-30 03:10:00,-5,686286600,12.5,4.12,37.2,45.6,51.2,17.8,18.2
2021-09-30 03:20:00,-5,686287200,12.3,4.12,37.2,45.6,51.2,18.0,18.1
2021-09-30 03:30:00,-5,686287800,12.0,4.12,37.2,45.6,51.2,17.8,18.1
2021-09-30 03:40:00,-5,686288400,11.5,4.12,37.2,45.6,51.2,17.8,18.1
2021-09-30 03:50:00,-5,686289000,11.5,4.12,37.2,45.6,51.1,17.8,18.1
2021-09-30 04:00:00,-5,686289600,11.3,4.12,37.2,45.6,51.2,18.0,18.1
2021-09-30 04:10:00,-5,686290200,10.8,4.12,37.2,45.5,51.1,17.8,18.1
2021-09-30 04:20:00,-5,686290800,10.5,4.12,37.1,45.6,51.2,17.8,18.2
2021-09-30 04:30:00,-5,686291400,10.3,4.12,37.1,45.6,51.2,18.0,18.1
2021-09-30 04:40:00,-5,686292000,9.8,4.12,37.2,45.5,51.1,18.0,18.1
2021-09-30 04:50:00,-5,686292600,9.8,4.12,37.2,45.5,51.1,17.8,18.1
2021-09-30 05:00:00,-5,686293200,9.5,4.12,37.1,45.5,51.1,17.8,18.1
2021-09-30 05:10:00,-5,686293800,9.5,4.12,37.1,45.6,51.2,17.8,18.1
2021-09-30 05:20:00,-5,686294400,9.5,4.12,37.1,45.5,51.1,17.8,18.1
2021-09-30 05:30:00,-5,686295000,9.5,4.12,37.0,45.6,51.2,17.8,18.1
2021-09-30 05:40:00,-5,686295600,9.8,4.12,37.1,45.5,51.1,17.8,18.1
2021-09-30 05:50:00,-5,686296200,9.5,4.12,37.0,45.6,51.2,17.8,18.2
2021-09-30 06:00:00,-5,686296800,9.3,4.12,37.0,45.6,51.2,17.7,18.1
2021-09-30 06:10:00,-5,686297400,9.3,4.12,37.0,45.5,51.2,17.7,18.1
2021-09-30 06:20:00,-5,686298000,9.3,4.12,37.0,45.5,51.1,17.7,18.1
2021-09-30 06:30:00,-5,686298600,10.8,4.14,37.0,45.5,51.1,17.7,18.1
2021-09-30 06:40:00,-5,686299200,13.8,4.14,37.0,45.5,51.1,17.7,18.0
2021-09-30 06:50:00,-5,686299800,15.5,4.14,36.9,45.5,51.2,17.8,18.1
2021-09-30 07:00:00,-5,686300400,18.8,4.15,36.9,45.5,51.2,17.6,18.1
2021-09-30 07:10:00,-5,686301000,17.0,4.14,36.9,45.5,51.2,17.6,18.1
2021-09-30 07:20:00,-5,686301600,18.0,4.14,37.0,45.4,51.1,17.6,18.1
2021-09-30 07:30:00,-5,686302200,21.0,4.15,36.9,45.5,51.2,17.6,18.1
2021-09-30 07:40:00,-5,686302800,25.0,4.15,37.0,45.4,51.1,17.6,18.1
2021-09-30 07:50:00,-5,686303400,27.8,4.15,36.9,45.4,51.1,17.5,18.1
2021-09-30 08:00:00,-5,686304000,31.0,4.15,36.9,45.4,51.1,17.6,18.0
2021-09-30 08:10:00,-5,686304600,31.3,4.15,36.9,45.4,51.1,17.5,18.1
2021-09-30 08:20:00,-5,686305200,31.5,4.15,36.9,45.4,51.0,17.6,18.1
2021-09-30 08:30:00,-5,686305800,32.5,4.15,36.9,45.4,51.0,17.6,18.1
2021-09-30 08:40:00,-5,686306400,35.3,4.15,36.9,45.4,51.1,17.6,18.0
2021-09-30 08:50:00,-5,686307000,37.5,4.15,36.9,45.4,51.0,17.6,18.0
2021-09-30 09:00:00,-5,686307600,39.3,4.15,36.9,45.4,51.2,17.5,18.1
2021-09-30 09:10:00,-5,686308200,39.8,4.15,37.0,45.3,51.0,17.5,18.1
2021-09-30 09:20:00,-5,686308800,41.3,4.15,37.0,45.3,51.0,17.5,18.1
2021-09-30 09:30:00,-5,686309400,42.5,4.15,37.0,45.3,51.0,17.5,18.1
2021-09-30 09:40:00,-5,686310000,43.0,4.15,37.0,45.3,51.0,17.4,18.0
2021-09-30 09:50:00,-5,686310600,43.5,4.15,37.0,45.3,51.0,17.6,18.1
2021-09-30 10:00:00,-5,686311200,42.0,4.15,37.0,45.3,51.2,17.6,18.0
2021-09-30 10:10:00,-5,686311800,43.3,4.15,37.0,45.3,51.0,17.5,18.1
2021-09-30 10:20:00,-5,686312400,43.5,4.15,37.0,45.4,51.2,17.5,18.0
2021-09-30 10:50:00,-5,686314200,44.3,4.15,37.1,45.3,51.0,17.5,18.1
2021-09-30 11:00:00,-5,686314800,35.3,4.15,37.1,45.3,51.0,17.5,18.0
2021-09-30 11:10:00,-5,686315400,36.5,4.15,37.1,45.3,51.0,17.5,17.7
2021-09-30 11:20:00,-5,686316000,34.8,4.15,37.1,45.3,51.0,17.5,18.0
2021-09-30 11:30:00,-5,686316600,37.3,4.15,37.1,45.3,51.2,17.5,17.7
2021-09-30 11:40:00,-5,686317200,35.0,4.15,37.1,45.3,51.2,17.5,17.8
2021-09-30 11:50:00,-5,686317800,30.8,4.15,37.2,45.3,51.0,17.6,17.8
2021-09-30 12:00:00,-5,686318400,33.0,4.15,37.2,45.3,51.0,17.5,17.8
2021-09-30 12:10:00,-5,686319000,28.5,4.15,37.2,45.3,51.0,17.5,17.8
2021-09-30 12:20:00,-5,686319600,28.0,4.15,37.2,45.3,51.0,17.6,17.7
2021-09-30 12:40:00,-5,686320800,29.3,4.15,37.3,45.3,51.0,17.6,17.8
2021-09-30 12:50:00,-5,686321400,27.8,4.15,37.3,45.3,51.0,17.6,17.8
2021-09-30 13:00:00,-5,686322000,27.3,4.15,37.3,45.3,51.0,17.6,18.0
2021-09-30 13:10:00,-5,686322600,26.5,4.17,37.3,45.3,51.0,17.7,17.7
2021-09-30 13:20:00,-5,686323200,25.5,4.17,37.3,45.3,51.0,17.7,18.0
2021-09-30 13:30:00,-5,686323800,23.8,4.17,37.3,45.3,51.0,17.7,17.8
2021-09-30 13:40:00,-5,686324400,22.8,4.17,37.3,45.3,51.0,17.6,18.0
2021-09-30 13:50:00,-5,686325000,22.8,4.17,37.3,45.3,51.0,17.7,18.0
2021-09-30 14:00:00,-5,686325600,23.0,4.17,37.3,45.3,51.0,17.8,17.8
2021-09-30 14:10:00,-5,686326200,21.8,4.17,37.3,45.3,51.0,17.7,17.8
2021-09-30 14:20:00,-5,686326800,20.5,4.17,37.3,45.4,51.1,17.7,18.0
2021-09-30 14:30:00,-5,686327400,19.8,4.17,37.3,45.3,51.0,17.8,17.7
2021-09-30 14:40:00,-5,686328000,19.5,4.17,37.3,45.3,51.0,17.8,18.0
2021-09-30 14:50:00,-5,686328600,20.5,4.17,37.3,45.3,51.0,17.8,17.8
2021-09-30 15:00:00,-5,686329200,21.5,4.17,37.3,45.3,51.0,17.8,18.0
2021-09-30 15:10:00,-5,686329800,21.0,4.17,37.3,45.4,51.1,17.8,18.0
2021-09-30 15:20:00,-5,686330400,20.3,4.17,37.3,45.3,51.0,17.8,18.0
2021-09-30 15:30:00,-5,686331000,19.3,4.17,37.3,45.3,51.0,17.8,17.8
2021-09-30 15:40:00,-5,686331600,18.8,4.17,37.3,45.3,51.0,17.8,17.8
2021-09-30 15:50:00,-5,686332200,18.3,4.17,37.3,45.4,51.1,17.8,18.0
2021-09-30 16:00:00,-5,686332800,17.3,4.17,37.3,45.4,51.1,17.8,17.8
2021-09-30 16:10:00,-5,686333400,17.5,4.17,37.3,45.3,51.0,17.8,17.7
2021-09-30 16:20:00,-5,686334000,18.0,4.17,37.3,45.4,51.1,17.8,17.8
2021-09-30 16:30:00,-5,686334600,17.8,4.17,37.3,45.3,51.0,17.8,17.8
2021-09-30 16:40:00,-5,686335200,17.5,4.17,37.3,45.3,51.0,18.0,17.8
2021-09-30 17:00:00,-5,686336400,16.8,4.17,37.3,45.3,51.0,17.8,17.8
2021-09-30 17:10:00,-5,686337000,16.0,4.17,37.3,45.3,51.0,18.0,18.0
2021-09-30 17:20:00,-5,686337600,15.0,4.17,37.3,45.3,51.0,17.8,17.8
2021-09-30 17:30:00,-5,686338200,14.3,4.17,37.3,45.3,51.0,17.8,18.0
2021-09-30 17:40:00,-5,686338800,13.3,4.17,37.2,45.4,51.1,17.8,18.0
2021-09-30 18:00:00,-5,686340000,12.8,4.15,37.2,45.3,51.1,17.8,17.8
2021-09-30 18:20:00,-5,686341200,12.8,4.15,37.2,45.4,51.0,18.0,18.1
2021-09-30 19:00:00,-5,686343600,12.8,4.15,37.2,45.3,51.0,18.0,18.0
2021-09-30 19:10:00,-5,686344200,12.8,4.15,37.1,45.3,51.0,18.0,18.0
2021-09-30 19:20:00,-5,686344800,12.0,4.15,37.1,45.3,51.0,18.0,18.0
2021-09-30 20:00:00,-5,686347200,10.8,4.15,37.1,45.3,51.0,17.8,18.0
2021-09-30 20:20:00,-5,686348400,10.5,4.14,37.0,45.3,51.1,17.8,17.7
2021-09-30 20:30:00,-5,686349000,10.3,4.14,37.0,45.3,51.0,17.8,17.8
2021-09-30 20:40:00,-5,686349600,9.8,4.14,37.0,45.3,51.0,18.0,17.8
2021-09-30 20:50:00,-5,686350200,9.3,4.14,37.0,45.3,51.0,17.8,17.8
2021-09-30 21:00:00,-5,686350800,9.3,4.14,36.9,45.3,51.0,17.8,18.0
2021-09-30 21:10:00,-5,686351400,9.3,4.14,36.9,45.3,51.0,18.0,18.0
2021-09-30 21:20:00,-5,686352000,9.0,4.14,36.9,45.4,51.1,17.8,17.8
2021-09-30 21:30:00,-5,686352600,8.8,4.14,36.9,45.3,51.0,18.0,17.8
2021-09-30 21:40:00,-5,686353200,8.8,4.14,36.9,45.3,50.9,17.8,17.8
2021-09-30 21:50:00,-5,686353800,8.8,4.14,36.9,45.3,50.9,17.7,18.0
2021-09-30 22:00:00,-5,686354400,8.5,4.14,36.8,45.3,51.0,17.7,18.0
2021-09-30 22:10:00,-5,686355000,8.5,4.14,36.8,45.3,51.0,17.8,17.8
2021-09-30 22:20:00,-5,686355600,8.3,4.14,36.8,45.3,51.0,17.8,18.0
2021-09-30 22:30:00,-5,686356200,8.3,4.14,36.7,45.3,51.1,17.8,18.0
2021-09-30 22:40:00,-5,686356800,8.0,4.14,36.8,45.3,50.9,17.8,17.8
2021-09-30 22:50:00,-5,686357400,8.0,4.14,36.7,45.3,50.9,17.8,17.8
2021-09-30 23:00:00,-5,686358000,8.3,4.14,36.7,45.3,51.0,17.7,17.8
2021-09-30 23:10:00,-5,686358600,8.0,4.14,36.7,45.3,50.9,17.8,17.8
2021-09-30 23:20:00,-5,686359200,7.8,4.14,36.7,45.2,50.9,17.7,18.0
2021-09-30 23:30:00,-5,686359800,7.8,4.14,36.6,45.3,51.1,17.7,18.0
2021-09-30 23:40:00,-5,686360400,7.8,4.14,36.6,45.2,50.9,17.7,18.0
2021-09-30 23:50:00,-5,686361000,7.5,4.14,36.6,45.2,50.9,17.7,17.8
2021-10-01 00:00:00,-5,686361600,7.3,4.14,36.6,45.2,50.9,17.6,17.8
2021-10-01 00:10:00,-5,686362200,7.3,4.14,36.5,45.3,51.1,17.6,17.8
2021-10-01 00:20:00,-5,686362800,7.0,4.14,36.6,45.2,50.9,17.7,17.8
2021-10-01 00:30:00,-5,686363400,7.3,4.14,36.5,45.2,50.9,17.5,18.0
2021-10-01 00:40:00,-5,686364000,7.5,4.14,36.5,45.2,50.9,17.6,18.0
2021-10-01 00:50:00,-5,686364600,7.8,4.14,36.5,45.2,50.9,17.5,17.8
2021-10-01 01:00:00,-5,686365200,7.5,4.14,36.4,45.2,51.1,17.6,17.8
2021-10-01 01:10:00,-5,686365800,7.0,4.14,36.5,45.1,50.9,17.4,17.8
2021-10-01 01:30:00,-5,686367000,7.0,4.14,36.4,45.1,50.9,17.5,18.0
2021-10-01 01:40:00,-5,686367600,6.5,4.14,36.4,45.1,50.9,17.5,17.8
2021-10-01 01:50:00,-5,686368200,6.8,4.14,36.4,45.1,50.9,17.3,17.8
2021-10-01 02:00:00,-5,686368800,6.5,4.14,36.4,45.1,50.9,17.4,17.8
2021-10-01 02:10:00,-5,686369400,6.5,4.14,36.3,45.1,51.0,17.3,17.8
2021-10-01 02:20:00,-5,686370000,6.0,4.14,36.3,45.1,51.1,17.3,17.8
2021-10-01 02:30:00,-5,686370600,6.0,4.14,36.3,45.1,50.9,17.3,17.8
2021-10-01 02:40:00,-5,686371200,6.5,4.14,36.3,45.1,50.9,17.3,17.8
2021-10-01 02:50:00,-5,686371800,6.5,4.14,36.3,45.0,50.9,17.3,17.8
2021-10-01 03:00:00,-5,686372400,5.8,4.12,36.2,45.1,51.0,17.3,17.8
2021-10-01 03:10:00,-5,686373000,5.5,4.12,36.2,45.0,50.9,17.3,17.8
2021-10-01 03:20:00,-5,686373600,5.5,4.12,36.2,45.0,50.9,17.2,17.7
2021-10-01 03:30:00,-5,686374200,5.5,4.12,36.1,45.1,51.0,17.2,17.7
2021-10-01 03:40:00,-5,686374800,5.5,4.12,36.2,45.0,50.9,17.3,17.8
2021-10-01 03:50:00,-5,686375400,5.5,4.12,36.2,45.0,50.9,17.2,17.7
2021-10-01 04:00:00,-5,686376000,5.8,4.12,36.1,45.0,50.9,17.2,17.7
2021-10-01 04:10:00,-5,686376600,6.0,4.12,36.1,45.0,51.0,17.1,17.8
2021-10-01 04:20:00,-5,686377200,6.0,4.12,36.0,45.0,51.0,17.1,17.8
2021-10-01 04:30:00,-5,686377800,6.0,4.12,36.1,44.9,50.9,17.1,17.8
2021-10-01 04:40:00,-5,686378400,6.0,4.12,36.1,44.9,50.9,17.0,17.8
2021-10-01 04:50:00,-5,686379000,6.0,4.12,36.0,45.0,51.0,17.0,17.7
2021-10-01 05:00:00,-5,686379600,5.5,4.12,36.0,45.0,51.0,17.1,17.7
2021-10-01 05:10:00,-5,686380200,5.3,4.12,36.0,44.9,50.9,17.0,17.8
2021-10-01 05:20:00,-5,686380800,5.3,4.12,36.0,44.9,50.9,17.1,17.7
2021-10-01 05:30:00,-5,686381400,5.0,4.12,35.9,44.9,51.0,17.0,17.7
2021-10-01 05:40:00,-5,686382000,4.8,4.12,36.0,44.8,50.9,16.8,17.6
2021-10-01 05:50:00,-5,686382600,4.8,4.12,35.9,44.8,50.9,16.8,17.6
2021-10-01 06:00:00,-5,686383200,5.3,4.12,35.9,44.9,51.0,16.8,17.8
2021-10-01 06:10:00,-5,686383800,5.8,4.12,35.8,44.9,51.0,16.8,17.7
2021-10-01 06:20:00,-5,686384400,5.8,4.12,35.9,44.8,50.9,16.8,17.8
2021-10-01 06:30:00,-5,686385000,7.5,4.14,35.9,44.8,50.9,16.8,17.8
2021-10-01 06:40:00,-5,686385600,11.3,4.14,35.8,44.8,50.8,16.8,17.8
2021-10-01 06:50:00,-5,686386200,12.5,4.15,35.8,44.8,51.0,16.8,17.8
2021-10-01 07:00:00,-5,686386800,15.5,4.15,35.8,44.8,51.0,16.7,17.7
2021-10-01 07:10:00,-5,686387400,18.3,4.15,35.8,44.8,51.0,16.7,17.7
2021-10-01 07:20:00,-5,686388000,20.8,4.15,35.8,44.7,50.9,16.7,17.6
2021-10-01 07:30:00,-5,686388600,22.8,4.15,35.8,44.7,51.0,16.7,17.6
2021-10-01 07:40:00,-5,686389200,24.5,4.15,35.7,44.8,51.0,16.7,17.6
2021-10-01 07:50:00,-5,686389800,27.5,4.15,35.8,44.7,50.8,16.6,17.6
2021-10-01 08:00:00,-5,686390400,29.0,4.15,35.8,44.7,50.8,16.7,17.6
2021-10-01 08:10:00,-5,686391000,30.5,4.15,35.7,44.7,51.0,16.6,17.6
2021-10-01 08:20:00,-5,686391600,31.8,4.15,35.8,44.6,50.8,16.6,17.6
2021-10-01 08:30:00,-5,686392200,33.0,4.15,35.7,44.7,51.0,16.6,17.6
2021-10-01 08:40:00,-5,686392800,34.5,4.15,35.7,44.7,51.0,16.6,17.5
2021-10-01 08:50:00,-5,686393400,36.3,4.15,35.8,44.6,50.8,16.6,17.6
2021-10-01 09:00:00,-5,686394000,37.0,4.15,35.8,44.6,50.8,16.5,17.5
2021-10-01 09:10:00,-5,686394600,38.3,4.15,35.7,44.6,51.0,16.5,17.6
2021-10-01 09:20:00,-5,686395200,40.0,4.15,35.8,44.6,50.8,16.5,17.6
2021-10-01 09:30:00,-5,686395800,41.0,4.15,35.8,44.6,50.9,16.6,17.5
2021-10-01 09:40:00,-5,686396400,42.0,4.15,35.8,44.6,50.9,16.6,17.5
2021-10-01 09:50:00,-5,686397000,42.5,4.15,35.8,44.6,50.9,16.5,17.5
2021-10-01 10:00:00,-5,686397600,42.3,4.15,35.8,44.6,50.9,16.5,17.6
2021-10-01 10:10:00,-5,686398200,41.5,4.15,35.8,44.6,50.9,16.5,17.5
2021-10-01 10:20:00,-5,686398800,42.5,4.15,35.8,44.6,50.9,16.5,17.5
2021-10-01 10:30:00,-5,686399400,43.0,4.15,35.9,44.5,50.8,16.5,17.5
2021-10-01 10:40:00,-5,686400000,43.3,4.15,35.9,44.5,50.9,16.5,17.5
2021-10-01 10:50:00,-5,686400600,44.3,4.15,35.9,44.5,50.9,16.5,17.5
2021-10-01 11:00:00,-5,686401200,43.5,4.15,36.0,44.5,50.8,16.6,17.4
2021-10-01 11:10:00,-5,686401800,43.0,4.15,36.0,44.5,50.8,16.5,17.6
2021-10-01 11:20:00,-5,686402400,42.8,4.15,36.0,44.5,50.9,16.5,17.6
2021-10-01 11:30:00,-5,686403000,43.5,4.17,36.0,44.5,50.9,16.6,17.5
2021-10-01 11:40:00,-5,686403600,43.3,4.17,36.0,44.5,50.9,16.5,17.5
2021-10-01 11:50:00,-5,686404200,41.8,4.17,36.0,44.5,50.9,16.5,17.5
2021-10-01 12:00:00,-5,686404800,41.0,4.17,36.1,44.5,50.9,16.5,17.5
2021-10-01 12:10:00,-5,686405400,40.5,4.17,36.2,44.4,50.8,16.6,17.5
2021-10-01 12:20:00,-5,686406000,40.0,4.17,36.1,44.5,50.9,16.5,17.4
2021-10-01 12:30:00,-5,686406600,39.0,4.17,36.2,44.5,50.9,16.6,17.4
2021-10-01 12:40:00,-5,686407200,37.5,4.17,36.2,44.5,50.9,16.6,17.4
2021-10-01 12:50:00,-5,686407800,37.5,4.17,36.3,44.4,50.8,16.5,17.5
2021-10-01 13:00:00,-5,686408400,37.3,4.17,36.3,44.5,50.9,16.6,17.5
2021-10-01 13:10:00,-5,686409000,34.8,4.17,36.3,44.4,50.8,16.6,17.6
2021-10-01 13:20:00,-5,686409600,27.0,4.17,36.3,44.5,50.9,16.6,17.4
2021-10-01 13:30:00,-5,686410200,22.3,4.17,36.3,44.5,50.9,16.6,17.3
2021-10-01 13:40:00,-5,686410800,19.5,4.17,36.4,44.5,50.8,16.6,17.5
2021-10-01 13:50:00,-5,686411400,18.0,4.17,36.3,44.5,50.9,16.6,17.2
2021-10-01 14:00:00,-5,686412000,17.3,4.17,36.4,44.5,50.8,16.6,17.3
2021-10-01 14:10:00,-5,686412600,16.8,4.17,36.4,44.5,50.8,16.7,17.5
2021-10-01 14:20:00,-5,686413200,16.5,4.17,36.4,44.5,50.8,16.7,17.4
2021-10-01 14:30:00,-5,686413800,16.0,4.17,36.4,44.5,50.9,16.8,17.2
2021-10-01 14:40:00,-5,686414400,15.8,4.17,36.4,44.5,50.9,16.8,17.3
2021-10-01 14:50:00,-5,686415000,15.8,4.17,36.4,44.5,50.8,16.8,17.5
2021-10-01 15:00:00,-5,686415600,15.8,4.17,36.4,44.5,50.8,16.8,17.2
2021-10-01 15:10:00,-5,686416200,15.5,4.17,36.3,44.6,50.9,16.8,17.4
2021-10-01 15:20:00,-5,686416800,15.5,4.17,36.3,44.6,50.9,17.0,17.2
2021-10-01 15:30:00,-5,686417400,15.5,4.17,36.4,44.5,50.7,16.8,17.3
2021-10-01 15:40:00,-5,686418000,15.3,4.17,36.3,44.6,50.9,16.7,17.4
2021-10-01 15:50:00,-5,686418600,15.3,4.17,36.4,44.5,50.7,17.0,17.3
2021-10-01 16:00:00,-5,686419200,15.0,4.17,36.4,44.5,50.7,16.8,17.3
2021-10-01 16:10:00,-5,686419800,15.0,4.17,36.3,44.5,50.9,16.8,17.3
2021-10-01 16:20:00,-5,686420400,15.0,4.17,36.4,44.5,50.7,17.0,17.2
2021-10-01 16:30:00,-5,686421000,14.8,4.17,36.4,44.5,50.7,17.0,17.4
2021-10-01 16:40:00,-5,686421600,14.8,4.17,36.3,44.5,50.7,17.0,17.3
2021-10-01 16:50:00,-5,686422200,14.5,4.15,36.3,44.6,50.9,17.0,17.3
2021-10-01 17:00:00,-5,686422800,14.3,4.15,36.3,44.6,50.9,17.1,17.3
2021-10-01 17:10:00,-5,686423400,14.0,4.15,36.2,44.6,50.9,17.1,17.4
2021-10-01 17:30:00,-5,686424600,13.5,4.15,36.3,44.5,50.9,17.0,17.3
2021-10-01 17:40:00,-5,686425200,13.0,4.15,36.2,44.6,50.8,17.1,17.3
2021-10-01 17:50:00,-5,686425800,12.8,4.15,36.3,44.5,50.7,17.1,17.3
2021-10-01 18:00:00,-5,686426400,12.5,4.15,36.3,44.5,50.7,17.0,17.3
2021-10-01 18:10:00,-5,686427000,12.3,4.15,36.2,44.6,50.8,17.1,17.3
2021-10-01 18:20:00,-5,686427600,11.8,4.15,36.2,44.6,50.8,17.0,17.3
2021-10-01 18:30:00,-5,686428200,11.3,4.15,36.2,44.6,50.8,17.1,17.3
2021-10-01 18:40:00,-5,686428800,11.0,4.15,36.2,44.5,50.7,17.1,17.3
2021-10-01 19:00:00,-5,686430000,10.5,4.15,36.2,44.5,50.8,17.1,17.2
2021-10-01 19:10:00,-5,686430600,10.5,4.15,36.2,44.5,50.7,17.1,17.3
2021-10-01 19:20:00,-5,686431200,10.0,4.15,36.1,44.5,50.7,17.0,17.3
2021-10-01 19:30:00,-5,686431800,9.8,4.15,36.1,44.6,50.9,17.0,17.2
2021-10-01 19:40:00,-5,686432400,9.5,4.15,36.1,44.6,50.8,17.0,17.4
2021-10-01 19:50:00,-5,686433000,9.8,4.15,36.1,44.5,50.7,17.1,17.5
2021-10-01 20:00:00,-5,686433600,10.0,4.15,36.1,44.5,50.7,17.1,17.3
2021-10-01 20:10:00,-5,686434200,9.5,4.15,36.1,44.5,50.7,16.8,17.3
2021-10-01 20:20:00,-5,686434800,9.0,4.15,36.0,44.5,50.7,17.0,17.4
2021-10-01 20:30:00,-5,686435400,9.3,4.15,36.0,44.5,50.7,17.0,17.3
2021-10-01 20:40:00,-5,686436000,8.8,4.15,36.0,44.5,50.7,17.0,17.3
2021-10-01 20:50:00,-5,686436600,8.8,4.15,35.9,44.5,50.8,17.0,17.3
2021-10-01 21:00:00,-5,686437200,9.3,4.15,36.0,44.5,50.7,17.0,17.3
2021-10-01 21:10:00,-5,686437800,9.0,4.15,35.9,44.5,50.8,16.7,17.3
2021-10-01 21:20:00,-5,686438400,8.8,4.15,35.9,44.5,50.8,17.0,17.3
2021-10-01 21:30:00,-5,686439000,8.3,4.15,35.9,44.5,50.7,17.0,17.3
2021-10-01 21:40:00,-5,686439600,8.3,4.15,35.9,44.5,50.7,16.8,17.3
2021-10-01 21:50:00,-5,686440200,8.3,4.15,35.8,44.5,50.8,16.8,17.2
2021-10-01 22:00:00,-5,686440800,7.8,4.15,35.8,44.5,50.8,16.8,17.3
2021-10-01 22:10:00,-5,686441400,7.8,4.15,35.8,44.5,50.8,16.8,17.4
2021-10-01 22:20:00,-5,686442000,7.8,4.15,35.8,44.5,50.8,16.8,17.3
2021-10-01 22:30:00,-5,686442600,7.8,4.15,35.7,44.5,50.8,16.8,17.4
2021-10-01 22:40:00,-5,686443200,7.5,4.15,35.7,44.5,50.8,16.7,17.3
2021-10-01 22:50:00,-5,686443800,7.0,4.15,35.8,44.4,50.7,16.8,17.2
2021-10-01 23:00:00,-5,686444400,7.0,4.15,35.7,44.5,50.8,16.8,17.3
2021-10-01 23:10:00,-5,686445000,7.0,4.15,35.7,44.4,50.7,16.8,17.3
2021-10-01 23:20:00,-5,686445600,7.3,4.15,35.7,44.4,50.7,16.7,17.3
2021-10-01 23:30:00,-5,686446200,7.0,4.15,35.6,44.4,50.8,16.8,17.4
2021-10-01 23:40:00,-5,686446800,6.8,4.15,35.6,44.4,50.8,16.6,17.3
2021-10-01 23:50:00,-5,686447400,6.5,4.15,35.6,44.4,50.8,16.7,17.3
2021-10-02 00:00:00,-5,686448000,6.5,4.15,35.6,44.4,50.8,16.6,17.3
2021-10-02 00:10:00,-5,686448600,6.3,4.15,35.6,44.4,50.8,16.6,17.3
2021-10-02 00:20:00,-5,686449200,6.3,4.15,35.6,44.4,50.8,16.6,17.3
2021-10-02 00:30:00,-5,686449800,6.5,4.15,35.6,44.3,50.7,16.6,17.3
2021-10-02 00:40:00,-5,686450400,6.5,4.14,35.5,44.4,50.8,16.6,17.3
2021-10-02 00:50:00,-5,686451000,6.8,4.14,35.5,44.4,50.8,16.6,17.2
2021-10-02 01:00:00,-5,686451600,6.5,4.14,35.5,44.3,50.8,16.6,17.3
2021-10-02 01:10:00,-5,686452200,6.5,4.14,35.5,44.3,50.6,16.6,17.2
2021-10-02 01:20:00,-5,686452800,6.8,4.14,35.4,44.3,50.8,16.6,17.1
2021-10-02 01:30:00,-5,686453400,6.3,4.14,35.4,44.3,50.8,16.5,17.3
2021-10-02 01:40:00,-5,686454000,6.3,4.14,35.5,44.2,50.6,16.6,17.3
2021-10-02 01:50:00,-5,686454600,6.3,4.14,35.4,44.3,50.8,16.6,17.2
2021-10-02 02:00:00,-5,686455200,6.0,4.14,35.4,44.3,50.8,16.5,17.3
2021-10-02 02:10:00,-5,686455800,5.8,4.14,35.4,44.2,50.6,16.5,17.2
2021-10-02 02:20:00,-5,686456400,5.5,4.14,35.4,44.2,50.6,16.5,17.2
2021-10-02 02:30:00,-5,686457000,5.8,4.14,35.4,44.2,50.6,16.5,17.4
2021-10-02 02:40:00,-5,686457600,5.8,4.14,35.3,44.2,50.8,16.5,17.4
2021-10-02 02:50:00,-5,686458200,5.8,4.14,35.4,44.2,50.6,16.5,17.2
2021-10-02 03:00:00,-5,686458800,5.8,4.14,35.3,44.2,50.7,16.5,17.1
2021-10-02 03:10:00,-5,686459400,5.5,4.14,35.3,44.2,50.7,16.4,17.1
2021-10-02 03:20:00,-5,686460000,5.5,4.14,35.3,44.1,50.6,16.5,17.3
2021-10-02 03:30:00,-5,686460600,5.8,4.14,35.2,44.2,50.7,16.4,17.2
2021-10-02 03:40:00,-5,686461200,5.8,4.14,35.3,44.1,50.6,16.5,17.2
2021-10-02 03:50:00,-5,686461800,6.0,4.14,35.2,44.2,50.7,16.5,17.1
2021-10-02 04:00:00,-5,686462400,5.8,4.14,35.2,44.2,50.7,16.3,17.3
2021-10-02 04:10:00,-5,686463000,5.3,4.14,35.2,44.1,50.7,16.4,17.3
2021-10-02 04:20:00,-5,686463600,5.5,4.14,35.2,44.1,50.6,16.3,17.1
2021-10-02 04:30:00,-5,686464200,5.5,4.14,35.2,44.1,50.7,16.3,17.1
2021-10-02 04:40:00,-5,686464800,5.5,4.14,35.1,44.1,50.7,16.3,17.3
2021-10-02 04:50:00,-5,686465400,5.8,4.14,35.1,44.1,50.7,16.3,17.3
2021-10-02 05:00:00,-5,686466000,5.8,4.14,35.2,44.0,50.6,16.3,17.1
2021-10-02 05:10:00,-5,686466600,5.5,4.14,35.1,44.1,50.7,16.3,17.2
2021-10-02 05:20:00,-5,686467200,5.3,4.14,35.2,44.0,50.6,16.2,17.2
2021-10-02 05:30:00,-5,686467800,5.3,4.14,35.1,44.0,50.7,16.2,17.1
2021-10-02 05:40:00,-5,686468400,5.0,4.14,35.0,44.0,50.7,16.1,17.0
2021-10-02 05:50:00,-5,686469000,4.8,4.14,35.1,44.0,50.6,16.1,17.3
2021-10-02 06:00:00,-5,686469600,4.8,4.14,35.0,44.0,50.7,16.2,17.0
2021-10-02 06:10:00,-5,686470200,5.0,4.14,35.1,43.9,50.6,16.1,17.0
2021-10-02 06:20:00,-5,686470800,5.3,4.14,35.0,44.0,50.7,16.1,17.1
2021-10-02 06:30:00,-5,686471400,6.8,4.15,35.0,44.0,50.7,16.1,17.1
2021-10-02 06:40:00,-5,686472000,10.5,4.15,35.0,43.9,50.6,16.1,17.1
2021-10-02 06:50:00,-5,686472600,12.3,4.15,35.0,43.9,50.6,16.1,17.0
2021-10-02 07:00:00,-5,686473200,15.3,4.17,34.9,43.9,50.7,16.0,17.2
2021-10-02 07:10:00,-5,686473800,18.0,4.15,35.0,43.9,50.6,16.0,17.2
2021-10-02 07:20:00,-5,686474400,21.0,4.15,35.0,43.9,50.6,16.0,17.1
2021-10-02 07:30:00,-5,686475000,23.3,4.15,35.0,43.8,50.7,16.0,17.0
2021-10-02 07:40:00,-5,686475600,25.3,4.15,34.9,43.9,50.7,16.0,17.1
2021-10-02 07:50:00,-5,686476200,28.0,4.15,34.9,43.9,50.7,16.0,17.3
2021-10-02 08:00:00,-5,686476800,31.0,4.15,35.0,43.8,50.6,16.0,17.1
2021-10-02 08:10:00,-5,686477400,32.5,4.15,35.0,43.8,50.5,15.8,17.0
2021-10-02 08:20:00,-5,686478000,33.3,4.15,35.0,43.8,50.5,15.8,16.8
2021-10-02 08:30:00,-5,686478600,33.5,4.15,35.0,43.8,50.5,15.8,17.1
2021-10-02 08:40:00,-5,686479200,35.3,4.15,35.0,43.8,50.5,15.7,17.1
2021-10-02 08:50:00,-5,686479800,37.8,4.15,35.0,43.7,50.5,15.8,16.7
2021-10-02 09:00:00,-5,686480400,39.3,4.15,35.0,43.8,50.7,15.8,17.1
2021-10-02 09:10:00,-5,686481000,39.5,4.15,35.0,43.7,50.5,15.8,16.7
2021-10-02 09:20:00,-5,686481600,41.0,4.15,35.0,43.7,50.7,15.6,17.1
2021-10-02 09:30:00,-5,686482200,43.3,4.15,35.0,43.8,50.7,15.8,17.1
2021-10-02 09:40:00,-5,686482800,44.8,4.15,35.0,43.8,50.6,15.8,17.1
2021-10-02 09:50:00,-5,686483400,44.5,4.15,35.1,43.7,50.7,15.7,17.1
2021-10-02 10:00:00,-5,686484000,44.8,4.17,35.1,43.7,50.5,15.8,16.8
2021-10-02 10:10:00,-5,686484600,46.0,4.17,35.1,43.7,50.5,15.8,17.1
2021-10-02 10:20:00,-5,686485200,46.0,4.17,35.1,43.7,50.6,15.8,17.0
2021-10-02 10:30:00,-5,686485800,45.3,4.17,35.1,43.7,50.6,16.0,17.1
2021-10-02 10:40:00,-5,686486400,45.3,4.17,35.2,43.7,50.6,15.7,17.0
2021-10-02 10:50:00,-5,686487000,45.5,4.17,35.3,43.6,50.5,15.8,16.7
2021-10-02 11:00:00,-5,686487600,45.3,4.17,35.3,43.6,50.6,16.0,16.8
2021-10-02 11:10:00,-5,686488200,45.3,4.17,35.3,43.7,50.6,15.7,16.7
2021-10-02 11:20:00,-5,686488800,44.0,4.17,35.4,43.6,50.5,15.8,16.8
2021-10-02 11:30:00,-5,686489400,42.3,4.17,35.4,43.6,50.5,16.0,17.1
2021-10-02 11:40:00,-5,686490000,41.0,4.17,35.4,43.6,50.5,15.8,16.8
2021-10-02 11:50:00,-5,686490600,40.8,4.17,35.4,43.7,50.6,16.0,16.7
2021-10-02 12:00:00,-5,686491200,42.5,4.17,35.4,43.7,50.6,15.7,16.8
2021-10-02 12:10:00,-5,686491800,43.3,4.17,35.5,43.7,50.6,16.0,16.7
2021-10-02 12:20:00,-5,686492400,43.0,4.17,35.5,43.7,50.6,16.0,16.7
2021-10-02 12:30:00,-5,686493000,42.5,4.17,35.5,43.7,50.6,16.0,16.7
2021-10-02 12:40:00,-5,686493600,41.5,4.17,35.6,43.7,50.6,15.8,16.6
2021-10-02 12:50:00,-5,686494200,41.3,4.17,35.6,43.7,50.6,16.0,16.8
2021-10-02 13:00:00,-5,686494800,41.0,4.17,35.7,43.7,50.6,16.1,17.0
2021-10-02 13:10:00,-5,686495400,37.5,4.17,35.7,43.7,50.6,16.1,16.8
2021-10-02 13:20:00,-5,686496000,33.3,4.17,35.8,43.6,50.5,16.1,17.0
2021-10-02 13:30:00,-5,686496600,29.5,4.17,35.8,43.7,50.5,16.2,16.7
2021-10-02 13:40:00,-5,686497200,27.5,4.17,35.8,43.6,50.6,16.3,16.7
2021-10-02 13:50:00,-5,686497800,25.5,4.17,35.8,43.7,50.6,16.2,16.8
2021-10-02 14:00:00,-5,686498400,24.0,4.17,35.8,43.7,50.6,16.3,16.6
2021-10-02 14:10:00,-5,686499000,23.5,4.17,35.9,43.7,50.5,16.3,16.8
2021-10-02 14:20:00,-5,686499600,23.3,4.17,35.9,43.7,50.4,16.4,16.6
2021-10-02 14:30:00,-5,686500200,23.5,4.17,35.9,43.8,50.6,16.4,16.8
2021-10-02 14:40:00,-5,686500800,23.3,4.17,35.9,43.8,50.6,16.3,16.7
2021-10-02 14:50:00,-5,686501400,23.0,4.17,35.9,43.8,50.6,16.3,16.8
2021-10-02 15:00:00,-5,686502000,22.8,4.17,36.0,43.7,50.6,16.5,16.8
2021-10-02 15:10:00,-5,686502600,22.0,4.17,36.0,43.7,50.4,16.5,16.6
2021-10-02 15:20:00,-5,686503200,21.3,4.17,35.9,43.8,50.6,16.3,16.8
2021-10-02 15:30:00,-5,686503800,20.8,4.17,35.9,43.8,50.6,16.6,16.6
2021-10-02 15:40:00,-5,686504400,20.5,4.17,35.9,43.8,50.6,16.6,17.0
2021-10-02 15:50:00,-5,686505000,20.3,4.17,36.0,43.8,50.4,16.6,16.8
2021-10-02 16:00:00,-5,686505600,20.0,4.17,36.0,43.8,50.4,16.6,16.5
2021-10-02 16:10:00,-5,686506200,19.8,4.17,36.0,43.8,50.4,16.6,16.7
2021-10-02 16:20:00,-5,686506800,19.5,4.17,35.9,43.9,50.6,16.5,16.5
2021-10-02 16:30:00,-5,686507400,19.3,4.17,35.9,43.9,50.6,16.6,16.6
2021-10-02 16:40:00,-5,686508000,19.0,4.17,36.0,43.8,50.5,16.6,16.6
2021-10-02 16:50:00,-5,686508600,19.0,4.17,36.0,43.8,50.4,16.6,16.7
2021-10-02 17:00:00,-5,686509200,18.8,4.17,35.9,43.9,50.6,16.6,17.0
2021-10-02 17:10:00,-5,686509800,18.5,4.17,35.9,43.9,50.6,16.6,16.8
2021-10-02 17:20:00,-5,686510400,18.3,4.17,35.9,43.9,50.6,16.7,16.7
2021-10-02 17:30:00,-5,686511000,18.0,4.17,36.0,43.9,50.4,16.7,17.0
2021-10-02 17:40:00,-5,686511600,17.5,4.17,36.0,43.9,50.4,16.7,16.8
2021-10-02 17:50:00,-5,686512200,17.3,4.17,36.0,43.9,50.4,16.8,16.7
2021-10-02 18:00:00,-5,686512800,17.0,4.17,36.0,43.9,50.4,16.8,16.7
2021-10-02 18:10:00,-5,686513400,17.0,4.17,35.9,43.9,50.5,16.8,17.0
2021-10-02 18:20:00,-5,686514000,16.8,4.17,36.0,43.9,50.4,16.7,17.0
2021-10-02 18:30:00,-5,686514600,16.5,4.17,35.9,43.8,50.5,16.7,16.8
2021-10-02 18:40:00,-5,686515200,16.5,4.17,35.9,44.0,50.5,16.8,16.8
2021-10-02 18:50:00,-5,686515800,16.3,4.17,35.9,44.0,50.5,16.8,16.7
2021-10-02 19:00:00,-5,686516400,16.5,4.17,35.9,44.0,50.5,16.8,17.0
2021-10-02 19:10:00,-5,686517000,16.3,4.17,35.9,43.9,50.4,16.8,16.7
2021-10-02 19:20:00,-5,686517600,15.8,4.17,35.9,43.9,50.4,16.8,16.8
2021-10-02 19:30:00,-5,686518200,15.3,4.17,35.9,43.9,50.4,16.8,16.7
2021-10-02 19:40:00,-5,686518800,14.8,4.17,35.8,44.0,50.5,16.8,16.7
2021-10-02 19:50:00,-5,686519400,14.8,4.17,35.8,44.0,50.5,16.8,16.8
2021-10-02 20:00:00,-5,686520000,14.8,4.17,35.9,43.9,50.4,17.0,17.1
2021-10-02 20:10:00,-5,686520600,14.5,4.17,35.8,44.0,50.5,16.8,16.7
2021-10-02 20:20:00,-5,686521200,14.3,4.17,35.8,44.0,50.5,17.0,16.8
2021-10-02 20:30:00,-5,686521800,14.0,4.17,35.8,43.9,50.4,16.8,16.8
2021-10-02 20:40:00,-5,686522400,13.8,4.15,35.8,44.0,50.5,16.7,16.7
2021-10-02 20:50:00,-5,686523000,13.8,4.15,35.7,44.0,50.5,16.8,17.1
2021-10-02 21:00:00,-5,686523600,14.0,4.15,35.8,43.9,50.4,16.8,16.7
2021-10-02 21:10:00,-5,686524200,13.8,4.15,35.7,44.0,50.5,16.7,17.2
2021-10-02 21:20:00,-5,686524800,13.5,4.15,35.8,43.9,50.4,16.8,16.8
2021-10-02 21:30:00,-5,686525400,13.0,4.15,35.8,43.9,50.4,16.8,17.1
2021-10-02 21:40:00,-5,686526000,13.0,4.15,35.7,44.0,50.5,16.8,17.1
2021-10-02 21:50:00,-5,686526600,13.0,4.15,35.7,44.0,50.5,16.8,17.1
2021-10-02 22:00:00,-5,686527200,12.8,4.15,35.7,43.9,50.4,17.0,17.1
2021-10-02 22:10:00,-5,686527800,12.5,4.15,35.6,44.0,50.5,16.8,17.0
2021-10-02 22:20:00,-5,686528400,12.3,4.15,35.6,44.0,50.5,17.0,17.1
2021-10-02 22:30:00,-5,686529000,12.0,4.15,35.6,44.0,50.5,16.7,17.1
2021-10-02 22:40:00,-5,686529600,12.0,4.15,35.7,43.9,50.4,16.8,17.0
2021-10-02 22:50:00,-5,686530200,11.8,4.15,35.6,43.9,50.4,17.0,17.0
2021-10-02 23:00:00,-5,686530800,11.8,4.15,35.6,44.0,50.5,16.8,17.1
2021-10-02 23:10:00,-5,686531400,11.5,4.15,35.5,44.0,50.5,16.8,17.2
2021-10-02 23:20:00,-5,686532000,11.3,4.15,35.5,44.0,50.5,16.8,16.8
2021-10-02 23:30:00,-5,686532600,11.3,4.15,35.6,43.9,50.4,16.8,17.0
2021-10-02 23:40:00,-5,686533200,11.3,4.15,35.6,43.9,50.4,16.8,17.2
2021-10-02 23:50:00,-5,686533800,11.0,4.15,35.5,44.0,50.5,16.8,17.0
2021-10-03 00:00:00,-5,686534400,10.8,4.15,35.5,43.9,50.5,16.8,17.1
2021-10-03 00:10:00,-5,686535000,10.8,4.15,35.5,43.9,50.5,16.8,17.1
2021-10-03 00:20:00,-5,686535600,11.0,4.15,35.5,43.9,50.5,16.8,16.8
2021-10-03 00:30:00,-5,686536200,11.3,4.15,35.4,43.9,50.5,16.8,17.0
2021-10-03 00:40:00,-5,686536800,11.3,4.15,35.4,43.9,50.5,16.7,17.0
2021-10-03 00:50:00,-5,686537400,11.3,4.15,35.4,43.9,50.5,16.7,17.1
2021-10-03 01:00:00,-5,686538000,11.5,4.15,35.4,43.9,50.5,16.8,17.1
2021-10-03 01:10:00,-5,686538600,12.0,4.15,35.4,43.9,50.5,16.8,17.0
2021-10-03 01:20:00,-5,686539200,12.3,4.15,35.5,43.8,50.4,16.7,17.1
2021-10-03 01:30:00,-5,686539800,12.5,4.15,35.4,43.8,50.5,16.7,17.0
2021-10-03 01:40:00,-5,686540400,12.8,4.15,35.4,43.8,50.4,16.7,17.1
2021-10-03 01:50:00,-5,686541000,12.8,4.15,35.4,43.8,50.4,16.6,17.0
2021-10-03 02:00:00,-5,686541600,13.0,4.15,35.4,43.8,50.4,16.6,17.1
2021-10-03 02:10:00,-5,686542200,13.0,4.15,35.3,43.9,50.5,16.7,17.1
2021-10-03 02:20:00,-5,686542800,13.0,4.15,35.4,43.8,50.4,16.6,17.1
2021-10-03 02:30:00,-5,686543400,13.3,4.15,35.3,43.9,50.5,16.6,17.2
2021-10-03 02:40:00,-5,686544000,13.5,4.15,35.3,43.9,50.5,16.7,17.0
2021-10-03 02:50:00,-5,686544600,13.5,4.15,35.4,43.8,50.4,16.7,17.0
2021-10-03 03:00:00,-5,686545200,13.5,4.15,35.4,43.8,50.4,16.6,17.2
2021-10-03 03:10:00,-5,686545800,13.8,4.15,35.4,43.8,50.4,16.6,17.1
2021-10-03 03:20:00,-5,686546400,13.8,4.15,35.4,43.8,50.4,16.6,17.1
2021-10-03 03:30:00,-5,686547000,13.8,4.15,35.3,43.8,50.5,16.6,17.2
2021-10-03 03:40:00,-5,686547600,14.0,4.15,35.4,43.8,50.4,16.6,17.1
2021-10-03 03:50:00,-5,686548200,14.0,4.15,35.3,43.8,50.5,16.6,17.1
2021-10-03 04:00:00,-5,686548800,14.0,4.15,35.4,43.8,50.4,16.6,17.1
2021-10-03 04:10:00,-5,686549400,14.0,4.15,35.4,43.8,50.4,16.6,17.1
2021-10-03 04:20:00,-5,686550000,14.3,4.15,35.4,43.7,50.3,16.6,17.1
2021-10-03 04:30:00,-5,686550600,14.3,4.15,35.3,43.8,50.5,16.6,16.8
2021-10-03 04:40:00,-5,686551200,14.3,4.15,35.3,43.8,50.5,16.6,17.0
2021-10-03 04:50:00,-5,686551800,14.3,4.15,35.3,43.8,50.5,16.6,17.1
2021-10-03 05:00:00,-5,686552400,14.3,4.15,35.4,43.7,50.4,16.6,16.8
2021-10-03 05:10:00,-5,686553000,14.5,4.15,35.3,43.8,50.5,16.6,17.1
2021-10-03 05:20:00,-5,686553600,14.5,4.15,35.4,43.7,50.3,16.6,17.1
2021-10-03 05:30:00,-5,686554200,14.8,4.15,35.3,43.8,50.5,16.6,17.0
2021-10-03 05:40:00,-5,686554800,14.8,4.15,35.4,43.7,50.3,16.6,17.1
2021-10-03 05:50:00,-5,686555400,14.8,4.15,35.3,43.8,50.5,16.6,17.1
2021-10-03 06:00:00,-5,686556000,14.8,4.15,35.3,43.8,50.5,16.6,17.1
2021-10-03 06:10:00,-5,686556600,14.8,4.15,35.4,43.7,50.3,16.6,16.8
2021-10-03 06:20:00,-5,686557200,15.0,4.15,35.4,43.7,50.3,16.6,16.8
2021-10-03 06:30:00,-5,686557800,15.3,4.15,35.3,43.7,50.5,16.6,17.1
2021-10-03 06:40:00,-5,686558400,15.5,4.15,35.4,43.7,50.3,16.6,17.0
2021-10-03 06:50:00,-5,686559000,16.0,4.15,35.3,43.7,50.4,16.5,17.1
2021-10-03 07:00:00,-5,686559600,16.5,4.15,35.3,43.7,50.5,16.6,17.1
2021-10-03 07:10:00,-5,686560200,17.0,4.15,35.3,43.7,50.5,16.6,16.8
2021-10-03 07:20:00,-5,686560800,17.5,4.15,35.3,43.7,50.4,16.6,17.1
2021-10-03 07:30:00,-5,686561400,18.0,4.15,35.4,43.7,50.3,16.6,17.1
2021-10-03 07:40:00,-5,686562000,18.8,4.15,35.3,43.7,50.5,16.5,17.1
2021-10-03 07:50:00,-5,686562600,19.5,4.15,35.3,43.7,50.5,16.5,17.1
2021-10-03 08:00:00,-5,686563200,20.3,4.15,35.3,43.7,50.4,16.6,17.1
2021-10-03 08:10:00,-5,686563800,22.0,4.17,35.4,43.7,50.3,16.6,17.1
2021-10-03 08:20:00,-5,686564400,25.0,4.15,35.4,43.6,50.3,16.6,17.0
2021-10-03 08:30:00,-5,686565000,25.8,4.15,35.3,43.7,50.4,16.5,17.0
2021-10-03 08:40:00,-5,686565600,26.5,4.15,35.4,43.7,50.5,16.6,17.1
2021-10-03 08:50:00,-5,686566200,34.5,4.15,35.4,43.6,50.3,16.6,16.8
2021-10-03 09:00:00,-5,686566800,37.8,4.15,35.4,43.7,50.4,16.6,17.1
2021-10-03 09:10:00,-5,686567400,38.5,4.15,35.4,43.7,50.5,16.6,16.7
2021-10-03 09:20:00,-5,686568000,41.5,4.15,35.5,43.6,50.3,16.6,17.1
2021-10-03 09:30:00,-5,686568600,42.8,4.15,35.5,43.6,50.3,16.7,17.2
2021-10-03 09:40:00,-5,686569200,44.0,4.15,35.5,43.6,50.4,16.6,17.0
2021-10-03 09:50:00,-5,686569800,45.0,4.17,35.5,43.7,50.4,16.7,17.0
2021-10-03 10:00:00,-5,686570400,45.5,4.17,35.5,43.7,50.4,16.7,17.1
2021-10-03 10:10:00,-5,686571000,46.3,4.17,35.6,43.6,50.3,16.6,17.0
2021-10-03 10:20:00,-5,686571600,41.8,4.17,35.5,43.7,50.5,16.6,17.0
2021-10-03 10:30:00,-5,686572200,44.5,4.17,35.6,43.6,50.3,16.6,17.1
2021-10-03 10:40:00,-5,686572800,45.3,4.17,35.6,43.7,50.4,16.7,17.1
2021-10-03 10:50:00,-5,686573400,46.8,4.17,35.7,43.6,50.3,16.6,17.1
2021-10-03 11:00:00,-5,686574000,47.0,4.17,35.6,43.7,50.4,16.6,16.8
2021-10-03 11:10:00,-5,686574600,46.0,4.17,35.7,43.6,50.3,16.7,16.7
2021-10-03 11:20:00,-5,686575200,43.8,4.17,35.8,43.6,50.3,16.6,16.8
2021-10-03 11:30:00,-5,686575800,44.5,4.17,35.8,43.6,50.3,16.6,16.7
2021-10-03 11:40:00,-5,686576400,46.5,4.17,35.8,43.6,50.3,16.8,17.1
2021-10-03 11:50:00,-5,686577000,47.0,4.17,35.8,43.6,50.3,16.7,17.1
2021-10-03 12:00:00,-5,686577600,46.8,4.17,35.9,43.6,50.3,16.8,16.7
2021-10-03 12:10:00,-5,686578200,45.8,4.17,35.9,43.7,50.4,16.8,17.2
2021-10-03 12:20:00,-5,686578800,45.0,4.17,36.0,43.6,50.3,16.8,16.8
2021-10-03 12:30:00,-5,686579400,41.3,4.17,35.9,43.7,50.4,16.8,17.0
2021-10-03 12:40:00,-5,686580000,39.0,4.17,36.0,43.6,50.4,16.8,16.8
2021-10-03 12:50:00,-5,686580600,38.3,4.17,36.0,43.7,50.4,16.8,17.0
2021-10-03 13:00:00,-5,686581200,38.5,4.17,36.1,43.7,50.3,17.0,17.0
2021-10-03 13:10:00,-5,686581800,37.5,4.17,36.1,43.7,50.3,17.0,17.1
2021-10-03 13:20:00,-5,686582400,36.5,4.17,36.2,43.7,50.3,17.1,16.8
2021-10-03 13:30:00,-5,686583000,35.0,4.17,36.2,43.7,50.3,17.1,16.8
2021-10-03 13:40:00,-5,686583600,32.8,4.17,36.1,43.8,50.4,17.1,17.1
2021-10-03 13:50:00,-5,686584200,30.8,4.17,36.2,43.7,50.3,17.1,17.2
2021-10-03 14:00:00,-5,686584800,29.8,4.17,36.2,43.8,50.4,17.1,17.1
2021-10-03 14:10:00,-5,686585400,28.5,4.17,36.3,43.7,50.3,17.2,17.1
2021-10-03 14:20:00,-5,686586000,28.0,4.17,36.2,43.8,50.4,17.2,17.2
2021-10-03 14:30:00,-5,686586600,27.5,4.17,36.2,43.8,50.4,17.3,17.2
2021-10-03 14:40:00,-5,686587200,27.5,4.17,36.3,43.8,50.3,17.3,17.1
2021-10-03 14:50:00,-5,686587800,28.0,4.17,36.3,43.8,50.4,17.3,17.1
2021-10-03 15:00:00,-5,686588400,28.0,4.17,36.4,43.8,50.3,17.5,16.8
2021-10-03 15:10:00,-5,686589000,27.3,4.17,36.4,43.8,50.3,17.5,17.1
2021-10-03 15:20:00,-5,686589600,26.8,4.17,36.3,43.9,50.4,17.5,17.1
2021-10-03 15:30:00,-5,686590200,26.0,4.17,36.4,43.8,50.3,17.5,17.1
2021-10-03 15:40:00,-5,686590800,25.5,4.17,36.3,43.9,50.4,17.5,17.0
2021-10-03 15:50:00,-5,686591400,25.8,4.17,36.5,43.8,50.3,17.5,17.1
2021-10-03 16:00:00,-5,686592000,25.5,4.17,36.5,43.8,50.3,17.6,17.1
2021-10-03 16:10:00,-5,686592600,25.0,4.17,36.5,43.9,50.3,17.6,17.1
2021-10-03 16:20:00,-5,686593200,24.8,4.17,36.5,43.9,50.3,17.6,17.1
2021-10-03 16:40:00,-5,686594400,24.5,4.17,36.5,43.9,50.3,17.6,16.8
2021-10-03 16:50:00,-5,686595000,24.3,4.17,36.4,44.0,50.4,17.8,17.2
2021-10-03 17:00:00,-5,686595600,23.5,4.17,36.5,43.9,50.3,17.7,17.1
2021-10-03 17:10:00,-5,686596200,23.0,4.17,36.5,43.9,50.3,17.6,17.1
2021-10-03 17:20:00,-5,686596800,22.5,4.17,36.5,44.0,50.3,17.8,17.1
2021-10-03 17:30:00,-5,686597400,22.3,4.17,36.5,44.0,50.3,17.8,17.0
2021-10-03 17:40:00,-5,686598000,21.8,4.17,36.4,44.0,50.4,17.8,17.1
2021-10-03 17:50:00,-5,686598600,21.3,4.17,36.4,44.0,50.4,17.8,17.3
2021-10-03 18:00:00,-5,686599200,20.8,4.17,36.5,44.0,50.3,17.8,17.2
2021-10-03 18:10:00,-5,686599800,20.3,4.17,36.5,44.1,50.4,18.0,17.2
2021-10-03 18:20:00,-5,686600400,20.0,4.17,36.5,44.0,50.3,18.0,17.1
2021-10-03 18:30:00,-5,686601000,19.8,4.15,36.5,44.0,50.3,17.8,17.2
2021-10-03 18:40:00,-5,686601600,19.5,4.15,36.4,44.1,50.4,17.8,17.2
2021-10-03 18:50:00,-5,686602200,19.5,4.15,36.4,44.1,50.4,17.8,17.1
2021-10-03 19:00:00,-5,686602800,19.0,4.15,36.5,44.1,50.3,18.0,17.2
2021-10-03 19:10:00,-5,686603400,19.0,4.15,36.5,44.1,50.3,17.8,17.3
2021-10-03 19:20:00,-5,686604000,19.0,4.15,36.4,44.1,50.4,18.1,17.3
2021-10-03 19:30:00,-5,686604600,18.8,4.15,36.5,44.1,50.3,17.8,17.1
2021-10-03 19:40:00,-5,686605200,18.5,4.15,36.4,44.1,50.3,18.1,17.3
2021-10-03 20:10:00,-5,686607000,18.5,4.15,36.4,44.1,50.3,18.0,17.2
2021-10-03 20:20:00,-5,686607600,18.5,4.15,36.4,44.1,50.3,18.1,17.2
2021-10-03 20:40:00,-5,686608800,18.3,4.15,36.4,44.1,50.3,18.0,17.3
2021-10-03 20:50:00,-5,686609400,18.3,4.15,36.4,44.1,50.3,18.1,17.3
2021-10-03 21:00:00,-5,686610000,18.3,4.15,36.4,44.1,50.3,18.1,17.3
2021-10-03 21:10:00,-5,686610600,18.3,4.15,36.3,44.2,50.4,18.1,17.2
2021-10-03 21:30:00,-5,686611800,18.5,4.15,36.3,44.1,50.3,18.1,17.4
2021-10-03 22:00:00,-5,686613600,18.0,4.15,36.3,44.1,50.5,18.1,17.3
2021-10-03 22:20:00,-5,686614800,18.8,4.15,36.3,44.1,50.3,18.1,17.4
2021-10-03 23:10:00,-5,686617800,18.5,4.14,36.3,44.2,50.3,18.1,17.5
2021-10-03 23:30:00,-5,686619000,18.5,4.14,36.3,44.2,50.3,18.1,17.5
2021-10-03 23:40:00,-5,686619600,18.5,4.14,36.3,44.2,50.3,18.1,17.6
2021-10-03 23:50:00,-5,686620200,18.8,4.14,36.2,44.2,50.3,18.1,17.5
2021-10-04 00:30:00,-5,686622600,18.8,4.14,36.2,44.2,50.3,18.1,17.5
2021-10-04 00:40:00,-5,686623200,18.8,4.14,36.2,44.2,50.3,18.1,17.5
2021-10-04 00:50:00,-5,686623800,18.8,4.14,36.2,44.2,50.3,18.1,17.6
2021-10-04 01:00:00,-5,686624400,18.5,4.14,36.2,44.2,50.3,18.1,17.5
2021-10-04 01:10:00,-5,686625000,18.8,4.14,36.2,44.2,50.3,18.1,17.5
2021-10-04 01:20:00,-5,686625600,18.5,4.14,36.2,44.2,50.4,18.1,17.5
2021-10-04 01:30:00,-5,686626200,18.5,4.14,36.2,44.2,50.3,18.1,17.6
2021-10-04 01:40:00,-5,686626800,18.5,4.14,36.2,44.2,50.3,18.0,17.6
2021-10-04 01:50:00,-5,686627400,18.3,4.14,36.2,44.2,50.3,18.1,17.5
2021-10-04 02:00:00,-5,686628000,18.3,4.14,36.2,44.2,50.3,18.1,17.6
2021-10-04 02:10:00,-5,686628600,18.3,4.14,36.1,44.2,50.5,18.1,17.6
2021-10-04 02:30:00,-5,686629800,18.3,4.14,36.2,44.2,50.3,18.1,17.5
2021-10-04 03:40:00,-5,686634000,18.3,4.12,36.1,44.2,50.3,18.1,17.5
2021-10-04 03:50:00,-5,686634600,18.0,4.12,36.1,44.2,50.3,18.1,17.6
2021-10-04 04:10:00,-5,686635800,18.0,4.12,36.1,44.2,50.3,18.1,17.5
2021-10-04 04:30:00,-5,686637000,18.0,4.12,36.1,44.2,50.3,18.1,17.6
2021-10-04 04:40:00,-5,686637600,18.0,4.12,36.1,44.2,50.3,18.1,17.6
2021-10-04 04:50:00,-5,686638200,18.0,4.12,36.1,44.2,50.3,18.1,17.6
2021-10-04 05:00:00,-5,686638800,18.0,4.12,36.1,44.2,50.3,18.1,17.6
2021-10-04 05:30:00,-5,686640600,18.3,4.12,36.1,44.2,50.3,18.1,17.6
2021-10-04 05:40:00,-5,686641200,18.5,4.12,36.1,44.2,50.3,18.1,17.5
2021-10-04 05:50:00,-5,686641800,18.5,4.12,36.1,44.2,50.3,18.1,17.6
2021-10-04 06:00:00,-5,686642400,18.5,4.12,36.1,44.2,50.3,18.1,17.6
2021-10-04 06:30:00,-5,686644200,18.8,4.12,36.1,44.2,50.3,18.1,17.6
2021-10-04 06:40:00,-5,686644800,19.0,4.12,36.0,44.2,50.3,18.0,17.7
2021-10-04 06:50:00,-5,686645400,19.5,4.12,36.0,44.1,50.5,18.1,17.6
2021-10-04 07:00:00,-5,686646000,20.0,4.12,36.0,44.2,50.5,18.1,17.6
2021-10-04 07:10:00,-5,686646600,21.3,4.12,36.0,44.2,50.5,18.1,17.6
2021-10-04 07:20:00,-5,686647200,22.3,4.12,36.0,44.2,50.3,18.1,17.6
2021-10-04 07:30:00,-5,686647800,23.0,4.12,36.0,44.2,50.4,18.1,17.7
2021-10-04 07:40:00,-5,686648400,24.0,4.12,36.0,44.1,50.3,18.0,17.6
2021-10-04 07:50:00,-5,686649000,24.0,4.12,36.0,44.1,50.3,18.1,17.6
2021-10-04 08:00:00,-5,686649600,23.5,4.12,36.0,44.1,50.3,18.1,17.6
2021-10-04 08:10:00,-5,686650200,24.3,4.12,36.0,44.2,50.4,18.0,17.6
2021-10-04 08:20:00,-5,686650800,24.5,4.12,36.0,44.2,50.5,18.0,17.6
2021-10-04 08:30:00,-5,686651400,25.5,4.14,36.4,44.2,50.5,18.0,17.6
2021-10-04 08:40:00,-5,686652000,26.8,4.14,36.6,44.1,50.3,18.1,17.6
2021-10-04 08:50:00,-5,686652600,27.8,4.14,36.7,44.1,50.3,18.0,17.6
2021-10-04 09:00:00,-5,686653200,27.5,4.14,36.3,44.2,50.5,18.1,17.6
2021-10-04 09:10:00,-5,686653800,28.5,4.14,35.9,44.2,50.5,18.1,17.6
2021-10-04 09:20:00,-5,686654400,29.0,4.14,36.0,44.1,50.3,18.1,17.6
2021-10-04 09:30:00,-5,686655000,34.0,4.14,35.9,44.2,50.4,18.1,17.6
2021-10-04 09:40:00,-5,686655600,40.3,4.14,36.0,44.1,50.3,18.1,17.6
2021-10-04 09:50:00,-5,686656200,43.3,4.14,36.0,44.2,50.4,18.1,17.6
2021-10-04 10:00:00,-5,686656800,44.0,4.14,36.0,44.2,50.4,18.1,17.6
2021-10-04 10:10:00,-5,686657400,38.8,4.14,36.0,44.2,50.4,18.1,17.7
2021-10-04 10:20:00,-5,686658000,43.3,4.14,36.1,44.1,50.3,18.1,17.7
2021-10-04 10:30:00,-5,686658600,40.5,4.14,36.0,44.2,50.5,18.2,17.7
2021-10-04 10:40:00,-5,686659200,39.5,4.14,36.0,44.2,50.5,18.1,17.6
2021-10-04 10:50:00,-5,686659800,41.0,4.14,36.1,44.1,50.3,18.1,17.6
2021-10-04 11:00:00,-5,686660400,40.8,4.14,36.1,44.1,50.3,18.2,17.6
2021-10-04 11:10:00,-5,686661000,39.3,4.14,36.1,44.2,50.4,18.2,17.6
2021-10-04 11:20:00,-5,686661600,35.0,4.15,36.2,44.1,50.3,18.2,17.6
2021-10-04 11:30:00,-5,686662200,38.0,4.14,36.2,44.1,50.3,18.2,17.6
2021-10-04 11:40:00,-5,686662800,42.3,4.15,36.2,44.1,50.3,18.2,17.7
2021-10-04 11:50:00,-5,686663400,45.0,4.15,36.2,44.2,50.4,18.1,17.6
2021-10-04 12:00:00,-5,686664000,47.5,4.15,36.2,44.2,50.4,18.1,17.6
2021-10-04 12:10:00,-5,686664600,46.8,4.15,36.3,44.2,50.4,18.3,17.7
2021-10-04 12:20:00,-5,686665200,45.0,4.15,36.3,44.2,50.4,18.3,17.6
2021-10-04 12:30:00,-5,686665800,43.5,4.15,36.4,44.2,50.3,18.3,17.7
2021-10-04 12:40:00,-5,686666400,39.3,4.15,36.3,44.2,50.4,18.3,17.7
2021-10-04 12:50:00,-5,686667000,35.5,4.15,36.4,44.2,50.5,18.3,17.7
2021-10-04 13:00:00,-5,686667600,35.3,4.15,36.4,44.2,50.5,18.3,17.7
2021-10-04 13:10:00,-5,686668200,36.0,4.15,36.5,44.2,50.3,18.4,17.7
2021-10-04 13:20:00,-5,686668800,35.3,4.15,36.4,44.2,50.4,18.5,17.7
2021-10-04 13:30:00,-5,686669400,32.3,4.15,36.5,44.3,50.4,18.5,17.7
2021-10-04 13:40:00,-5,686670000,31.5,4.15,36.5,44.2,50.3,18.5,17.7
2021-10-04 13:50:00,-5,686670600,32.0,4.15,36.5,44.3,50.4,18.6,17.7
2021-10-04 14:00:00,-5,686671200,31.8,4.15,36.5,44.3,50.4,18.6,17.7
2021-10-04 14:10:00,-5,686671800,31.8,4.15,36.5,44.3,50.4,18.6,17.8
2021-10-04 14:20:00,-5,686672400,29.8,4.15,36.5,44.3,50.4,18.6,17.8
2021-10-04 14:30:00,-5,686673000,28.8,4.15,36.6,44.2,50.3,18.6,17.7
2021-10-04 14:40:00,-5,686673600,28.8,4.15,36.6,44.3,50.4,18.6,17.8
2021-10-04 14:50:00,-5,686674200,27.5,4.15,36.6,44.3,50.4,18.6,17.7
2021-10-04 15:00:00,-5,686674800,26.3,4.15,36.6,44.3,50.3,18.8,17.8
2021-10-04 15:10:00,-5,686675400,25.5,4.15,36.6,44.4,50.5,18.6,17.8
2021-10-04 15:20:00,-5,686676000,25.3,4.15,36.6,44.3,50.3,18.8,17.8
2021-10-04 15:30:00,-5,686676600,25.3,4.15,36.6,44.4,50.5,18.8,17.7
2021-10-04 15:40:00,-5,686677200,25.5,4.15,36.6,44.4,50.5,19.0,17.7
2021-10-04 16:10:00,-5,686679000,24.3,4.15,36.6,44.3,50.5,18.7,17.8
2021-10-04 16:20:00,-5,686679600,23.5,4.15,36.6,44.4,50.3,18.8,17.7
2021-10-04 16:30:00,-5,686680200,23.3,4.15,36.6,44.4,50.3,18.8,17.8
2021-10-04 16:40:00,-5,686680800,22.8,4.15,36.6,44.4,50.3,19.0,17.7
2021-10-04 16:50:00,-5,686681400,22.5,4.15,36.6,44.4,50.3,18.8,17.8
2021-10-04 17:00:00,-5,686682000,22.3,4.15,36.6,44.5,50.4,19.0,17.8
2021-10-04 17:10:00,-5,686682600,22.0,4.15,36.6,44.4,50.3,19.0,18.0
2021-10-04 17:20:00,-5,686683200,21.8,4.15,36.6,44.4,50.3,19.0,17.8
2021-10-04 17:30:00,-5,686683800,21.3,4.15,36.6,44.4,50.3,19.1,17.8
2021-10-04 17:40:00,-5,686684400,20.8,4.15,36.6,44.4,50.3,19.1,17.8
2021-10-04 17:50:00,-5,686685000,20.8,4.15,36.5,44.5,50.5,19.1,17.8
2021-10-04 18:00:00,-5,686685600,20.0,4.15,36.6,44.5,50.3,19.0,17.8
2021-10-04 18:10:00,-5,686686200,20.0,4.15,36.6,44.5,50.3,19.1,17.7
2021-10-04 18:20:00,-5,686686800,20.5,4.15,36.5,44.5,50.5,19.1,17.8
2021-10-04 18:30:00,-5,686687400,20.5,4.15,36.5,44.5,50.3,19.0,18.0
2021-10-04 18:40:00,-5,686688000,20.3,4.15,36.5,44.5,50.3,19.1,17.8
2021-10-04 18:50:00,-5,686688600,20.0,4.15,36.5,44.5,50.3,19.1,18.0
2021-10-04 19:00:00,-5,686689200,20.0,4.15,36.5,44.5,50.5,19.0,18.0
2021-10-04 19:10:00,-5,686689800,19.5,4.15,36.5,44.5,50.3,19.0,17.8
2021-10-04 19:20:00,-5,686690400,19.3,4.14,36.4,44.5,50.5,19.1,18.0
2021-10-04 19:30:00,-5,686691000,19.0,4.14,36.5,44.5,50.3,19.0,18.0
2021-10-04 19:40:00,-5,686691600,19.0,4.14,36.4,44.5,50.3,19.1,18.0
2021-10-04 19:50:00,-5,686692200,19.3,4.14,36.4,44.5,50.3,19.2,18.1
2021-10-04 20:00:00,-5,686692800,19.3,4.14,36.4,44.6,50.5,19.1,18.0
2021-10-04 20:10:00,-5,686693400,18.8,4.14,36.4,44.5,50.3,19.1,18.1
2021-10-04 20:20:00,-5,686694000,18.5,4.14,36.3,44.6,50.5,19.1,18.0
2021-10-04 20:40:00,-5,686695200,18.5,4.14,36.4,44.5,50.3,19.1,18.1
2021-10-04 20:50:00,-5,686695800,18.8,4.14,36.4,44.5,50.3,19.0,18.1
2021-10-04 21:00:00,-5,686696400,18.5,4.14,36.3,44.5,50.4,19.2,18.0
2021-10-04 21:10:00,-5,686697000,18.3,4.14,36.3,44.5,50.3,19.1,18.1
2021-10-04 21:20:00,-5,686697600,18.3,4.14,36.2,44.6,50.5,19.1,18.1
2021-10-04 21:30:00,-5,686698200,18.3,4.14,36.2,44.6,50.5,19.1,18.1
2021-10-04 21:40:00,-5,686698800,18.5,4.14,36.3,44.5,50.4,19.1,18.1
2021-10-04 21:50:00,-5,686699400,18.8,4.14,36.3,44.5,50.3,19.0,18.1
2021-10-04 22:00:00,-5,686700000,19.0,4.14,36.2,44.6,50.5,19.0,18.1
2021-10-04 22:10:00,-5,686700600,19.3,4.14,36.2,44.6,50.5,19.2,18.2
2021-10-04 22:20:00,-5,686701200,19.5,4.14,36.2,44.5,50.3,19.1,18.1
2021-10-04 22:30:00,-5,686701800,19.5,4.14,36.2,44.5,50.3,19.1,18.1
2021-10-04 22:40:00,-5,686702400,19.8,4.14,36.1,44.6,50.5,19.1,18.1
2021-10-04 22:50:00,-5,686703000,19.8,4.14,36.1,44.6,50.5,19.0,18.1
2021-10-04 23:00:00,-5,686703600,20.0,4.14,36.2,44.5,50.4,19.1,18.1
2021-10-04 23:10:00,-5,686704200,20.0,4.14,36.2,44.5,50.3,19.1,18.1
2021-10-04 23:20:00,-5,686704800,20.3,4.14,36.1,44.6,50.5,19.0,18.2
2021-10-04 23:30:00,-5,686705400,20.3,4.14,36.1,44.6,50.5,19.1,18.1
2021-10-04 23:40:00,-5,686706000,20.3,4.14,36.1,44.6,50.5,19.1,18.2
2021-10-04 23:50:00,-5,686706600,20.3,4.14,36.1,44.6,50.5,19.1,18.2
2021-10-05 00:00:00,-5,686707200,20.3,4.14,36.2,44.5,50.3,19.0,18.2
2021-10-05 00:10:00,-5,686707800,20.3,4.14,41.8,44.6,50.3,19.0,18.2
2021-10-05 00:20:00,-5,686708400,20.5,4.14,42.0,44.7,50.3,19.1,18.2
2021-10-05 00:30:00,-5,686709000,20.3,4.14,42.1,44.9,50.4,19.1,18.3
2021-10-05 00:40:00,-5,686709600,20.3,4.14,42.0,45.1,50.5,19.1,18.1
2021-10-05 00:50:00,-5,686710200,20.0,4.14,42.0,45.2,50.4,19.0,18.2
2021-10-05 01:00:00,-5,686710800,19.8,4.14,42.0,45.4,50.4,19.1,18.3
2021-10-05 01:10:00,-5,686711400,19.5,4.14,41.9,45.5,50.4,19.1,18.3
2021-10-05 01:20:00,-5,686712000,19.3,4.14,41.8,45.7,50.5,19.1,18.3
2021-10-05 01:30:00,-5,686712600,19.3,4.14,43.3,45.8,50.4,19.0,18.3
2021-10-05 01:40:00,-5,686713200,19.3,4.14,43.9,46.0,50.5,19.1,18.3
2021-10-05 01:50:00,-5,686713800,19.3,4.14,43.9,46.6,50.4,19.0,18.3
2021-10-05 02:00:00,-5,686714400,19.0,4.14,43.5,47.0,50.6,19.1,18.2
2021-10-05 02:10:00,-5,686715000,19.0,4.14,43.4,47.3,50.6,19.1,18.2
2021-10-05 02:20:00,-5,686715600,19.0,4.14,46.2,48.1,50.6,19.0,18.3
2021-10-05 02:30:00,-5,686716200,19.0,4.14,46.5,50.4,51.9,19.1,18.3
2021-10-05 02:40:00,-5,686716800,19.0,4.14,46.7,50.4,53.8,19.2,18.2
2021-10-05 02:50:00,-5,686717400,19.0,4.14,46.5,50.5,55.0,19.1,18.2
2021-10-05 03:00:00,-5,686718000,18.8,4.14,46.2,50.5,55.2,19.1,18.3
2021-10-05 03:10:00,-5,686718600,18.8,4.12,45.9,50.5,55.3,19.1,18.3
2021-10-05 03:20:00,-5,686719200,18.8,4.12,45.8,50.5,55.2,19.1,18.3
2021-10-05 03:30:00,-5,686719800,18.8,4.12,45.6,50.6,55.4,19.1,18.3
2021-10-05 03:40:00,-5,686720400,18.8,4.12,45.4,50.5,55.2,19.1,18.3
2021-10-05 03:50:00,-5,686721000,18.8,4.12,45.2,50.6,55.4,19.1,18.3
2021-10-05 04:00:00,-5,686721600,18.8,4.12,45.1,50.5,55.2,19.1,18.5
2021-10-05 04:10:00,-5,686722200,18.5,4.12,44.8,50.5,55.2,19.1,18.4
2021-10-05 04:20:00,-5,686722800,18.5,4.12,44.5,50.5,55.3,19.0,18.3
2021-10-05 04:30:00,-5,686723400,18.5,4.12,44.3,50.4,55.2,19.0,18.3
2021-10-05 04:40:00,-5,686724000,18.8,4.12,43.8,50.4,55.3,19.1,18.3
2021-10-05 04:50:00,-5,686724600,18.8,4.12,43.8,50.3,55.2,19.1,18.3
2021-10-05 05:00:00,-5,686725200,18.8,4.12,43.5,50.4,55.3,19.1,18.5
2021-10-05 05:10:00,-5,686725800,19.0,4.12,43.2,50.4,55.3,19.1,18.4
2021-10-05 05:20:00,-5,686726400,18.8,4.12,42.9,50.3,55.2,19.1,18.4
2021-10-05 05:30:00,-5,686727000,18.5,4.12,42.8,50.3,55.1,19.0,18.5
2021-10-05 05:40:00,-5,686727600,18.3,4.12,42.7,50.3,55.2,19.1,18.4
2021-10-05 05:50:00,-5,686728200,18.3,4.12,42.5,50.3,55.2,19.1,18.4
2021-10-05 06:00:00,-5,686728800,18.3,4.12,42.4,50.3,55.2,19.1,18.5
2021-10-05 06:10:00,-5,686729400,18.0,4.12,42.3,50.2,55.1,19.1,18.5
2021-10-05 06:20:00,-5,686730000,18.0,4.12,42.2,50.2,55.2,19.1,18.4
2021-10-05 06:30:00,-5,686730600,18.0,4.12,42.2,50.2,55.1,19.1,18.4
2021-10-05 06:40:00,-5,686731200,18.0,4.12,42.1,50.2,55.1,19.0,18.5
2021-10-05 06:50:00,-5,686731800,18.0,4.12,42.0,50.2,55.2,19.1,18.5
2021-10-05 07:00:00,-5,686732400,17.8,4.12,41.8,50.0,55.2,19.1,18.5
2021-10-05 07:10:00,-5,686733000,17.8,4.12,41.6,50.0,55.2,19.1,18.5
2021-10-05 07:20:00,-5,686733600,17.8,4.12,41.6,50.0,55.2,19.1,18.5
2021-10-05 07:30:00,-5,686734200,17.8,4.12,41.6,50.0,55.0,19.1,18.4
2021-10-05 07:40:00,-5,686734800,17.8,4.12,41.5,50.0,55.0,19.0,18.5
2021-10-05 07:50:00,-5,686735400,18.0,4.12,41.5,50.0,55.1,19.1,18.5
2021-10-05 08:00:00,-5,686736000,18.0,4.12,41.4,50.0,55.2,19.1,18.5
2021-10-05 08:10:00,-5,686736600,18.0,4.12,41.4,50.0,55.1,19.2,18.4
2021-10-05 08:20:00,-5,686737200,18.0,4.12,41.3,49.9,55.1,19.0,18.3
2021-10-05 08:30:00,-5,686737800,18.3,4.12,41.3,49.8,55.0,19.1,18.4
2021-10-05 08:40:00,-5,686738400,18.5,4.12,41.3,49.8,55.0,19.1,18.4
2021-10-05 08:50:00,-5,686739000,18.8,4.12,41.2,49.8,55.1,19.1,18.5
2021-10-05 09:00:00,-5,686739600,19.3,4.14,41.2,49.8,55.0,19.0,18.5
2021-10-05 09:10:00,-5,686740200,19.5,4.14,41.2,49.8,55.0,19.1,18.6
2021-10-05 09:20:00,-5,686740800,19.5,4.14,41.2,49.8,55.0,19.0,18.5
2021-10-05 09:30:00,-5,686741400,19.3,4.14,41.1,49.7,55.0,19.1,18.4
2021-10-05 09:40:00,-5,686742000,19.5,4.14,41.1,49.7,55.0,19.1,18.5
2021-10-05 09:50:00,-5,686742600,20.0,4.14,41.0,49.8,55.2,19.0,18.5
2021-10-05 10:00:00,-5,686743200,20.3,4.14,41.1,49.7,55.0,19.0,18.4
2021-10-05 10:10:00,-5,686743800,20.3,4.14,41.0,49.8,55.1,19.1,18.5
2021-10-05 10:20:00,-5,686744400,20.3,4.14,41.0,49.7,55.1,19.0,18.5
2021-10-05 10:30:00,-5,686745000,20.3,4.14,40.9,49.7,55.1,19.1,18.5
2021-10-05 10:40:00,-5,686745600,21.0,4.14,40.9,49.7,55.1,19.0,18.5
2021-10-05 10:50:00,-5,686746200,20.8,4.14,40.9,49.7,55.1,19.1,18.4
2021-10-05 11:00:00,-5,686746800,20.8,4.14,40.9,49.7,55.0,18.8,18.5
2021-10-05 11:10:00,-5,686747400,20.5,4.14,40.9,49.7,55.1,19.1,18.5
2021-10-05 11:20:00,-5,686748000,20.3,4.14,40.9,49.6,55.0,19.0,18.4
2021-10-05 11:30:00,-5,686748600,20.8,4.14,40.9,49.6,55.0,19.1,18.5
2021-10-05 11:40:00,-5,686749200,21.3,4.14,40.9,49.6,55.0,19.0,18.5
2021-10-05 11:50:00,-5,686749800,21.3,4.14,40.8,49.7,55.1,19.1,18.5
2021-10-05 12:00:00,-5,686750400,21.0,4.14,40.8,49.7,55.1,19.1,18.4
2021-10-05 12:10:00,-5,686751000,21.0,4.14,40.8,49.6,55.0,19.1,18.5
2021-10-05 12:20:00,-5,686751600,21.3,4.14,40.8,49.6,55.0,19.0,18.5
2021-10-05 12:30:00,-5,686752200,21.3,4.14,40.8,49.6,55.0,18.8,18.5
2021-10-05 12:40:00,-5,686752800,21.5,4.14,40.8,49.6,55.0,19.1,18.5
2021-10-05 12:50:00,-5,686753400,21.5,4.14,40.7,49.6,55.1,19.0,18.4
2021-10-05 13:00:00,-5,686754000,21.0,4.14,40.7,49.6,55.1,19.1,18.5
2021-10-05 13:10:00,-5,686754600,20.5,4.14,40.7,49.6,55.1,19.1,18.5
2021-10-05 13:20:00,-5,686755200,20.8,4.15,40.7,49.6,55.1,19.1,18.5
2021-10-05 13:30:00,-5,686755800,21.5,4.15,40.7,49.5,55.0,19.1,18.5
2021-10-05 13:40:00,-5,686756400,21.3,4.15,40.7,49.5,55.0,19.1,18.5
2021-10-05 13:50:00,-5,686757000,21.0,4.15,40.7,49.5,55.0,19.1,18.5
2021-10-05 14:00:00,-5,686757600,21.0,4.15,40.7,49.5,55.0,19.1,18.5
2021-10-05 14:10:00,-5,686758200,21.0,4.15,40.6,49.6,55.1,19.1,18.5
2021-10-05 14:20:00,-5,686758800,20.5,4.15,40.6,49.6,55.1,19.0,18.5
2021-10-05 14:30:00,-5,686759400,20.3,4.15,40.6,49.5,54.9,19.1,18.5
2021-10-05 14:40:00,-5,686760000,20.5,4.15,40.6,49.6,55.1,19.1,18.5
2021-10-05 14:50:00,-5,686760600,20.8,4.15,40.6,49.6,55.1,19.0,18.5
2021-10-05 15:00:00,-5,686761200,20.5,4.15,40.6,49.5,55.1,19.0,18.5
2021-10-05 15:10:00,-5,686761800,20.0,4.15,40.5,49.5,55.1,19.0,18.5
2021-10-05 15:20:00,-5,686762400,20.0,4.15,40.5,49.5,55.1,19.0,18.5
2021-10-05 15:30:00,-5,686763000,20.0,4.15,40.5,49.5,55.0,18.8,18.5
2021-10-05 15:40:00,-5,686763600,20.0,4.15,40.5,49.5,55.1,19.0,18.5
2021-10-05 15:50:00,-5,686764200,19.8,4.15,40.5,49.5,55.0,19.1,18.5
2021-10-05 16:00:00,-5,686764800,19.5,4.15,40.5,49.5,55.0,19.0,18.5
2021-10-05 16:10:00,-5,686765400,19.5,4.15,40.5,49.5,55.0,19.1,18.5
2021-10-05 16:20:00,-5,686766000,19.5,4.15,40.5,49.4,54.9,19.1,18.5
2021-10-05 16:30:00,-5,686766600,19.5,4.15,40.4,49.5,55.0,19.1,18.5
2021-10-05 16:40:00,-5,686767200,19.3,4.15,40.5,49.4,54.7,19.2,18.5
2021-10-05 16:50:00,-5,686767800,19.3,4.15,40.5,49.4,54.7,19.1,18.5
2021-10-05 17:00:00,-5,686768400,19.3,4.14,40.4,49.5,54.8,19.1,18.4
2021-10-05 17:10:00,-5,686769000,19.3,4.14,40.5,49.4,54.7,19.2,18.5
2021-10-05 17:20:00,-5,686769600,19.0,4.14,40.4,49.5,54.8,19.1,18.5
2021-10-05 17:30:00,-5,686770200,18.8,4.14,40.4,49.5,54.8,19.1,18.5
2021-10-05 17:40:00,-5,686770800,18.5,4.14,40.4,49.4,54.7,19.1,18.5
2021-10-05 17:50:00,-5,686771400,18.5,4.14,40.4,49.4,54.7,19.1,18.5
2021-10-05 18:00:00,-5,686772000,18.5,4.14,40.4,49.5,54.8,19.2,18.5
2021-10-05 18:10:00,-5,686772600,18.5,4.14,40.4,49.4,54.6,19.1,18.5
2021-10-05 18:20:00,-5,686773200,18.3,4.14,40.3,49.4,54.8,19.0,18.5
2021-10-05 18:30:00,-5,686773800,18.3,4.14,40.3,49.4,54.8,19.1,18.5
2021-10-05 18:40:00,-5,686774400,18.3,4.14,40.3,49.4,54.8,19.1,18.5
2021-10-05 18:50:00,-5,686775000,18.3,4.14,40.3,49.4,54.5,19.1,18.4
2021-10-05 19:00:00,-5,686775600,18.3,4.14,40.3,49.4,54.7,19.1,18.5
2021-10-05 19:10:00,-5,686776200,18.3,4.14,40.3,49.4,54.7,19.1,18.5
2021-10-05 19:20:00,-5,686776800,18.3,4.14,40.3,49.3,54.5,19.1,18.5
2021-10-05 19:30:00,-5,686777400,18.3,4.14,40.3,49.3,54.5,19.1,18.5
2021-10-05 19:40:00,-5,686778000,18.3,4.14,40.2,49.4,54.6,19.1,18.5
2021-10-05 19:50:00,-5,686778600,18.0,4.14,40.2,49.4,54.7,19.1,18.5
2021-10-05 20:00:00,-5,686779200,18.0,4.14,40.2,49.4,54.6,19.2,18.5
2021-10-05 20:10:00,-5,686779800,18.0,4.14,40.2,49.3,54.5,19.1,18.5
2021-10-05 20:20:00,-5,686780400,18.3,4.14,40.2,49.3,54.5,19.1,18.6
2021-10-05 20:30:00,-5,686781000,18.3,4.14,40.2,49.4,54.6,19.1,18.5
2021-10-05 20:40:00,-5,686781600,18.0,4.14,40.1,49.4,54.6,19.1,18.6
2021-10-05 20:50:00,-5,686782200,18.3,4.14,40.1,49.4,54.6,19.0,18.5
2021-10-05 21:00:00,-5,686782800,18.3,4.14,40.1,49.4,54.6,19.1,18.6
2021-10-05 21:10:00,-5,686783400,18.0,4.14,40.1,49.4,54.6,19.1,18.5
2021-10-05 21:20:00,-5,686784000,18.0,4.14,40.2,49.3,54.5,19.1,18.6
2021-10-05 21:30:00,-5,686784600,18.3,4.14,40.1,49.4,54.6,19.1,18.5
2021-10-05 21:40:00,-5,686785200,18.0,4.14,40.1,49.3,54.6,19.1,18.4
2021-10-05 21:50:00,-5,686785800,18.0,4.14,40.1,49.3,54.5,19.2,18.6
2021-10-05 22:00:00,-5,686786400,18.0,4.14,40.1,49.3,54.6,19.1,18.5
2021-10-05 22:10:00,-5,686787000,18.0,4.14,40.1,49.3,54.5,19.1,18.5
2021-10-05 22:20:00,-5,686787600,18.0,4.14,40.1,49.3,54.5,19.0,18.5
2021-10-05 22:30:00,-5,686788200,17.8,4.14,40.0,49.3,54.6,19.0,18.6
2021-10-05 22:40:00,-5,686788800,17.8,4.14,40.1,49.2,54.5,19.0,18.5
2021-10-05 22:50:00,-5,686789400,17.8,4.14,40.0,49.3,54.3,19.1,18.5
2021-10-05 23:00:00,-5,686790000,17.8,4.14,40.1,49.2,54.2,18.8,18.5
2021-10-05 23:10:00,-5,686790600,17.8,4.14,40.0,49.2,54.2,19.1,18.5
2021-10-05 23:20:00,-5,686791200,17.8,4.14,40.0,49.2,54.2,19.1,18.6
2021-10-05 23:30:00,-5,686791800,17.8,4.14,40.0,49.2,54.2,19.1,18.5
2021-10-05 23:40:00,-5,686792400,17.8,4.14,40.0,49.2,54.1,19.1,18.5
2021-10-05 23:50:00,-5,686793000,17.8,4.14,40.0,49.2,54.1,19.1,18.5
2021-10-06 00:00:00,-5,686793600,17.8,4.14,40.0,49.2,54.1,19.0,18.5
2021-10-06 00:30:00,-5,686795400,17.8,4.12,40.0,49.2,54.1,19.1,18.6
2021-10-06 01:20:00,-5,686798400,17.8,4.12,39.9,49.1,54.1,19.1,18.5
2021-10-06 01:30:00,-5,686799000,17.5,4.12,39.9,49.1,54.0,19.0,18.5
2021-10-06 01:40:00,-5,686799600,17.5,4.12,39.9,49.1,54.0,19.1,18.5
2021-10-06 01:50:00,-5,686800200,17.5,4.12,39.9,49.1,54.0,19.1,18.5
2021-10-06 02:00:00,-5,686800800,17.5,4.12,39.9,49.1,54.0,19.1,18.4
2021-10-06 02:10:00,-5,686801400,17.5,4.12,39.8,49.1,54.0,19.1,18.4
2021-10-06 02:20:00,-5,686802000,17.5,4.12,39.8,49.1,54.1,19.1,18.5
2021-10-06 02:30:00,-5,686802600,17.5,4.12,39.8,49.1,54.1,19.1,18.5
2021-10-06 02:40:00,-5,686803200,17.3,4.12,39.8,49.0,54.0,19.1,18.6
2021-10-06 02:50:00,-5,686803800,17.5,4.12,39.8,49.0,54.0,19.0,18.6
2021-10-06 03:00:00,-5,686804400,17.3,4.12,39.7,49.1,54.1,19.1,18.6
2021-10-06 03:10:00,-5,686805000,17.3,4.12,39.8,48.6,54.0,19.1,18.5
2021-10-06 03:20:00,-5,686805600,17.3,4.12,39.8,48.5,54.0,19.1,18.6
2021-10-06 03:30:00,-5,686806200,17.3,4.12,39.8,48.4,53.9,19.0,18.5
2021-10-06 03:40:00,-5,686806800,17.3,4.12,39.8,48.4,53.9,19.1,18.6
2021-10-06 04:00:00,-5,686808000,17.3,4.12,39.7,48.4,53.4,19.1,18.5
2021-10-06 04:20:00,-5,686809200,17.3,4.11,39.7,48.4,53.4,19.0,18.5
2021-10-06 04:40:00,-5,686810400,17.3,4.11,39.7,48.4,53.4,19.0,18.5
2021-10-06 04:50:00,-5,686811000,17.3,4.11,39.7,48.3,53.3,19.1,18.5
2021-10-06 05:20:00,-5,686812800,17.3,4.11,39.7,48.3,53.3,19.1,18.6
2021-10-06 05:30:00,-5,686813400,17.3,4.11,39.6,48.3,53.4,18.8,18.5
2021-10-06 05:40:00,-5,686814000,17.3,4.11,39.7,48.2,53.2,19.1,18.6
2021-10-06 05:50:00,-5,686814600,17.3,4.11,39.6,48.3,53.3,18.8,18.4
2021-10-06 06:00:00,-5,686815200,17.3,4.11,39.6,48.2,53.2,19.0,18.5
2021-10-06 06:10:00,-5,686815800,17.3,4.11,39.6,48.2,53.2,19.1,18.4
2021-10-06 06:20:00,-5,686816400,17.3,4.11,39.6,48.2,53.2,18.8,18.6
2021-10-06 06:40:00,-5,686817600,17.8,4.11,39.6,48.2,53.2,18.8,18.5
2021-10-06 07:10:00,-5,686819400,18.5,4.11,39.6,48.1,53.2,19.0,18.5
2021-10-06 08:30:00,-5,686824200,21.5,4.11,39.5,48.1,53.1,18.8,18.6
2021-10-06 08:40:00,-5,686824800,22.3,4.11,39.5,48.1,53.1,19.0,18.5
2021-10-06 09:00:00,-5,686826000,22.8,4.11,39.5,48.1,53.1,18.8,18.5
2021-10-06 09:10:00,-5,686826600,22.8,4.11,39.5,48.0,53.1,18.8,18.6
2021-10-06 10:50:00,-5,686832600,24.3,4.11,39.5,48.0,53.0,19.0,18.5
2021-10-06 11:00:00,-5,686833200,25.5,4.12,39.5,48.0,53.0,19.0,18.6
2021-10-06 11:10:00,-5,686833800,25.3,4.12,39.4,48.0,53.1,19.0,18.5
2021-10-06 11:20:00,-5,686834400,25.8,4.12,39.5,48.0,53.0,19.0,18.5
2021-10-06 11:30:00,-5,686835000,25.3,4.12,39.5,48.0,53.0,18.8,18.5
2021-10-06 11:40:00,-5,686835600,25.0,4.12,39.5,47.9,53.0,18.8,18.5
2021-10-06 11:50:00,-5,686836200,25.0,4.12,39.5,47.9,53.0,18.8,18.5
2021-10-06 12:00:00,-5,686836800,25.3,4.12,39.5,47.9,53.0,19.1,18.4
2021-10-06 12:10:00,-5,686837400,25.5,4.12,39.5,48.0,53.1,19.0,18.5
2021-10-06 12:20:00,-5,686838000,25.8,4.12,39.5,48.0,53.1,18.8,18.5
2021-10-06 12:30:00,-5,686838600,25.0,4.12,39.5,47.9,53.0,18.8,18.5
2021-10-06 12:40:00,-5,686839200,24.3,4.12,39.5,47.9,53.0,18.8,18.5
2021-10-06 12:50:00,-5,686839800,24.0,4.12,39.5,47.9,53.0,18.8,18.5
2021-10-06 13:00:00,-5,686840400,24.3,4.12,39.5,47.9,53.0,19.0,18.5
2021-10-06 13:10:00,-5,686841000,24.8,4.12,39.5,48.0,53.1,18.8,18.5
2021-10-06 13:20:00,-5,686841600,24.8,4.12,39.5,47.9,53.1,19.0,18.5
2021-10-06 13:30:00,-5,686842200,25.3,4.12,39.5,47.9,53.0,18.8,18.5
2021-10-06 13:40:00,-5,686842800,25.5,4.12,39.5,47.9,53.0,18.8,18.5
2021-10-06 13:50:00,-5,686843400,25.8,4.12,39.5,47.9,53.0,19.1,18.5
2021-10-06 14:10:00,-5,686844600,25.8,4.12,39.5,47.9,52.9,19.0,18.5
2021-10-06 14:30:00,-5,686845800,25.0,4.12,39.5,47.9,52.9,19.0,18.5
2021-10-06 14:50:00,-5,686847000,24.8,4.12,39.5,47.9,52.9,19.0,18.5
2021-10-06 15:00:00,-5,686847600,25.3,4.14,39.5,47.9,52.9,19.1,18.5
2021-10-06 15:10:00,-5,686848200,25.0,4.14,39.5,47.9,53.0,19.1,18.5
2021-10-06 15:20:00,-5,686848800,25.0,4.14,39.5,47.9,52.9,18.8,18.5
2021-10-06 15:30:00,-5,686849400,25.0,4.14,39.5,47.8,52.9,19.1,18.4
2021-10-06 15:40:00,-5,686850000,25.0,4.14,39.5,47.9,53.0,19.1,18.5
2021-10-06 15:50:00,-5,686850600,24.5,4.14,39.5,47.8,52.9,19.1,18.5
2021-10-06 16:00:00,-5,686851200,24.3,4.14,39.5,47.8,52.9,19.1,18.5
2021-10-06 16:10:00,-5,686851800,24.0,4.14,39.5,47.9,53.0,19.1,18.6
2021-10-06 16:20:00,-5,686852400,23.3,4.14,39.5,47.8,52.9,19.1,18.5
2021-10-06 16:30:00,-5,686853000,23.0,4.14,39.5,47.8,52.9,19.1,18.4
2021-10-06 16:40:00,-5,686853600,22.8,4.14,39.5,47.8,52.9,19.1,18.5
2021-10-06 16:50:00,-5,686854200,21.8,4.14,39.5,47.8,52.9,19.0,18.5
2021-10-06 17:00:00,-5,686854800,21.0,4.12,39.4,47.9,53.0,19.1,18.6
2021-10-06 17:10:00,-5,686855400,20.8,4.12,39.5,47.8,52.9,19.0,18.5
2021-10-06 17:20:00,-5,686856000,20.3,4.12,39.5,47.8,52.9,19.1,18.5
2021-10-06 17:30:00,-5,686856600,19.8,4.12,39.4,47.9,53.0,19.1,18.6
2021-10-06 17:40:00,-5,686857200,19.3,4.12,39.4,47.9,53.0,19.1,18.5
2021-10-06 17:50:00,-5,686857800,18.8,4.12,39.4,47.9,53.0,19.1,18.6
2021-10-06 18:00:00,-5,686858400,18.8,4.12,39.4,47.9,53.0,19.0,18.6
2021-10-06 18:10:00,-5,686859000,18.8,4.12,39.5,47.8,52.8,19.1,18.5
2021-10-06 18:20:00,-5,686859600,18.5,4.12,39.4,47.9,53.0,19.1,18.5
2021-10-06 18:30:00,-5,686860200,18.5,4.12,39.4,47.9,53.0,19.1,18.6
2021-10-06 18:40:00,-5,686860800,18.5,4.12,39.4,47.8,52.8,19.1,18.5
2021-10-06 18:50:00,-5,686861400,18.3,4.12,39.4,47.8,52.8,19.1,18.5
2021-10-06 19:00:00,-5,686862000,17.8,4.12,39.3,47.9,52.9,19.1,18.5
2021-10-06 19:10:00,-5,686862600,17.3,4.12,39.3,47.8,52.9,19.1,18.5
2021-10-06 19:20:00,-5,686863200,17.0,4.12,39.4,47.8,52.8,19.1,18.5
2021-10-06 19:30:00,-5,686863800,17.0,4.12,39.4,47.8,52.8,19.2,18.5
2021-10-06 19:40:00,-5,686864400,16.8,4.12,39.2,47.8,52.9,19.1,18.6
2021-10-06 19:50:00,-5,686865000,16.5,4.12,39.2,47.8,52.9,19.1,18.5
2021-10-06 20:00:00,-5,686865600,16.5,4.12,39.2,47.8,52.9,19.1,18.6
2021-10-06 20:20:00,-5,686866800,16.5,4.12,39.2,47.8,52.8,19.1,18.6
2021-10-06 20:30:00,-5,686867400,16.5,4.12,39.2,47.8,52.8,19.1,18.6
2021-10-06 20:50:00,-5,686868600,17.0,4.12,39.2,47.7,52.8,19.1,18.6
2021-10-06 21:00:00,-5,686869200,17.0,4.12,39.3,47.8,52.8,19.1,18.6
2021-10-06 21:10:00,-5,686869800,17.3,4.12,39.3,47.7,52.8,19.3,18.6
2021-10-06 22:20:00,-5,686874000,17.5,4.11,39.2,47.7,52.7,19.1,18.6
2021-10-06 22:30:00,-5,686874600,17.5,4.11,39.3,47.7,52.7,19.2,18.6
2021-10-06 22:50:00,-5,686875800,17.3,4.11,39.3,47.7,52.7,19.2,18.6
2021-10-06 23:00:00,-5,686876400,17.3,4.11,39.3,47.7,52.7,19.1,18.6
2021-10-06 23:10:00,-5,686877000,17.3,4.11,39.3,47.7,52.7,19.1,18.6
2021-10-06 23:30:00,-5,686878200,17.0,4.11,39.3,47.6,52.9,19.1,18.6
2021-10-06 23:40:00,-5,686878800,17.0,4.11,39.3,47.7,52.7,19.1,18.6
2021-10-06 23:50:00,-5,686879400,17.0,4.11,39.3,47.6,52.7,19.1,18.6
2021-10-07 00:00:00,-5,686880000,17.0,4.11,39.3,47.6,52.7,19.1,18.6
2021-10-07 00:10:00,-5,686880600,17.0,4.11,39.3,47.6,52.7,19.1,18.7
2021-10-07 00:30:00,-5,686881800,17.3,4.11,39.3,47.7,52.8,19.1,18.6
2021-10-07 00:40:00,-5,686882400,17.3,4.11,39.4,47.6,52.7,19.1,18.7
2021-10-07 00:50:00,-5,686883000,17.3,4.11,39.3,47.7,52.8,19.0,18.6
2021-10-07 01:10:00,-5,686884200,17.3,4.11,39.3,47.6,52.7,19.0,18.6
2021-10-07 01:20:00,-5,686884800,17.3,4.11,39.3,47.6,52.8,19.1,18.6
2021-10-07 01:30:00,-5,686885400,17.0,4.11,39.3,47.6,52.8,19.1,18.7
2021-10-07 01:40:00,-5,686886000,17.0,4.11,39.3,47.6,52.7,19.1,18.6
2021-10-07 01:50:00,-5,686886600,17.0,4.11,39.3,47.6,52.7,19.1,18.6
2021-10-07 02:00:00,-5,686887200,17.0,4.11,39.2,47.6,52.8,19.1,18.5
2021-10-07 02:20:00,-5,686888400,16.8,4.11,39.2,47.5,52.7,19.1,18.7
2021-10-07 02:30:00,-5,686889000,16.8,4.11,39.2,47.5,52.7,19.1,18.6
2021-10-07 02:40:00,-5,686889600,16.8,4.11,39.1,47.5,52.7,19.1,18.6
2021-10-07 02:50:00,-5,686890200,16.8,4.11,39.0,47.6,52.8,19.1,18.6
2021-10-07 03:00:00,-5,686890800,16.8,4.11,39.1,47.5,52.6,19.1,18.6
2021-10-07 03:10:00,-5,686891400,16.8,4.11,39.2,47.5,52.7,19.1,18.6
2021-10-07 03:20:00,-5,686892000,17.0,4.11,39.2,47.5,52.7,19.0,18.6
2021-10-07 03:30:00,-5,686892600,17.0,4.09,39.2,47.5,52.6,19.0,18.7
2021-10-07 03:40:00,-5,686893200,17.0,4.09,39.2,47.5,52.6,19.0,18.6
2021-10-07 04:00:00,-5,686894400,17.0,4.09,39.2,47.5,52.6,19.2,18.5
2021-10-07 04:10:00,-5,686895000,17.0,4.09,39.2,47.5,52.6,19.0,18.6
2021-10-07 04:20:00,-5,686895600,17.0,4.09,39.1,47.5,52.7,19.0,18.6
2021-10-07 04:30:00,-5,686896200,17.0,4.09,39.2,47.5,52.6,19.1,18.6
2021-10-07 04:40:00,-5,686896800,17.0,4.09,39.2,47.5,52.6,19.0,18.6
2021-10-07 04:50:00,-5,686897400,17.0,4.09,39.2,47.4,52.6,19.1,18.6
2021-10-07 05:10:00,-5,686898600,16.8,4.09,39.2,47.4,52.6,19.0,18.6
2021-10-07 05:20:00,-5,686899200,16.8,4.09,39.2,47.4,52.6,19.0,18.6
2021-10-07 05:30:00,-5,686899800,16.5,4.09,39.2,47.5,52.7,19.0,18.6
2021-10-07 05:40:00,-5,686900400,16.5,4.09,39.3,47.4,52.6,19.0,18.6
2021-10-07 05:50:00,-5,686901000,16.5,4.09,39.3,47.5,52.7,19.1,18.6
2021-10-07 06:00:00,-5,686901600,16.5,4.09,39.2,47.5,52.7,18.8,18.6
2021-10-07 06:10:00,-5,686902200,16.5,4.09,39.3,47.4,52.6,18.8,18.6
2021-10-07 06:20:00,-5,686902800,16.5,4.09,39.3,47.4,52.6,19.1,18.6
2021-10-07 06:30:00,-5,686903400,17.0,4.09,39.3,47.4,52.6,19.0,18.6
2021-10-07 06:40:00,-5,686904000,17.3,4.09,39.3,47.4,52.7,18.8,18.6
2021-10-07 06:50:00,-5,686904600,17.5,4.09,39.3,47.4,52.6,19.1,18.6
2021-10-07 07:00:00,-5,686905200,18.0,4.09,39.3,47.4,52.7,18.8,18.5
2021-10-07 07:10:00,-5,686905800,18.8,4.09,39.4,47.4,52.6,18.8,18.6
2021-10-07 07:20:00,-5,686906400,19.5,4.09,39.3,47.3,52.6,18.8,18.6
2021-10-07 07:30:00,-5,686907000,20.0,4.09,39.3,47.3,52.6,19.0,18.6
2021-10-07 07:40:00,-5,686907600,20.5,4.11,39.3,47.4,52.7,19.0,18.6
2021-10-07 07:50:00,-5,686908200,20.8,4.11,39.3,47.4,52.7,19.1,18.6
2021-10-07 08:00:00,-5,686908800,21.8,4.11,39.3,47.4,52.7,18.8,18.5
2021-10-07 08:10:00,-5,686909400,23.8,4.11,39.3,47.4,52.7,18.8,18.6
2021-10-07 08:30:00,-5,686910600,27.0,4.12,39.4,47.3,52.5,18.8,18.6
2021-10-07 08:40:00,-5,686911200,29.3,4.12,39.4,47.3,52.5,18.8,18.5
