SL232 - Mayfly GPLP3 Logger
DateTime_EST,TZ-Offset,Loggertime,BoardTemp_C,Battery_V,Segment1_percent,Segment2_percent,Segment3_percent,T1_degC,T2_degC
2021-05-04 13:30:00,-5,673450200,40.8,4.14,51.0,48.5,50.1,16.8,15.3
2021-05-04 13:40:00,-5,673450800,39.8,4.26,50.9,48.4,50.1,16.7,15.5
2021-05-04 13:50:00,-5,673451400,38.8,4.26,50.9,48.4,50.0,16.7,15.3
2021-05-04 14:00:00,-5,673452000,38.3,4.26,50.9,48.4,50.1,16.7,15.5
2021-05-04 14:10:00,-5,673452600,37.0,4.26,50.9,48.4,50.1,16.8,15.3
2021-05-04 14:20:00,-5,673453200,36.3,4.26,50.8,48.5,50.0,17.0,15.5
2021-05-04 14:30:00,-5,673453800,36.5,4.26,50.8,48.5,50.0,17.0,15.5
2021-05-04 14:40:00,-5,673454400,36.8,4.26,50.8,48.5,50.0,16.8,15.5
2021-05-04 14:50:00,-5,673455000,34.8,4.26,50.8,48.5,50.0,17.0,15.5
2021-05-04 15:00:00,-5,673455600,34.3,4.26,50.7,48.5,50.0,16.8,15.5
2021-05-04 15:10:00,-5,673456200,35.0,4.26,50.7,48.5,50.0,17.0,15.5
2021-05-04 15:20:00,-5,673456800,33.0,4.26,50.7,48.5,50.1,17.0,15.5
2021-05-04 15:30:00,-5,673457400,33.0,4.26,50.7,48.6,50.1,17.0,15.5
2021-05-04 15:40:00,-5,673458000,31.0,4.26,50.6,48.6,50.1,17.1,15.5
2021-05-04 15:50:00,-5,673458600,30.3,4.26,50.6,48.6,50.0,17.2,15.5
2021-05-04 16:00:00,-5,673459200,30.0,4.26,50.5,48.6,50.0,17.2,15.4
2021-05-04 16:10:00,-5,673459800,29.8,4.26,50.5,48.6,50.1,17.2,15.5
2021-05-04 16:20:00,-5,673460400,28.3,4.26,50.5,48.6,50.0,17.3,15.5
2021-05-04 16:30:00,-5,673461000,27.8,4.26,50.4,48.6,50.0,17.2,15.6
2021-05-04 16:40:00,-5,673461600,27.5,4.26,50.4,48.6,50.1,17.2,15.6
2021-05-04 16:50:00,-5,673462200,27.8,4.26,50.4,48.6,50.1,17.2,15.6
2021-05-04 17:00:00,-5,673462800,27.3,4.26,50.3,48.6,50.1,17.5,15.5
2021-05-04 17:10:00,-5,673463400,26.8,4.26,50.3,48.6,50.1,17.2,15.6
2021-05-04 17:20:00,-5,673464000,26.8,4.26,50.3,48.6,50.1,17.3,15.6
2021-05-04 17:30:00,-5,673464600,27.0,4.26,50.3,48.6,50.1,17.5,15.5
2021-05-04 17:40:00,-5,673465200,26.8,4.26,50.2,48.6,50.1,17.5,15.6
2021-05-04 17:50:00,-5,673465800,26.8,4.26,50.2,48.6,50.1,17.5,15.7
2021-05-04 18:00:00,-5,673466400,26.3,4.26,50.2,48.7,50.1,17.3,15.7
2021-05-04 18:10:00,-5,673467000,25.8,4.26,50.2,48.7,50.1,17.6,15.6
2021-05-04 18:20:00,-5,673467600,25.0,4.26,50.2,48.7,50.1,17.5,15.5
2021-05-04 18:30:00,-5,673468200,24.8,4.26,50.1,48.7,50.1,17.3,15.5
2021-05-04 18:40:00,-5,673468800,24.8,4.26,50.1,48.7,50.1,17.5,15.6
2021-05-04 18:50:00,-5,673469400,24.3,4.26,50.1,48.7,50.1,17.5,15.6
2021-05-04 19:00:00,-5,673470000,24.3,4.26,50.1,48.7,50.1,17.5,15.6
2021-05-04 19:10:00,-5,673470600,23.8,4.26,50.1,48.7,50.1,17.5,15.6
2021-05-04 19:20:00,-5,673471200,23.5,4.26,50.1,48.7,50.1,17.5,15.6
2021-05-04 19:30:00,-5,673471800,23.3,4.26,50.0,48.7,50.1,17.5,15.7
2021-05-04 19:40:00,-5,673472400,23.0,4.26,50.0,48.7,50.1,17.6,15.7
2021-05-04 19:50:00,-5,673473000,23.0,4.26,50.0,48.7,50.1,17.5,15.7
2021-05-04 20:00:00,-5,673473600,23.0,4.26,50.0,48.7,50.1,17.6,15.7
2021-05-04 20:10:00,-5,673474200,22.8,4.26,50.0,48.7,50.1,17.6,15.7
2021-05-04 20:20:00,-5,673474800,22.5,4.26,50.0,48.7,50.1,17.6,15.7
2021-05-04 20:30:00,-5,673475400,22.3,4.26,50.0,48.7,50.1,17.6,15.6
2021-05-04 20:40:00,-5,673476000,22.3,4.26,50.0,48.7,50.1,17.6,15.6
2021-05-04 20:50:00,-5,673476600,22.3,4.25,50.0,48.7,50.1,17.7,15.7
2021-05-04 21:00:00,-5,673477200,21.5,4.26,50.0,48.7,50.0,17.7,15.7
2021-05-04 21:10:00,-5,673477800,21.0,4.25,50.0,48.7,50.0,17.6,15.7
2021-05-04 21:20:00,-5,673478400,20.8,4.25,49.9,48.8,50.0,17.6,15.7
2021-05-04 21:30:00,-5,673479000,20.8,4.25,49.9,48.8,50.2,17.7,15.8
2021-05-04 21:40:00,-5,673479600,20.5,4.25,49.9,48.8,50.2,17.6,15.7
2021-05-04 21:50:00,-5,673480200,20.5,4.25,49.8,48.8,50.2,17.6,15.7
2021-05-04 22:00:00,-5,673480800,20.5,4.25,49.8,48.8,50.2,17.7,15.8
2021-05-04 22:10:00,-5,673481400,20.3,4.25,49.8,48.8,50.2,17.6,15.8
2021-05-04 22:20:00,-5,673482000,20.0,4.25,49.8,48.8,50.2,17.6,15.7
2021-05-04 22:30:00,-5,673482600,19.8,4.25,49.8,48.7,50.1,17.6,15.7
2021-05-04 22:40:00,-5,673483200,19.5,4.25,49.8,48.7,50.1,17.7,15.8
2021-05-04 22:50:00,-5,673483800,19.3,4.25,49.7,48.8,50.2,17.6,15.8
2021-05-04 23:00:00,-5,673484400,18.8,4.25,49.7,48.8,50.2,17.6,15.7
2021-05-04 23:10:00,-5,673485000,18.3,4.25,49.7,48.8,50.2,17.6,15.7
2021-05-04 23:20:00,-5,673485600,18.0,4.25,49.7,48.7,50.1,17.6,16.0
2021-05-04 23:30:00,-5,673486200,18.0,4.25,49.7,48.7,50.1,17.7,15.8
2021-05-04 23:40:00,-5,673486800,17.8,4.25,49.6,48.8,50.2,17.7,15.8
2021-05-04 23:50:00,-5,673487400,17.8,4.25,49.7,48.7,50.1,17.7,15.8
2021-05-05 00:00:00,-5,673488000,17.8,4.25,49.6,48.8,50.2,17.7,15.8
2021-05-05 00:10:00,-5,673488600,17.8,4.25,49.6,48.8,50.2,17.7,16.0
2021-05-05 00:20:00,-5,673489200,17.5,4.25,49.5,48.8,50.2,17.6,15.9
2021-05-05 00:30:00,-5,673489800,17.5,4.25,49.6,48.7,50.1,17.7,16.0
2021-05-05 00:40:00,-5,673490400,17.5,4.25,49.5,48.8,50.2,17.6,16.0
2021-05-05 00:50:00,-5,673491000,17.3,4.25,49.5,48.8,50.2,17.7,16.0
2021-05-05 01:00:00,-5,673491600,17.0,4.25,49.5,48.8,50.1,17.6,16.0
2021-05-05 01:10:00,-5,673492200,16.8,4.25,49.4,48.8,50.2,17.5,16.0
2021-05-05 01:20:00,-5,673492800,16.8,4.25,49.4,48.8,50.2,17.6,16.0
2021-05-05 01:30:00,-5,673493400,17.0,4.25,49.5,48.8,50.1,17.6,16.0
2021-05-05 01:40:00,-5,673494000,17.3,4.25,49.4,48.8,50.1,17.6,16.0
2021-05-05 01:50:00,-5,673494600,17.5,4.25,49.4,48.8,50.3,17.6,16.0
2021-05-05 02:00:00,-5,673495200,17.8,4.25,49.4,48.8,50.1,17.6,16.0
2021-05-05 02:10:00,-5,673495800,17.8,4.25,49.4,48.7,50.2,17.6,16.0
2021-05-05 02:20:00,-5,673496400,17.8,4.25,49.3,48.8,50.3,17.6,16.0
2021-05-05 02:30:00,-5,673497000,17.8,4.25,49.3,48.8,50.3,17.6,16.1
2021-05-05 02:40:00,-5,673497600,17.5,4.25,49.4,48.7,50.2,17.6,16.0
2021-05-05 02:50:00,-5,673498200,17.8,4.25,49.3,48.8,50.3,17.6,16.0
2021-05-05 03:00:00,-5,673498800,17.8,4.25,49.2,48.8,50.3,17.6,16.0
2021-05-05 03:10:00,-5,673499400,17.8,4.25,49.2,48.8,50.3,17.6,16.0
2021-05-05 03:20:00,-5,673500000,17.8,4.25,49.3,48.7,50.2,17.5,16.1
2021-05-05 03:30:00,-5,673500600,18.0,4.25,49.2,48.8,50.3,17.6,16.0
2021-05-05 03:40:00,-5,673501200,18.0,4.25,49.2,48.8,50.3,17.6,16.2
2021-05-05 03:50:00,-5,673501800,18.0,4.25,49.2,48.8,50.2,17.6,16.0
2021-05-05 04:00:00,-5,673502400,18.0,4.25,49.2,48.8,50.3,17.6,16.0
2021-05-05 04:10:00,-5,673503000,18.0,4.25,49.2,48.7,50.2,17.6,16.1
2021-05-05 04:20:00,-5,673503600,18.0,4.25,49.2,48.7,50.2,17.5,16.1
2021-05-05 04:30:00,-5,673504200,18.0,4.23,49.1,48.8,50.3,17.6,16.2
2021-05-05 04:40:00,-5,673504800,18.0,4.23,49.2,48.7,50.1,17.6,16.1
2021-05-05 04:50:00,-5,673505400,18.0,4.23,49.1,48.8,50.3,17.5,16.2
2021-05-05 05:00:00,-5,673506000,18.0,4.23,49.2,48.7,50.2,17.5,16.1
2021-05-05 05:10:00,-5,673506600,18.3,4.23,49.2,48.7,50.2,17.5,16.1
2021-05-05 05:20:00,-5,673507200,18.3,4.23,49.1,48.8,50.2,17.5,16.2
2021-05-05 05:30:00,-5,673507800,18.5,4.23,49.0,48.8,50.3,17.5,16.1
2021-05-05 05:40:00,-5,673508400,18.5,4.23,49.0,48.8,50.3,17.5,16.1
2021-05-05 05:50:00,-5,673509000,18.5,4.23,49.1,48.7,50.2,17.5,16.1
2021-05-05 06:00:00,-5,673509600,18.8,4.23,49.0,48.8,50.3,17.3,16.1
2021-05-05 06:10:00,-5,673510200,18.8,4.23,49.0,48.8,50.3,17.5,16.2
2021-05-05 06:20:00,-5,673510800,19.0,4.23,49.1,48.7,50.2,17.5,16.1
2021-05-05 06:30:00,-5,673511400,19.0,4.23,49.0,48.8,50.4,17.5,16.2
2021-05-05 06:40:00,-5,673512000,19.3,4.23,49.0,48.8,50.3,17.5,16.2
2021-05-05 06:50:00,-5,673512600,19.3,4.23,49.0,48.8,50.3,17.6,16.1
2021-05-05 07:00:00,-5,673513200,19.3,4.23,48.9,48.8,50.2,17.5,16.2
2021-05-05 07:10:00,-5,673513800,19.0,4.23,49.0,48.7,50.2,17.5,16.2
2021-05-05 07:20:00,-5,673514400,18.8,4.23,48.9,48.8,50.4,17.5,16.1
2021-05-05 07:30:00,-5,673515000,18.5,4.23,49.0,48.7,50.2,17.5,16.2
2021-05-05 07:40:00,-5,673515600,18.5,4.23,48.9,48.8,50.3,17.3,16.1
2021-05-05 07:50:00,-5,673516200,18.3,4.23,48.9,48.8,50.3,17.3,16.1
2021-05-05 08:00:00,-5,673516800,18.3,4.23,48.9,48.8,50.3,17.6,16.2
2021-05-05 08:10:00,-5,673517400,18.5,4.23,48.9,48.8,50.3,17.5,16.2
2021-05-05 08:20:00,-5,673518000,18.5,4.23,48.9,48.7,50.2,17.5,16.2
2021-05-05 08:30:00,-5,673518600,19.0,4.23,48.8,48.8,50.4,17.3,16.2
2021-05-05 08:40:00,-5,673519200,19.0,4.23,49.0,48.7,50.2,17.5,16.2
2021-05-05 08:50:00,-5,673519800,19.0,4.23,48.8,48.8,50.3,17.6,16.1
2021-05-05 09:00:00,-5,673520400,19.5,4.23,48.8,48.8,50.3,17.5,16.1
2021-05-05 09:10:00,-5,673521000,19.5,4.23,48.8,48.8,50.3,17.3,16.1
