SL207 - Mayfly GPLP3 Logger
DateTime_EST,TZ-Offset,Loggertime,BoardTemp_C,Battery_V,Segment1_percent,Segment2_percent,Segment3_percent,T1_degC,T2_degC
2021-07-21 10:40:00,-5,680179200,45.3,4.15,14.7,28.8,44.8,24.1,23.7
2021-07-21 10:50:00,-5,680179800,47.5,4.15,14.7,28.8,44.8,24.1,23.6
2021-07-21 11:00:00,-5,680180400,47.8,4.15,14.8,28.8,44.7,24.2,23.6
2021-07-21 11:10:00,-5,680181000,48.3,4.15,14.8,28.8,44.7,24.2,23.7
2021-07-21 11:20:00,-5,680181600,49.8,4.15,14.8,28.7,44.7,24.2,23.6
2021-07-21 11:30:00,-5,680182200,49.8,4.15,14.8,28.7,44.7,24.2,23.6
2021-07-21 11:40:00,-5,680182800,50.0,4.15,14.8,28.7,44.7,24.1,23.7
2021-07-21 11:50:00,-5,680183400,47.5,4.15,14.9,28.6,44.6,24.1,23.7
2021-07-21 12:00:00,-5,680184000,47.8,4.15,14.9,28.6,44.6,24.1,23.6
2021-07-21 12:10:00,-5,680184600,49.0,4.15,14.9,28.6,44.6,24.1,23.7
2021-07-21 12:20:00,-5,680185200,48.5,4.15,14.8,28.6,44.6,24.2,23.6
2021-07-21 12:30:00,-5,680185800,46.5,4.15,14.9,28.6,44.5,24.2,23.6
2021-07-21 12:40:00,-5,680186400,47.0,4.15,14.9,28.6,44.5,24.2,23.6
2021-07-21 12:50:00,-5,680187000,43.3,4.15,14.9,28.6,44.5,24.3,23.6
2021-07-21 13:00:00,-5,680187600,39.0,4.15,14.9,28.6,44.5,24.3,23.6
2021-07-21 13:10:00,-5,680188200,38.8,4.17,15.0,28.6,44.5,24.3,23.6
2021-07-21 13:20:00,-5,680188800,44.0,4.17,14.9,28.6,44.4,24.3,23.6
2021-07-21 13:30:00,-5,680189400,44.5,4.17,15.0,28.6,44.4,24.4,23.7
2021-07-21 13:40:00,-5,680190000,44.8,4.17,15.0,28.6,44.4,24.5,23.6
2021-07-21 13:50:00,-5,680190600,41.5,4.17,15.0,28.6,44.4,24.3,23.7
2021-07-21 14:00:00,-5,680191200,36.0,4.17,15.0,28.6,44.3,24.4,23.6
2021-07-21 14:10:00,-5,680191800,31.3,4.17,15.0,28.6,44.3,24.5,23.6
2021-07-21 14:20:00,-5,680192400,25.5,4.17,15.0,28.7,44.3,24.5,23.7
2021-07-21 14:30:00,-5,680193000,22.3,4.17,15.1,28.7,44.4,24.5,23.7
2021-07-21 14:40:00,-5,680193600,24.3,4.17,15.1,28.7,44.4,24.5,23.6
2021-07-21 14:50:00,-5,680194200,30.5,4.17,15.1,28.7,44.3,24.5,23.6
2021-07-21 15:00:00,-5,680194800,28.8,4.17,15.1,28.7,44.4,24.6,23.7
2021-07-21 15:10:00,-5,680195400,28.5,4.17,15.1,28.7,44.4,24.7,23.6
2021-07-21 15:20:00,-5,680196000,30.3,4.17,15.1,28.7,44.3,24.6,23.6
2021-07-21 15:30:00,-5,680196600,31.3,4.17,15.0,28.8,44.3,24.7,23.6
2021-07-21 15:40:00,-5,680197200,34.3,4.17,15.0,28.8,44.3,24.7,23.7
2021-07-21 15:50:00,-5,680197800,35.8,4.17,15.0,28.8,44.3,24.7,23.6
2021-07-21 16:00:00,-5,680198400,35.8,4.17,15.0,28.8,44.2,24.6,23.6
2021-07-21 16:10:00,-5,680199000,35.5,4.17,15.0,28.8,44.2,24.7,23.6
2021-07-21 16:20:00,-5,680199600,36.0,4.17,15.0,28.8,44.2,24.7,23.7
2021-07-21 16:30:00,-5,680200200,36.0,4.17,15.0,28.8,44.2,24.8,23.7
2021-07-21 16:40:00,-5,680200800,35.0,4.17,15.0,28.8,44.2,24.6,23.6
2021-07-21 16:50:00,-5,680201400,34.5,4.17,15.1,28.8,44.2,24.8,23.7
2021-07-21 17:00:00,-5,680202000,33.8,4.17,15.0,28.8,44.2,24.7,23.7
2021-07-21 17:10:00,-5,680202600,33.3,4.17,15.0,28.8,44.2,24.9,23.6
2021-07-21 17:20:00,-5,680203200,31.3,4.17,15.0,28.8,44.2,25.0,23.7
2021-07-21 17:30:00,-5,680203800,31.0,4.17,15.0,28.8,44.2,24.8,23.6
2021-07-21 17:40:00,-5,680204400,30.3,4.17,15.1,28.8,44.2,24.8,23.6
2021-07-21 17:50:00,-5,680205000,27.8,4.17,15.1,28.8,44.1,24.7,23.8
2021-07-21 18:00:00,-5,680205600,25.8,4.17,15.1,28.8,44.1,24.7,23.6
2021-07-21 18:10:00,-5,680206200,24.5,4.17,15.0,28.8,44.1,24.7,23.6
2021-07-21 18:20:00,-5,680206800,22.3,4.17,15.0,28.9,44.1,25.0,23.7
2021-07-21 18:30:00,-5,680207400,21.0,4.17,15.1,28.8,44.1,24.8,23.7
2021-07-21 18:40:00,-5,680208000,20.8,4.17,15.0,28.9,44.1,24.8,23.7
2021-07-21 18:50:00,-5,680208600,20.5,4.17,15.0,28.9,44.1,24.7,23.7
2021-07-21 19:00:00,-5,680209200,20.5,4.17,15.0,28.9,44.1,24.8,23.7
2021-07-21 19:10:00,-5,680209800,20.5,4.17,15.0,29.0,44.1,25.0,23.8
2021-07-21 19:20:00,-5,680210400,20.0,4.17,15.0,28.9,44.1,24.7,23.8
2021-07-21 19:30:00,-5,680211000,19.5,4.17,15.0,28.9,44.1,24.8,23.7
2021-07-21 19:40:00,-5,680211600,18.8,4.17,15.1,28.9,44.1,24.7,23.8
2021-07-21 19:50:00,-5,680212200,18.3,4.17,15.0,28.9,44.1,24.8,23.7
2021-07-21 20:00:00,-5,680212800,18.5,4.17,15.0,28.9,44.1,24.7,23.8
2021-07-21 20:10:00,-5,680213400,18.5,4.17,15.0,28.9,44.1,24.6,23.7
2021-07-21 20:20:00,-5,680214000,18.5,4.17,15.0,28.9,44.1,24.7,23.8
2021-07-21 20:30:00,-5,680214600,18.5,4.17,15.0,28.9,44.1,24.7,23.8
2021-07-21 20:40:00,-5,680215200,18.3,4.17,15.0,28.9,44.1,24.8,23.7
2021-07-21 20:50:00,-5,680215800,18.3,4.15,15.0,28.9,44.1,25.0,23.8
2021-07-21 21:00:00,-5,680216400,18.0,4.15,15.0,28.9,44.1,24.8,23.8
2021-07-21 21:10:00,-5,680217000,17.8,4.15,15.0,28.9,44.1,24.7,23.8
2021-07-21 21:20:00,-5,680217600,17.3,4.15,14.9,28.9,44.1,24.8,23.8
2021-07-21 21:30:00,-5,680218200,16.5,4.15,14.9,28.9,44.1,24.6,23.8
2021-07-21 21:40:00,-5,680218800,16.5,4.15,14.9,28.9,44.1,24.7,23.8
2021-07-21 21:50:00,-5,680219400,16.3,4.15,14.9,28.9,44.1,24.6,23.8
2021-07-21 22:00:00,-5,680220000,15.8,4.15,14.9,28.9,44.1,24.8,23.8
2021-07-21 22:10:00,-5,680220600,15.5,4.15,14.9,28.9,44.1,24.6,23.8
2021-07-21 22:20:00,-5,680221200,15.8,4.15,14.9,28.9,44.1,24.7,23.8
2021-07-21 22:30:00,-5,680221800,15.8,4.15,14.9,28.9,44.1,24.7,23.8
2021-07-21 22:40:00,-5,680222400,15.8,4.15,14.9,28.9,44.0,24.6,23.8
2021-07-21 22:50:00,-5,680223000,15.8,4.15,14.9,28.9,44.0,24.8,23.8
2021-07-21 23:00:00,-5,680223600,15.5,4.15,14.8,28.9,44.0,24.6,23.7
2021-07-21 23:10:00,-5,680224200,15.5,4.15,14.8,28.9,44.0,24.6,23.8
2021-07-21 23:20:00,-5,680224800,15.3,4.15,14.8,28.8,44.0,24.5,23.8
2021-07-21 23:30:00,-5,680225400,15.3,4.15,14.8,28.8,44.0,24.5,23.8
2021-07-21 23:40:00,-5,680226000,14.8,4.15,14.8,28.8,44.0,24.5,23.8
2021-07-21 23:50:00,-5,680226600,14.8,4.15,14.8,28.8,44.0,24.5,23.8
2021-07-22 00:00:00,-5,680227200,15.0,4.15,14.8,28.8,44.0,24.5,23.8
2021-07-22 00:10:00,-5,680227800,14.8,4.15,14.8,28.8,44.0,24.4,23.8
2021-07-22 00:20:00,-5,680228400,15.0,4.15,14.8,28.8,44.0,24.5,23.8
2021-07-22 00:30:00,-5,680229000,14.8,4.15,14.8,28.8,44.0,24.5,23.8
2021-07-22 00:40:00,-5,680229600,14.8,4.15,14.7,28.8,44.0,24.2,23.8
2021-07-22 00:50:00,-5,680230200,14.8,4.15,14.7,28.8,44.0,24.3,23.8
2021-07-22 01:00:00,-5,680230800,14.5,4.15,14.7,28.8,44.0,24.5,23.8
2021-07-22 01:10:00,-5,680231400,14.3,4.15,14.7,28.8,44.0,24.5,23.8
2021-07-22 01:20:00,-5,680232000,14.3,4.15,14.7,28.8,44.0,24.3,23.8
2021-07-22 01:30:00,-5,680232600,14.3,4.14,14.7,28.8,44.0,24.3,23.8
2021-07-22 01:40:00,-5,680233200,14.3,4.14,14.7,28.8,44.0,24.2,23.7
2021-07-22 01:50:00,-5,680233800,14.0,4.14,14.7,28.8,44.0,24.3,23.7
2021-07-22 02:00:00,-5,680234400,13.8,4.14,14.7,28.8,44.0,24.2,23.8
2021-07-22 02:10:00,-5,680235000,13.5,4.14,14.6,28.8,44.0,24.1,23.8
2021-07-22 02:20:00,-5,680235600,13.5,4.14,14.6,28.7,44.0,24.2,23.8
2021-07-22 02:30:00,-5,680236200,13.3,4.14,14.6,28.7,44.0,24.1,23.6
2021-07-22 02:40:00,-5,680236800,13.3,4.14,14.6,28.7,44.0,24.1,23.7
2021-07-22 02:50:00,-5,680237400,13.5,4.14,14.6,28.7,44.0,24.0,23.8
2021-07-22 03:00:00,-5,680238000,13.8,4.14,14.6,28.7,44.0,24.0,23.8
2021-07-22 03:10:00,-5,680238600,13.8,4.14,14.6,28.7,44.0,24.0,23.8
2021-07-22 03:20:00,-5,680239200,13.3,4.14,14.6,28.7,44.0,24.1,23.7
2021-07-22 03:30:00,-5,680239800,13.3,4.14,14.6,28.7,43.9,24.0,23.7
2021-07-22 03:40:00,-5,680240400,13.0,4.14,14.5,28.7,43.9,24.0,23.7
2021-07-22 03:50:00,-5,680241000,13.0,4.14,14.5,28.7,43.9,24.1,23.8
2021-07-22 04:00:00,-5,680241600,12.8,4.14,14.5,28.7,43.9,24.0,23.6
2021-07-22 04:10:00,-5,680242200,12.5,4.14,14.5,28.6,43.9,23.8,23.7
2021-07-22 04:20:00,-5,680242800,12.0,4.14,14.5,28.6,43.9,24.0,23.7
2021-07-22 04:30:00,-5,680243400,12.0,4.14,14.5,28.6,43.9,24.0,23.6
2021-07-22 04:40:00,-5,680244000,12.0,4.14,14.5,28.6,43.9,23.7,23.6
2021-07-22 04:50:00,-5,680244600,12.3,4.14,14.5,28.6,43.9,23.8,23.6
2021-07-22 05:00:00,-5,680245200,12.3,4.14,14.5,28.5,43.9,23.8,23.7
2021-07-22 05:10:00,-5,680245800,12.3,4.14,14.5,28.6,43.9,23.8,23.7
2021-07-22 05:20:00,-5,680246400,12.3,4.14,14.4,28.6,43.9,23.8,23.6
2021-07-22 05:30:00,-5,680247000,12.3,4.14,14.4,28.6,43.9,23.7,23.6
2021-07-22 05:40:00,-5,680247600,12.8,4.14,14.4,28.6,43.9,23.7,23.6
2021-07-22 05:50:00,-5,680248200,13.3,4.14,14.4,28.6,43.9,23.7,23.6
2021-07-22 06:00:00,-5,680248800,15.0,4.14,14.4,28.5,43.9,23.6,23.6
2021-07-22 06:10:00,-5,680249400,17.0,4.14,14.4,28.5,43.9,23.6,23.6
2021-07-22 06:20:00,-5,680250000,18.8,4.14,14.4,28.5,43.9,23.6,23.6
2021-07-22 06:30:00,-5,680250600,20.3,4.14,14.4,28.5,43.9,23.7,23.6
2021-07-22 06:40:00,-5,680251200,21.8,4.14,14.3,28.5,43.9,23.5,23.6
2021-07-22 06:50:00,-5,680251800,22.5,4.14,14.3,28.5,43.9,23.5,23.6
2021-07-22 07:00:00,-5,680252400,23.3,4.15,14.3,28.5,43.9,23.6,23.6
2021-07-22 07:10:00,-5,680253000,25.0,4.15,14.3,28.5,43.9,23.6,23.6
2021-07-22 07:20:00,-5,680253600,26.3,4.15,14.3,28.5,43.9,23.5,23.6
2021-07-22 07:30:00,-5,680254200,27.8,4.17,14.3,28.5,43.9,23.5,23.5
2021-07-22 07:40:00,-5,680254800,29.5,4.17,14.3,28.4,43.8,23.3,23.6
2021-07-22 07:50:00,-5,680255400,31.0,4.17,14.3,28.4,43.9,23.5,23.6
2021-07-22 08:00:00,-5,680256000,32.5,4.17,14.3,28.4,43.8,23.4,23.5
2021-07-22 08:10:00,-5,680256600,32.3,4.17,14.3,28.4,43.8,23.3,23.6
2021-07-22 08:20:00,-5,680257200,32.5,4.17,14.3,28.4,43.8,23.4,23.6
2021-07-22 08:30:00,-5,680257800,35.0,4.17,14.3,28.4,43.8,23.3,23.5
2021-07-22 08:40:00,-5,680258400,35.3,4.17,14.3,28.4,43.8,23.4,23.5
2021-07-22 08:50:00,-5,680259000,36.3,4.17,14.3,28.3,43.8,23.5,23.5
2021-07-22 09:00:00,-5,680259600,37.0,4.17,14.3,28.3,43.8,23.4,23.5
2021-07-22 09:10:00,-5,680260200,40.3,4.17,14.3,28.3,43.8,23.2,23.5
2021-07-22 09:20:00,-5,680260800,42.5,4.17,14.3,28.3,43.8,23.4,23.5
2021-07-22 09:30:00,-5,680261400,42.3,4.17,14.3,28.3,43.7,23.3,23.4
2021-07-22 09:40:00,-5,680262000,42.3,4.17,14.3,28.3,43.7,23.3,23.4
2021-07-22 09:50:00,-5,680262600,41.5,4.17,14.3,28.3,43.7,23.4,23.3
2021-07-22 10:00:00,-5,680263200,43.8,4.17,14.3,28.2,43.7,23.2,23.4
2021-07-22 10:10:00,-5,680263800,46.8,4.17,14.3,28.2,43.7,23.2,23.3
2021-07-22 10:20:00,-5,680264400,44.8,4.17,14.3,28.2,43.7,23.3,23.5
2021-07-22 10:30:00,-5,680265000,42.5,4.17,14.3,28.2,43.7,23.3,23.4
2021-07-22 10:40:00,-5,680265600,45.0,4.17,14.3,28.2,43.6,23.3,23.3
2021-07-22 10:50:00,-5,680266200,44.3,4.17,14.3,28.2,43.6,23.3,23.4
2021-07-22 11:00:00,-5,680266800,40.0,4.17,14.3,28.2,43.6,23.4,23.4
2021-07-22 11:10:00,-5,680267400,37.0,4.17,14.3,28.2,43.6,23.5,23.3
2021-07-22 11:20:00,-5,680268000,38.0,4.17,14.3,28.2,43.6,23.4,23.3
2021-07-22 11:30:00,-5,680268600,42.0,4.17,14.4,28.2,43.6,23.3,23.3
2021-07-22 11:40:00,-5,680269200,45.0,4.17,14.4,28.2,43.6,23.2,23.4
2021-07-22 11:50:00,-5,680269800,42.8,4.17,14.4,28.2,43.5,23.4,23.3
2021-07-22 12:00:00,-5,680270400,44.5,4.17,14.4,28.2,43.5,23.4,23.3
2021-07-22 12:10:00,-5,680271000,45.8,4.17,14.4,28.2,43.5,23.5,23.3
2021-07-22 12:20:00,-5,680271600,44.5,4.17,14.4,28.2,43.5,23.5,23.3
2021-07-22 12:30:00,-5,680272200,41.3,4.17,14.4,28.1,43.5,23.5,23.3
2021-07-22 12:40:00,-5,680272800,44.0,4.17,14.4,28.1,43.5,23.6,23.2
2021-07-22 12:50:00,-5,680273400,46.5,4.17,14.4,28.1,43.5,23.3,23.3
2021-07-22 13:00:00,-5,680274000,48.3,4.17,14.4,28.1,43.5,23.5,23.2
2021-07-22 13:10:00,-5,680274600,43.8,4.17,14.4,28.1,43.5,23.4,23.3
2021-07-22 13:20:00,-5,680275200,46.0,4.17,14.5,28.1,43.4,23.5,23.3
2021-07-22 13:30:00,-5,680275800,46.0,4.17,14.5,28.1,43.4,23.5,23.3
2021-07-22 13:40:00,-5,680276400,48.0,4.17,14.5,28.1,43.4,23.5,23.3
2021-07-22 13:50:00,-5,680277000,47.8,4.17,14.5,28.1,43.4,23.5,23.2
2021-07-22 14:00:00,-5,680277600,48.3,4.17,14.5,28.1,43.3,23.5,23.3
2021-07-22 14:10:00,-5,680278200,46.5,4.17,14.5,28.1,43.3,23.6,23.2
2021-07-22 14:20:00,-5,680278800,43.5,4.17,14.5,28.2,43.3,23.5,23.3
2021-07-22 14:30:00,-5,680279400,40.0,4.17,14.5,28.2,43.3,23.6,23.2
2021-07-22 14:40:00,-5,680280000,41.8,4.17,14.5,28.1,43.3,23.7,23.2
2021-07-22 14:50:00,-5,680280600,38.3,4.17,14.5,28.1,43.3,23.5,23.3
2021-07-22 15:00:00,-5,680281200,40.8,4.17,14.6,28.1,43.2,23.6,23.2
2021-07-22 15:10:00,-5,680281800,41.5,4.17,14.6,28.1,43.2,23.6,23.2
2021-07-22 15:20:00,-5,680282400,39.0,4.17,14.6,28.1,43.2,23.6,23.1
2021-07-22 15:30:00,-5,680283000,39.3,4.17,14.5,28.2,43.2,23.7,23.3
2021-07-22 15:40:00,-5,680283600,39.5,4.17,14.6,28.2,43.1,23.7,23.2
2021-07-22 15:50:00,-5,680284200,37.8,4.17,14.6,28.2,43.1,23.7,23.1
2021-07-22 16:00:00,-5,680284800,36.8,4.17,14.6,28.2,43.1,23.7,23.2
2021-07-22 16:10:00,-5,680285400,36.8,4.17,14.6,28.2,43.1,23.8,23.3
2021-07-22 16:20:00,-5,680286000,32.8,4.17,14.6,28.2,43.1,23.8,23.2
2021-07-22 16:30:00,-5,680286600,32.0,4.17,14.6,28.2,43.1,23.8,23.1
2021-07-22 16:40:00,-5,680287200,33.8,4.17,14.6,28.2,43.0,23.8,23.1
2021-07-22 16:50:00,-5,680287800,34.3,4.17,14.6,28.1,43.0,23.8,23.3
2021-07-22 17:00:00,-5,680288400,33.0,4.17,14.6,28.1,43.0,23.8,23.2
2021-07-22 17:10:00,-5,680289000,30.8,4.17,14.6,28.1,43.0,23.8,23.1
2021-07-22 17:20:00,-5,680289600,29.5,4.17,14.6,28.2,43.0,23.8,23.2
2021-07-22 17:30:00,-5,680290200,28.5,4.17,14.7,28.1,43.0,23.8,23.2
2021-07-22 17:40:00,-5,680290800,27.3,4.17,14.6,28.2,43.0,23.7,23.2
2021-07-22 17:50:00,-5,680291400,26.0,4.17,14.7,28.2,43.0,24.1,23.2
2021-07-22 18:00:00,-5,680292000,25.5,4.17,14.7,28.2,43.0,23.8,23.3
2021-07-22 18:10:00,-5,680292600,25.3,4.17,14.7,28.2,43.0,24.0,23.2
2021-07-22 18:20:00,-5,680293200,25.5,4.17,14.6,28.2,43.0,23.7,23.2
2021-07-22 18:30:00,-5,680293800,25.3,4.17,14.6,28.2,43.0,24.1,23.2
2021-07-22 18:40:00,-5,680294400,24.5,4.17,14.7,28.2,43.0,24.0,23.2
2021-07-22 18:50:00,-5,680295000,22.8,4.17,14.6,28.2,43.0,24.0,23.3
2021-07-22 19:00:00,-5,680295600,21.0,4.17,14.6,28.2,43.0,24.0,23.2
2021-07-22 19:10:00,-5,680296200,19.5,4.17,14.6,28.2,43.0,24.0,23.2
2021-07-22 19:20:00,-5,680296800,18.3,4.17,14.6,28.2,43.0,24.0,23.3
2021-07-22 19:30:00,-5,680297400,17.3,4.17,14.6,28.2,43.0,24.1,23.3
2021-07-22 19:40:00,-5,680298000,16.3,4.17,14.6,28.2,43.0,24.1,23.2
2021-07-22 19:50:00,-5,680298600,15.5,4.17,14.6,28.2,43.0,24.0,23.3
2021-07-22 20:00:00,-5,680299200,15.0,4.17,14.6,28.3,43.0,24.0,23.3
2021-07-22 20:10:00,-5,680299800,14.5,4.17,14.5,28.3,43.0,23.8,23.2
2021-07-22 20:20:00,-5,680300400,14.0,4.17,14.5,28.3,43.0,24.0,23.2
2021-07-22 20:30:00,-5,680301000,14.0,4.17,14.5,28.3,43.0,24.0,23.2
2021-07-22 20:40:00,-5,680301600,13.8,4.17,14.5,28.3,43.0,24.0,23.2
2021-07-22 20:50:00,-5,680302200,13.8,4.17,14.5,28.2,43.0,24.0,23.3
2021-07-22 21:00:00,-5,680302800,13.5,4.17,14.5,28.3,43.0,23.7,23.3
2021-07-22 21:10:00,-5,680303400,13.5,4.17,14.5,28.3,43.0,23.8,23.3
2021-07-22 21:20:00,-5,680304000,13.3,4.17,14.5,28.3,43.0,24.0,23.3
2021-07-22 21:30:00,-5,680304600,12.8,4.17,14.4,28.3,43.0,24.1,23.2
2021-07-22 21:40:00,-5,680305200,12.5,4.17,14.4,28.3,43.0,23.7,23.3
2021-07-22 21:50:00,-5,680305800,12.5,4.17,14.4,28.3,43.0,23.7,23.3
2021-07-22 22:00:00,-5,680306400,12.5,4.15,14.4,28.3,43.0,24.1,23.3
2021-07-22 22:10:00,-5,680307000,12.5,4.15,14.4,28.3,43.0,23.8,23.3
2021-07-22 22:20:00,-5,680307600,12.8,4.15,14.4,28.3,43.0,23.7,23.3
2021-07-22 22:30:00,-5,680308200,12.5,4.15,14.3,28.3,43.0,23.7,23.3
2021-07-22 22:40:00,-5,680308800,12.3,4.15,14.3,28.3,43.0,23.8,23.3
2021-07-22 22:50:00,-5,680309400,12.0,4.15,14.3,28.3,43.0,24.0,23.3
2021-07-22 23:00:00,-5,680310000,12.0,4.15,14.3,28.3,43.0,23.8,23.3
2021-07-22 23:10:00,-5,680310600,13.0,4.15,14.3,28.3,43.0,23.7,23.3
2021-07-22 23:20:00,-5,680311200,12.8,4.15,14.3,28.3,43.0,23.7,23.2
2021-07-22 23:30:00,-5,680311800,12.3,4.15,14.3,28.2,43.0,23.7,23.1
2021-07-22 23:40:00,-5,680312400,11.8,4.15,14.2,28.2,43.0,23.7,23.3
2021-07-22 23:50:00,-5,680313000,11.8,4.15,14.2,28.2,43.0,23.6,23.3
2021-07-23 00:00:00,-5,680313600,11.8,4.15,14.2,28.2,43.0,23.6,23.3
2021-07-23 00:10:00,-5,680314200,11.5,4.15,14.2,28.2,43.0,23.7,23.3
2021-07-23 00:20:00,-5,680314800,11.5,4.15,14.2,28.2,43.0,23.6,23.2
2021-07-23 00:30:00,-5,680315400,11.3,4.15,14.2,28.2,43.0,23.6,23.2
2021-07-23 00:40:00,-5,680316000,11.3,4.15,14.1,28.2,43.0,23.5,23.3
2021-07-23 00:50:00,-5,680316600,11.5,4.15,14.1,28.2,43.0,23.5,23.3
2021-07-23 01:00:00,-5,680317200,11.3,4.15,14.1,28.2,43.0,23.6,23.3
2021-07-23 01:10:00,-5,680317800,11.3,4.15,14.1,28.2,43.0,23.5,23.2
2021-07-23 01:20:00,-5,680318400,11.0,4.15,14.1,28.2,43.0,23.5,23.3
2021-07-23 01:30:00,-5,680319000,11.3,4.15,14.1,28.2,43.0,23.5,23.3
2021-07-23 01:40:00,-5,680319600,11.3,4.15,14.0,28.2,43.0,23.4,23.2
2021-07-23 01:50:00,-5,680320200,11.0,4.15,14.0,28.2,43.0,23.4,23.2
2021-07-23 02:00:00,-5,680320800,11.0,4.15,14.0,28.1,43.0,23.5,23.3
2021-07-23 02:10:00,-5,680321400,11.3,4.15,14.0,28.1,43.0,23.4,23.2
2021-07-23 02:20:00,-5,680322000,11.5,4.15,14.0,28.1,43.0,23.4,23.2
2021-07-23 02:30:00,-5,680322600,11.5,4.15,14.0,28.1,43.0,23.3,23.1
2021-07-23 02:40:00,-5,680323200,11.5,4.14,14.0,28.1,43.0,23.2,23.3
2021-07-23 02:50:00,-5,680323800,11.8,4.14,14.0,28.1,43.0,23.3,23.3
2021-07-23 03:00:00,-5,680324400,12.0,4.14,13.9,28.1,43.0,23.2,23.1
2021-07-23 03:10:00,-5,680325000,12.0,4.14,13.9,28.1,43.0,23.2,23.1
2021-07-23 03:20:00,-5,680325600,12.0,4.14,13.9,28.1,43.0,23.2,23.1
2021-07-23 03:30:00,-5,680326200,11.8,4.14,13.9,28.1,43.0,23.2,23.2
2021-07-23 03:40:00,-5,680326800,11.5,4.14,13.9,28.1,43.0,23.1,23.2
2021-07-23 03:50:00,-5,680327400,11.0,4.14,13.9,28.0,43.0,23.1,23.1
2021-07-23 04:00:00,-5,680328000,11.0,4.14,13.9,28.0,43.0,23.1,23.1
2021-07-23 04:10:00,-5,680328600,11.0,4.14,13.9,28.0,43.0,23.0,23.1
2021-07-23 04:20:00,-5,680329200,10.8,4.14,13.9,28.0,43.0,23.0,23.1
2021-07-23 04:30:00,-5,680329800,10.8,4.14,13.8,28.0,43.0,23.0,23.0
2021-07-23 04:40:00,-5,680330400,10.8,4.14,13.8,28.0,43.0,22.8,23.1
2021-07-23 04:50:00,-5,680331000,11.0,4.14,13.8,28.0,43.0,23.0,23.1
2021-07-23 05:00:00,-5,680331600,11.3,4.14,13.8,28.0,43.0,22.7,23.1
2021-07-23 05:10:00,-5,680332200,11.5,4.14,13.8,28.0,43.0,23.1,23.1
2021-07-23 05:20:00,-5,680332800,12.3,4.14,13.8,27.9,43.0,23.0,23.0
2021-07-23 05:30:00,-5,680333400,13.0,4.14,13.8,27.9,43.0,22.7,23.1
2021-07-23 05:40:00,-5,680334000,13.8,4.14,13.8,27.9,43.0,22.7,23.0
2021-07-23 05:50:00,-5,680334600,14.5,4.14,13.8,27.9,43.0,23.1,23.0
2021-07-23 06:00:00,-5,680335200,16.0,4.14,13.8,27.9,43.0,23.1,23.0
2021-07-23 06:10:00,-5,680335800,17.5,4.14,13.8,27.9,43.0,22.8,23.0
2021-07-23 06:20:00,-5,680336400,19.3,4.14,13.8,27.9,43.0,22.8,23.0
2021-07-23 06:30:00,-5,680337000,20.0,4.14,13.8,27.9,43.0,22.8,23.0
2021-07-23 06:40:00,-5,680337600,22.0,4.15,13.8,27.8,43.0,22.8,23.0
2021-07-23 06:50:00,-5,680338200,24.8,4.15,13.8,27.8,43.0,22.8,23.0
2021-07-23 07:00:00,-5,680338800,26.0,4.15,13.8,27.8,43.0,22.7,23.1
2021-07-23 07:10:00,-5,680339400,27.5,4.15,13.8,27.8,43.0,22.7,23.1
2021-07-23 07:20:00,-5,680340000,29.3,4.17,13.8,27.8,43.0,23.0,23.0
2021-07-23 07:30:00,-5,680340600,30.8,4.17,13.8,27.8,43.0,22.7,23.0
2021-07-23 07:40:00,-5,680341200,32.5,4.17,13.8,27.7,43.0,22.7,23.0
2021-07-23 07:50:00,-5,680341800,34.3,4.17,13.8,27.8,43.0,22.6,23.0
2021-07-23 08:00:00,-5,680342400,35.3,4.17,13.8,27.8,42.9,22.6,23.0
2021-07-23 08:10:00,-5,680343000,31.0,4.17,13.8,27.8,42.9,22.6,23.0
2021-07-23 08:20:00,-5,680343600,30.8,4.17,13.8,27.7,42.9,22.6,23.0
2021-07-23 08:30:00,-5,680344200,35.5,4.17,13.8,27.7,42.9,22.7,22.8
2021-07-23 08:40:00,-5,680344800,38.5,4.17,13.8,27.7,42.9,22.8,23.0
2021-07-23 08:50:00,-5,680345400,40.0,4.17,13.8,27.7,42.9,22.6,22.8
2021-07-23 09:00:00,-5,680346000,41.5,4.17,13.8,27.7,42.9,22.7,22.8
2021-07-23 09:10:00,-5,680346600,41.8,4.17,13.8,27.7,42.9,22.6,23.0
2021-07-23 09:20:00,-5,680347200,43.5,4.17,13.8,27.6,42.9,22.6,22.8
2021-07-23 09:30:00,-5,680347800,43.8,4.17,13.8,27.6,42.8,22.6,22.8
2021-07-23 09:40:00,-5,680348400,44.5,4.17,13.8,27.6,42.8,22.6,22.8
2021-07-23 09:50:00,-5,680349000,46.8,4.17,13.8,27.6,42.8,22.7,22.8
2021-07-23 10:00:00,-5,680349600,48.3,4.17,13.8,27.6,42.8,22.8,22.8
2021-07-23 10:10:00,-5,680350200,48.3,4.17,13.8,27.5,42.7,22.8,22.8
2021-07-23 10:20:00,-5,680350800,49.0,4.17,13.8,27.5,42.7,22.6,22.8
2021-07-23 10:30:00,-5,680351400,49.0,4.17,13.8,27.5,42.7,22.6,22.8
2021-07-23 10:40:00,-5,680352000,49.5,4.17,13.8,27.5,42.7,22.8,22.7
2021-07-23 10:50:00,-5,680352600,50.0,4.17,13.8,27.5,42.7,22.7,22.8
2021-07-23 11:00:00,-5,680353200,51.0,4.17,13.8,27.5,42.6,22.7,22.8
2021-07-23 11:10:00,-5,680353800,51.3,4.17,13.8,27.4,42.6,22.7,22.8
2021-07-23 11:20:00,-5,680354400,52.0,4.17,13.8,27.4,42.6,22.7,22.8
2021-07-23 11:30:00,-5,680355000,51.8,4.17,13.8,27.4,42.6,22.8,22.8
2021-07-23 11:40:00,-5,680355600,51.5,4.17,13.8,27.5,42.6,22.7,22.8
2021-07-23 11:50:00,-5,680356200,51.8,4.17,13.8,27.5,42.5,22.7,22.8
2021-07-23 12:00:00,-5,680356800,52.0,4.17,13.9,27.4,42.5,22.7,22.8
2021-07-23 12:10:00,-5,680357400,47.3,4.17,13.9,27.4,42.5,22.7,22.7
2021-07-23 12:20:00,-5,680358000,49.3,4.17,13.9,27.4,42.5,22.6,22.7
2021-07-23 12:30:00,-5,680358600,47.5,4.17,13.9,27.4,42.4,22.8,22.6
2021-07-23 12:40:00,-5,680359200,44.8,4.17,13.9,27.4,42.4,22.8,22.7
2021-07-23 12:50:00,-5,680359800,48.3,4.17,13.9,27.4,42.4,22.7,22.7
2021-07-23 13:00:00,-5,680360400,50.5,4.17,13.9,27.4,42.4,23.1,22.7
2021-07-23 13:10:00,-5,680361000,50.5,4.17,13.9,27.4,42.4,23.0,22.6
2021-07-23 13:20:00,-5,680361600,51.3,4.17,14.0,27.4,42.3,23.1,22.6
2021-07-23 13:30:00,-5,680362200,51.5,4.17,14.0,27.4,42.3,22.6,22.6
2021-07-23 13:40:00,-5,680362800,51.3,4.17,14.0,27.4,42.3,23.0,22.7
2021-07-23 13:50:00,-5,680363400,46.3,4.17,14.0,27.4,42.2,23.0,22.7
2021-07-23 14:00:00,-5,680364000,45.5,4.17,14.0,27.4,42.2,23.0,22.7
2021-07-23 14:10:00,-5,680364600,44.0,4.17,14.0,27.4,42.2,23.2,22.7
2021-07-23 14:20:00,-5,680365200,44.0,4.17,14.0,27.3,42.2,23.0,22.7
2021-07-23 14:30:00,-5,680365800,46.5,4.17,14.0,27.4,42.1,23.0,22.6
2021-07-23 14:40:00,-5,680366400,48.3,4.17,14.1,27.4,42.1,23.0,22.6
2021-07-23 14:50:00,-5,680367000,46.5,4.17,14.1,27.3,42.1,23.0,22.6
2021-07-23 15:00:00,-5,680367600,45.5,4.17,14.1,27.3,42.1,23.0,22.6
2021-07-23 15:10:00,-5,680368200,44.3,4.17,14.1,27.3,42.0,23.1,22.7
2021-07-23 15:20:00,-5,680368800,43.0,4.17,14.1,27.3,42.0,23.2,22.7
2021-07-23 15:30:00,-5,680369400,42.8,4.17,14.1,27.3,42.0,23.2,22.6
2021-07-23 15:40:00,-5,680370000,42.0,4.17,14.1,27.3,42.0,23.1,22.7
2021-07-23 15:50:00,-5,680370600,41.3,4.17,14.1,27.3,42.0,23.0,22.6
2021-07-23 16:00:00,-5,680371200,40.5,4.17,14.2,27.3,41.9,23.2,22.7
2021-07-23 16:10:00,-5,680371800,39.8,4.17,14.2,27.3,41.9,23.1,22.6
2021-07-23 16:20:00,-5,680372400,38.8,4.17,14.2,27.3,41.9,23.2,22.7
2021-07-23 16:30:00,-5,680373000,38.0,4.17,14.2,27.2,41.9,23.4,22.6
2021-07-23 16:40:00,-5,680373600,37.3,4.17,14.2,27.3,41.9,23.3,22.7
2021-07-23 16:50:00,-5,680374200,36.3,4.17,14.2,27.3,41.9,23.3,22.7
2021-07-23 17:00:00,-5,680374800,35.5,4.17,14.2,27.3,41.8,23.2,22.6
2021-07-23 17:10:00,-5,680375400,35.0,4.17,14.2,27.3,41.8,23.4,22.7
2021-07-23 17:20:00,-5,680376000,34.8,4.17,14.2,27.3,41.8,23.4,22.7
2021-07-23 17:30:00,-5,680376600,33.8,4.17,14.2,27.3,41.8,23.5,22.7
2021-07-23 17:40:00,-5,680377200,33.3,4.17,14.2,27.3,41.8,23.6,22.7
2021-07-23 17:50:00,-5,680377800,32.0,4.17,14.2,27.3,41.8,23.6,22.7
2021-07-23 18:00:00,-5,680378400,31.5,4.17,14.2,27.3,41.8,23.6,22.7
2021-07-23 18:10:00,-5,680379000,30.5,4.17,14.2,27.4,41.8,23.5,22.7
2021-07-23 18:20:00,-5,680379600,29.0,4.17,14.2,27.4,41.8,23.6,22.7
2021-07-23 18:30:00,-5,680380200,27.0,4.17,14.2,27.4,41.8,23.6,22.7
2021-07-23 18:40:00,-5,680380800,24.8,4.17,14.2,27.4,41.8,23.5,22.7
2021-07-23 18:50:00,-5,680381400,22.8,4.17,14.2,27.4,41.8,23.5,22.7
2021-07-23 19:00:00,-5,680382000,21.0,4.17,14.2,27.4,41.8,23.5,22.7
2021-07-23 19:10:00,-5,680382600,19.5,4.17,14.2,27.4,41.8,23.6,22.7
2021-07-23 19:20:00,-5,680383200,18.5,4.17,14.2,27.4,41.8,23.6,22.7
2021-07-23 19:30:00,-5,680383800,17.5,4.17,14.2,27.4,41.8,23.5,22.7
2021-07-23 19:40:00,-5,680384400,17.3,4.17,14.2,27.5,41.8,23.5,22.7
2021-07-23 19:50:00,-5,680385000,16.3,4.17,14.2,27.5,41.8,23.6,22.8
2021-07-23 20:00:00,-5,680385600,15.5,4.17,14.1,27.5,41.8,23.5,22.8
2021-07-23 20:10:00,-5,680386200,15.3,4.17,14.1,27.5,41.8,23.6,22.7
2021-07-23 20:20:00,-5,680386800,15.0,4.17,14.1,27.5,41.8,23.6,22.8
2021-07-23 20:30:00,-5,680387400,14.5,4.17,14.1,27.5,41.8,23.5,22.8
2021-07-23 20:40:00,-5,680388000,14.3,4.17,14.1,27.5,41.8,23.6,22.8
2021-07-23 20:50:00,-5,680388600,14.3,4.15,14.1,27.5,41.8,23.6,22.8
2021-07-23 21:00:00,-5,680389200,14.0,4.15,14.0,27.5,41.8,23.6,22.8
2021-07-23 21:10:00,-5,680389800,13.8,4.15,14.1,27.5,41.8,23.5,22.8
2021-07-23 21:20:00,-5,680390400,13.5,4.15,14.0,27.5,41.8,23.5,22.8
2021-07-23 21:30:00,-5,680391000,13.3,4.15,14.0,27.5,41.8,23.6,22.7
2021-07-23 21:40:00,-5,680391600,13.3,4.15,14.0,27.5,41.8,23.5,22.8
2021-07-23 21:50:00,-5,680392200,13.3,4.15,14.0,27.5,41.8,23.7,22.8
2021-07-23 22:00:00,-5,680392800,13.3,4.15,14.0,27.5,41.8,23.6,22.8
2021-07-23 22:10:00,-5,680393400,13.0,4.15,13.9,27.6,41.8,23.7,22.8
2021-07-23 22:20:00,-5,680394000,12.8,4.15,13.9,27.6,41.8,23.6,22.8
2021-07-23 22:30:00,-5,680394600,12.8,4.15,13.9,27.6,41.8,23.6,22.8
2021-07-23 22:40:00,-5,680395200,12.5,4.15,13.9,27.6,41.8,23.6,22.8
2021-07-23 22:50:00,-5,680395800,12.5,4.15,13.9,27.5,41.8,23.5,22.8
2021-07-23 23:00:00,-5,680396400,12.3,4.15,13.9,27.5,41.8,23.5,22.8
2021-07-23 23:10:00,-5,680397000,12.3,4.15,13.8,27.5,41.8,23.5,22.8
2021-07-23 23:20:00,-5,680397600,12.0,4.15,13.8,27.5,41.8,23.4,22.8
2021-07-23 23:30:00,-5,680398200,12.0,4.15,13.8,27.5,41.8,23.3,22.8
2021-07-23 23:40:00,-5,680398800,12.0,4.15,13.8,27.5,41.8,23.2,22.8
2021-07-23 23:50:00,-5,680399400,12.0,4.15,13.8,27.5,41.8,23.4,22.8
2021-07-24 00:00:00,-5,680400000,12.0,4.15,13.8,27.5,41.8,23.4,22.8
2021-07-24 00:10:00,-5,680400600,12.5,4.15,13.8,27.5,41.8,23.2,22.8
2021-07-24 00:20:00,-5,680401200,12.3,4.15,13.8,27.5,41.8,23.2,22.8
2021-07-24 00:30:00,-5,680401800,12.0,4.15,13.8,27.5,41.8,23.3,22.8
2021-07-24 00:40:00,-5,680402400,11.8,4.15,13.8,27.5,41.8,23.2,22.8
2021-07-24 00:50:00,-5,680403000,11.5,4.15,13.8,27.5,41.8,23.2,22.8
2021-07-24 01:00:00,-5,680403600,11.5,4.15,13.8,27.5,41.8,23.1,22.8
2021-07-24 01:10:00,-5,680404200,11.3,4.15,13.8,27.4,41.8,23.2,22.8
2021-07-24 01:20:00,-5,680404800,11.3,4.15,13.7,27.4,41.8,23.2,22.8
2021-07-24 01:30:00,-5,680405400,11.0,4.14,13.7,27.4,41.8,23.2,22.8
2021-07-24 01:40:00,-5,680406000,11.0,4.14,13.7,27.4,41.8,23.1,22.8
2021-07-24 01:50:00,-5,680406600,10.8,4.14,13.7,27.4,41.8,23.0,22.8
2021-07-24 02:00:00,-5,680407200,11.0,4.14,13.7,27.4,41.8,23.1,23.0
2021-07-24 02:10:00,-5,680407800,10.8,4.14,13.7,27.4,41.8,23.1,22.8
2021-07-24 02:20:00,-5,680408400,10.8,4.14,13.7,27.4,41.8,23.1,22.8
2021-07-24 02:30:00,-5,680409000,11.3,4.14,13.6,27.4,41.8,23.0,22.8
2021-07-24 02:40:00,-5,680409600,11.3,4.14,13.6,27.4,41.8,23.0,22.8
2021-07-24 02:50:00,-5,680410200,11.3,4.14,13.6,27.4,41.8,23.1,22.8
2021-07-24 03:00:00,-5,680410800,11.0,4.14,13.6,27.4,41.8,23.0,22.8
2021-07-24 03:10:00,-5,680411400,10.8,4.14,13.6,27.4,41.8,23.0,22.8
2021-07-24 03:20:00,-5,680412000,10.8,4.14,13.6,27.3,41.8,23.0,22.8
2021-07-24 03:30:00,-5,680412600,10.5,4.14,13.5,27.3,41.8,22.7,22.8
2021-07-24 03:40:00,-5,680413200,10.8,4.14,13.5,27.3,41.8,22.8,22.8
2021-07-24 03:50:00,-5,680413800,10.5,4.14,13.5,27.3,41.8,22.8,22.8
2021-07-24 04:00:00,-5,680414400,10.8,4.14,13.5,27.4,41.8,22.8,22.8
2021-07-24 04:10:00,-5,680415000,10.5,4.14,13.5,27.4,41.8,22.8,22.8
2021-07-24 04:20:00,-5,680415600,10.5,4.14,13.5,27.3,41.8,22.8,22.8
2021-07-24 04:30:00,-5,680416200,10.5,4.14,13.5,27.3,41.9,22.7,22.7
2021-07-24 04:40:00,-5,680416800,10.5,4.14,13.4,27.3,41.8,22.8,22.8
2021-07-24 04:50:00,-5,680417400,10.3,4.14,13.4,27.3,41.8,22.7,22.7
2021-07-24 05:00:00,-5,680418000,10.3,4.14,13.4,27.3,41.8,22.6,22.7
2021-07-24 05:10:00,-5,680418600,10.8,4.14,13.4,27.3,41.8,22.7,22.7
2021-07-24 05:20:00,-5,680419200,11.3,4.14,13.4,27.3,41.8,22.7,22.7
2021-07-24 05:30:00,-5,680419800,11.5,4.14,13.4,27.3,41.8,22.7,22.6
2021-07-24 05:40:00,-5,680420400,12.0,4.14,13.4,27.3,41.8,22.6,22.7
2021-07-24 05:50:00,-5,680421000,12.5,4.14,13.4,27.3,41.8,22.7,22.7
2021-07-24 06:00:00,-5,680421600,14.5,4.14,13.4,27.2,41.8,22.7,22.7
2021-07-24 06:10:00,-5,680422200,17.0,4.14,13.3,27.2,41.8,22.7,22.7
2021-07-24 06:20:00,-5,680422800,18.8,4.14,13.3,27.2,41.8,22.5,22.6
2021-07-24 06:30:00,-5,680423400,20.3,4.14,13.3,27.2,41.8,22.6,22.6
2021-07-24 06:40:00,-5,680424000,22.0,4.14,13.3,27.2,41.8,22.5,22.7
2021-07-24 06:50:00,-5,680424600,24.0,4.14,13.3,27.2,41.8,22.5,22.7
2021-07-24 07:00:00,-5,680425200,26.0,4.15,13.3,27.2,41.8,22.5,22.6
2021-07-24 07:10:00,-5,680425800,27.8,4.15,13.3,27.2,41.8,22.6,22.6
2021-07-24 07:20:00,-5,680426400,29.8,4.15,13.3,27.2,41.8,22.3,22.6
2021-07-24 07:30:00,-5,680427000,31.8,4.17,13.3,27.1,41.8,22.5,22.7
2021-07-24 07:40:00,-5,680427600,33.8,4.17,13.3,27.1,41.8,22.4,22.6
2021-07-24 07:50:00,-5,680428200,35.8,4.15,13.3,27.1,41.8,22.3,22.6
2021-07-24 08:00:00,-5,680428800,37.5,4.15,13.3,27.1,41.8,22.4,22.6
2021-07-24 08:10:00,-5,680429400,39.5,4.15,13.3,27.1,41.8,22.2,22.6
2021-07-24 08:20:00,-5,680430000,41.3,4.15,13.3,27.1,41.8,22.4,22.6
2021-07-24 08:30:00,-5,680430600,42.8,4.15,13.3,27.1,41.8,22.5,22.6
2021-07-24 08:40:00,-5,680431200,44.3,4.15,13.3,27.0,41.8,22.4,22.6
2021-07-24 08:50:00,-5,680431800,45.8,4.15,13.3,27.0,41.7,22.3,22.6
2021-07-24 09:00:00,-5,680432400,47.3,4.15,13.3,27.0,41.7,22.3,22.6
2021-07-24 09:10:00,-5,680433000,48.3,4.15,13.3,27.0,41.7,22.4,22.6
2021-07-24 09:20:00,-5,680433600,49.5,4.15,13.3,26.9,41.7,22.3,22.5
2021-07-24 09:30:00,-5,680434200,50.8,4.15,13.3,26.9,41.6,22.3,22.6
2021-07-24 09:40:00,-5,680434800,51.0,4.15,13.3,26.9,41.6,22.4,22.5
2021-07-24 09:50:00,-5,680435400,51.5,4.15,13.4,26.9,41.6,22.4,22.5
2021-07-24 10:00:00,-5,680436000,52.8,4.15,13.4,26.8,41.6,22.2,22.6
2021-07-24 10:10:00,-5,680436600,53.5,4.15,13.4,26.8,41.6,22.4,22.5
2021-07-24 10:20:00,-5,680437200,54.3,4.15,13.4,26.8,41.5,22.3,22.6
2021-07-24 10:30:00,-5,680437800,54.3,4.15,13.4,26.8,41.5,22.5,22.6
2021-07-24 10:40:00,-5,680438400,54.8,4.15,13.4,26.7,41.5,22.3,22.4
2021-07-24 10:50:00,-5,680439000,55.3,4.15,13.4,26.7,41.4,22.5,22.5
2021-07-24 11:00:00,-5,680439600,56.0,4.15,13.4,26.7,41.4,22.5,22.4
2021-07-24 11:10:00,-5,680440200,55.5,4.15,13.4,26.7,41.4,22.5,22.5
2021-07-24 11:20:00,-5,680440800,53.3,4.15,13.5,26.7,41.4,22.5,22.5
2021-07-24 11:30:00,-5,680441400,56.0,4.15,13.5,26.7,41.3,22.3,22.4
2021-07-24 11:40:00,-5,680442000,52.3,4.15,13.5,26.6,41.3,22.5,22.5
2021-07-24 11:50:00,-5,680442600,53.8,4.15,13.5,26.6,41.3,22.5,22.5
2021-07-24 12:00:00,-5,680443200,54.5,4.15,13.5,26.6,41.3,22.5,22.4
2021-07-24 12:10:00,-5,680443800,55.8,4.15,13.6,26.6,41.2,22.5,22.5
2021-07-24 12:20:00,-5,680444400,50.5,4.15,13.6,26.6,41.2,22.5,22.4
2021-07-24 12:30:00,-5,680445000,48.5,4.15,13.6,26.6,41.2,22.4,22.4
2021-07-24 12:40:00,-5,680445600,45.3,4.15,13.6,26.5,41.1,22.5,22.4
2021-07-24 12:50:00,-5,680446200,43.8,4.15,13.6,26.5,41.1,22.5,22.5
2021-07-24 13:00:00,-5,680446800,46.3,4.17,13.6,26.6,41.1,22.5,22.5
2021-07-24 13:10:00,-5,680447400,44.3,4.15,13.6,26.5,41.1,22.7,22.4
2021-07-24 13:20:00,-5,680448000,41.8,4.17,13.7,26.5,41.1,22.6,22.4
2021-07-24 13:30:00,-5,680448600,45.0,4.17,13.7,26.5,41.0,22.7,22.4
2021-07-24 13:40:00,-5,680449200,50.3,4.17,13.7,26.5,41.0,22.6,22.3
2021-07-24 13:50:00,-5,680449800,45.8,4.15,13.7,26.5,41.0,22.7,22.3
2021-07-24 14:00:00,-5,680450400,41.5,4.17,13.7,26.5,40.9,22.5,22.3
2021-07-24 14:10:00,-5,680451000,38.8,4.17,13.8,26.5,40.9,22.8,22.4
2021-07-24 14:20:00,-5,680451600,42.3,4.17,13.8,26.5,40.9,22.7,22.3
2021-07-24 14:30:00,-5,680452200,47.5,4.17,13.8,26.5,40.9,22.8,22.4
2021-07-24 14:40:00,-5,680452800,48.3,4.17,13.8,26.4,40.9,22.8,22.3
2021-07-24 14:50:00,-5,680453400,45.8,4.17,13.8,26.4,40.8,22.8,22.5
2021-07-24 15:00:00,-5,680454000,38.3,4.17,13.8,26.5,40.8,22.7,22.3
2021-07-24 15:10:00,-5,680454600,40.8,4.17,13.8,26.5,40.8,22.8,22.3
2021-07-24 15:20:00,-5,680455200,43.8,4.17,13.8,26.5,40.8,23.1,22.3
2021-07-24 15:30:00,-5,680455800,46.5,4.17,13.8,26.4,40.7,23.0,22.3
2021-07-24 15:40:00,-5,680456400,40.5,4.17,13.8,26.5,40.7,23.1,22.4
2021-07-24 15:50:00,-5,680457000,36.5,4.17,13.8,26.5,40.7,22.7,22.3
2021-07-24 16:00:00,-5,680457600,38.5,4.17,13.8,26.5,40.7,23.1,22.5
2021-07-24 16:10:00,-5,680458200,37.3,4.17,13.8,26.5,40.7,23.0,22.5
2021-07-24 16:20:00,-5,680458800,36.3,4.17,13.8,26.5,40.6,23.0,22.3
2021-07-24 16:30:00,-5,680459400,37.0,4.17,13.8,26.4,40.7,23.0,22.4
2021-07-24 16:40:00,-5,680460000,33.8,4.17,13.8,26.5,40.6,23.0,22.5
2021-07-24 16:50:00,-5,680460600,33.8,4.17,13.8,26.5,40.6,22.8,22.3
2021-07-24 17:00:00,-5,680461200,35.0,4.17,13.8,26.5,40.6,23.0,22.4
2021-07-24 17:10:00,-5,680461800,35.5,4.17,13.8,26.5,40.6,23.0,22.4
2021-07-24 17:20:00,-5,680462400,34.8,4.17,13.8,26.5,40.6,23.0,22.3
2021-07-24 17:30:00,-5,680463000,33.3,4.17,13.8,26.5,40.6,23.1,22.5
2021-07-24 17:40:00,-5,680463600,32.5,4.17,13.8,26.5,40.6,23.1,22.5
2021-07-24 17:50:00,-5,680464200,31.0,4.17,13.8,26.5,40.6,23.0,22.3
2021-07-24 18:00:00,-5,680464800,30.5,4.17,13.8,26.6,40.6,23.1,22.4
2021-07-24 18:10:00,-5,680465400,29.8,4.17,13.8,26.6,40.6,23.1,22.3
2021-07-24 18:20:00,-5,680466000,28.0,4.17,13.8,26.5,40.6,23.2,22.5
2021-07-24 18:30:00,-5,680466600,26.5,4.17,13.8,26.6,40.6,23.1,22.5
2021-07-24 18:40:00,-5,680467200,25.3,4.17,13.8,26.6,40.6,23.0,22.5
2021-07-24 18:50:00,-5,680467800,23.8,4.17,13.8,26.6,40.6,23.2,22.5
2021-07-24 19:00:00,-5,680468400,22.8,4.17,13.8,26.6,40.6,23.2,22.5
2021-07-24 19:10:00,-5,680469000,21.8,4.17,13.8,26.6,40.6,23.1,22.5
2021-07-24 19:20:00,-5,680469600,21.0,4.17,13.8,26.6,40.6,23.2,22.5
2021-07-24 19:30:00,-5,680470200,20.3,4.17,13.8,26.6,40.6,23.1,22.5
2021-07-24 19:40:00,-5,680470800,20.5,4.17,13.8,26.6,40.6,23.2,22.5
2021-07-24 19:50:00,-5,680471400,20.8,4.17,13.8,26.7,40.6,23.3,22.5
2021-07-24 20:00:00,-5,680472000,20.8,4.15,13.8,26.7,40.6,23.1,22.5
2021-07-24 20:10:00,-5,680472600,20.5,4.15,13.8,26.6,40.6,23.2,22.5
2021-07-24 20:20:00,-5,680473200,20.3,4.15,13.8,26.7,40.6,23.3,22.5
2021-07-24 20:30:00,-5,680473800,20.3,4.15,13.8,26.7,40.6,23.3,22.5
2021-07-24 20:40:00,-5,680474400,20.3,4.15,13.8,26.7,40.6,23.3,22.5
2021-07-24 20:50:00,-5,680475000,20.5,4.15,13.8,26.7,40.6,23.4,22.5
2021-07-24 21:00:00,-5,680475600,21.3,4.15,13.8,26.7,40.6,23.3,22.5
2021-07-24 21:10:00,-5,680476200,22.0,4.15,13.8,26.7,40.6,23.1,22.5
2021-07-24 21:20:00,-5,680476800,22.3,4.15,13.8,26.7,40.6,23.1,22.5
2021-07-24 21:30:00,-5,680477400,22.3,4.15,13.8,26.7,40.6,23.2,22.5
2021-07-24 21:40:00,-5,680478000,22.5,4.15,13.8,26.7,40.6,23.2,22.5
2021-07-24 21:50:00,-5,680478600,22.8,4.15,13.8,26.7,40.6,23.2,22.6
2021-07-24 22:00:00,-5,680479200,22.8,4.15,13.8,26.7,40.6,23.1,22.6
2021-07-24 22:10:00,-5,680479800,23.0,4.15,13.8,26.7,40.6,23.3,22.6
2021-07-24 22:20:00,-5,680480400,23.0,4.15,13.8,26.7,40.6,23.2,22.5
2021-07-24 22:30:00,-5,680481000,23.0,4.15,13.8,26.7,40.6,23.2,22.5
2021-07-24 22:40:00,-5,680481600,22.8,4.15,13.8,26.7,40.6,23.1,22.5
2021-07-24 22:50:00,-5,680482200,22.8,4.15,13.8,26.7,40.6,23.1,22.5
2021-07-24 23:00:00,-5,680482800,22.5,4.15,13.8,26.7,40.6,23.0,22.5
2021-07-24 23:10:00,-5,680483400,22.5,4.15,13.8,26.7,40.6,23.2,22.5
2021-07-24 23:20:00,-5,680484000,22.5,4.15,13.8,26.7,40.6,23.3,22.5
2021-07-24 23:30:00,-5,680484600,21.5,4.15,13.8,26.7,40.6,23.2,22.5
2021-07-24 23:40:00,-5,680485200,20.5,4.15,13.8,26.7,40.6,23.1,22.6
2021-07-24 23:50:00,-5,680485800,20.0,4.15,13.7,26.7,40.6,23.2,22.5
2021-07-25 00:00:00,-5,680486400,19.8,4.15,13.8,26.7,40.6,23.2,22.5
2021-07-25 00:10:00,-5,680487000,19.5,4.15,13.8,26.7,40.6,23.2,22.6
2021-07-25 00:20:00,-5,680487600,19.3,4.15,13.8,26.7,40.6,23.2,22.5
2021-07-25 00:30:00,-5,680488200,19.3,4.15,13.8,26.7,40.6,23.1,22.5
2021-07-25 00:40:00,-5,680488800,19.3,4.15,13.8,26.7,40.6,23.1,22.6
2021-07-25 00:50:00,-5,680489400,19.3,4.15,13.8,26.7,40.6,23.2,22.6
2021-07-25 01:00:00,-5,680490000,19.3,4.14,13.8,26.7,40.6,23.1,22.5
2021-07-25 01:10:00,-5,680490600,19.0,4.14,13.8,26.7,40.6,23.2,22.5
2021-07-25 01:20:00,-5,680491200,18.8,4.14,13.7,26.7,40.6,23.2,22.6
2021-07-25 01:30:00,-5,680491800,18.8,4.14,13.8,26.7,40.6,23.1,22.5
2021-07-25 01:40:00,-5,680492400,19.0,4.14,13.7,26.7,40.7,23.1,22.5
2021-07-25 01:50:00,-5,680493000,19.0,4.14,13.7,26.7,40.6,23.2,22.6
2021-07-25 02:00:00,-5,680493600,19.0,4.14,13.7,26.7,40.6,23.1,22.6
2021-07-25 02:10:00,-5,680494200,19.0,4.14,13.7,26.7,40.6,23.2,22.6
2021-07-25 02:20:00,-5,680494800,18.8,4.14,13.7,26.7,40.6,23.1,22.6
2021-07-25 02:30:00,-5,680495400,18.8,4.14,13.7,26.7,40.6,23.1,22.6
2021-07-25 02:40:00,-5,680496000,18.8,4.14,13.7,26.7,40.6,23.1,22.6
2021-07-25 02:50:00,-5,680496600,18.8,4.14,13.7,26.7,40.6,23.2,22.6
2021-07-25 03:00:00,-5,680497200,18.8,4.14,13.7,26.7,40.6,22.8,22.6
2021-07-25 03:10:00,-5,680497800,18.8,4.14,13.7,26.7,40.6,23.0,22.5
2021-07-25 03:20:00,-5,680498400,18.8,4.14,13.7,26.7,40.6,23.0,22.6
2021-07-25 03:30:00,-5,680499000,19.0,4.14,13.7,26.7,40.6,23.1,22.5
2021-07-25 03:40:00,-5,680499600,18.8,4.14,13.7,26.7,40.6,23.0,22.5
2021-07-25 03:50:00,-5,680500200,18.8,4.14,13.7,26.7,40.6,23.0,22.5
2021-07-25 04:00:00,-5,680500800,18.8,4.14,13.7,26.7,40.6,23.2,22.6
2021-07-25 04:10:00,-5,680501400,19.0,4.14,13.7,26.7,40.6,23.0,22.5
2021-07-25 04:20:00,-5,680502000,19.0,4.14,13.7,26.7,40.6,23.1,22.6
2021-07-25 04:30:00,-5,680502600,19.0,4.14,13.7,26.7,40.6,23.2,22.6
2021-07-25 04:40:00,-5,680503200,19.0,4.14,13.7,26.7,40.7,23.0,22.6
2021-07-25 04:50:00,-5,680503800,19.0,4.14,13.7,26.7,40.6,23.0,22.6
2021-07-25 05:00:00,-5,680504400,19.3,4.14,13.7,26.7,40.6,23.0,22.6
2021-07-25 05:10:00,-5,680505000,19.3,4.14,13.7,26.7,40.6,23.0,22.6
2021-07-25 05:20:00,-5,680505600,19.5,4.14,13.7,26.7,40.6,23.1,22.6
2021-07-25 05:30:00,-5,680506200,19.8,4.14,13.7,26.7,40.6,23.0,22.5
2021-07-25 05:40:00,-5,680506800,20.0,4.14,13.7,26.7,40.6,23.1,22.6
2021-07-25 05:50:00,-5,680507400,20.5,4.14,13.7,26.7,40.6,23.0,22.6
2021-07-25 06:00:00,-5,680508000,21.0,4.14,13.7,26.7,40.6,23.0,22.6
2021-07-25 06:10:00,-5,680508600,21.3,4.14,13.7,26.7,40.7,23.1,22.6
2021-07-25 06:20:00,-5,680509200,21.8,4.14,13.7,26.7,40.6,23.0,22.6
2021-07-25 06:30:00,-5,680509800,22.3,4.14,13.7,26.6,40.7,23.0,22.5
2021-07-25 06:40:00,-5,680510400,22.8,4.14,13.7,26.7,40.7,23.0,22.5
2021-07-25 06:50:00,-5,680511000,23.3,4.14,13.7,26.7,40.6,23.1,22.6
2021-07-25 07:00:00,-5,680511600,23.5,4.14,13.7,26.7,40.6,22.8,22.6
2021-07-25 07:10:00,-5,680512200,25.3,4.14,13.7,26.7,40.6,23.1,22.5
2021-07-25 07:20:00,-5,680512800,27.3,4.14,13.7,26.6,40.6,23.0,22.5
2021-07-25 07:30:00,-5,680513400,28.3,4.14,13.7,26.6,40.6,23.1,22.6
2021-07-25 07:40:00,-5,680514000,29.3,4.14,13.7,26.6,40.6,22.6,22.5
2021-07-25 07:50:00,-5,680514600,31.5,4.15,13.7,26.6,40.6,23.0,22.5
2021-07-25 08:00:00,-5,680515200,35.3,4.15,13.7,26.6,40.6,23.0,22.5
2021-07-25 08:10:00,-5,680515800,35.3,4.15,13.7,26.6,40.6,22.7,22.5
2021-07-25 08:20:00,-5,680516400,33.5,4.15,13.7,26.6,40.6,23.1,22.6
2021-07-25 08:30:00,-5,680517000,36.0,4.15,13.7,26.6,40.6,23.1,22.5
2021-07-25 08:40:00,-5,680517600,36.8,4.17,13.7,26.6,40.6,23.0,22.5
2021-07-25 08:50:00,-5,680518200,38.3,4.15,13.7,26.6,40.6,23.0,22.5
2021-07-25 09:00:00,-5,680518800,40.5,4.15,13.8,26.6,40.6,23.0,22.6
2021-07-25 09:10:00,-5,680519400,43.5,4.15,13.8,26.6,40.6,22.6,22.5
2021-07-25 09:20:00,-5,680520000,45.5,4.15,13.8,26.6,40.5,22.8,22.5
2021-07-25 09:30:00,-5,680520600,46.8,4.15,13.8,26.5,40.5,23.0,22.5
2021-07-25 09:40:00,-5,680521200,47.8,4.15,13.8,26.5,40.5,23.0,22.5
2021-07-25 09:50:00,-5,680521800,45.0,4.15,13.8,26.5,40.5,22.7,22.5
2021-07-25 10:00:00,-5,680522400,42.5,4.15,13.8,26.5,40.5,23.0,22.5
2021-07-25 10:10:00,-5,680523000,42.3,4.15,13.8,26.5,40.5,23.0,22.5
2021-07-25 10:20:00,-5,680523600,46.5,4.15,13.8,26.5,40.5,23.1,22.5
2021-07-25 10:30:00,-5,680524200,49.5,4.15,13.8,26.5,40.4,23.0,22.6
2021-07-25 10:40:00,-5,680524800,51.5,4.15,13.8,26.5,40.4,23.0,22.5
2021-07-25 10:50:00,-5,680525400,52.8,4.15,13.8,26.5,40.4,23.0,22.5
2021-07-25 11:00:00,-5,680526000,50.8,4.15,13.8,26.5,40.4,23.0,22.5
2021-07-25 11:10:00,-5,680526600,49.5,4.15,13.8,26.5,40.4,23.0,22.5
2021-07-25 11:20:00,-5,680527200,52.0,4.15,13.8,26.5,40.4,23.1,22.6
2021-07-25 11:30:00,-5,680527800,52.8,4.15,13.8,26.4,40.3,23.0,22.5
2021-07-25 11:40:00,-5,680528400,47.5,4.15,13.9,26.5,40.3,23.0,22.6
2021-07-25 11:50:00,-5,680529000,50.0,4.15,13.9,26.4,40.3,23.1,22.5
2021-07-25 12:00:00,-5,680529600,53.3,4.15,13.9,26.4,40.3,23.1,22.5
2021-07-25 12:10:00,-5,680530200,49.3,4.15,13.9,26.4,40.3,23.0,22.5
2021-07-25 12:20:00,-5,680530800,53.5,4.15,13.9,26.4,40.3,23.1,22.6
2021-07-25 12:30:00,-5,680531400,53.5,4.17,13.9,26.4,40.2,23.2,22.5
2021-07-25 12:40:00,-5,680532000,48.0,4.15,13.9,26.4,40.2,23.1,22.6
2021-07-25 12:50:00,-5,680532600,50.8,4.15,13.9,26.4,40.2,23.1,22.5
2021-07-25 13:00:00,-5,680533200,45.3,4.15,14.0,26.4,40.2,23.1,22.6
2021-07-25 13:10:00,-5,680533800,44.0,4.15,14.0,26.4,40.1,23.2,22.5
2021-07-25 13:20:00,-5,680534400,42.0,4.17,14.0,26.4,40.1,23.2,22.5
2021-07-25 13:30:00,-5,680535000,42.0,4.15,14.0,26.4,40.1,23.1,22.6
2021-07-25 13:40:00,-5,680535600,43.8,4.17,14.0,26.4,40.1,23.1,22.5
2021-07-25 13:50:00,-5,680536200,41.0,4.15,14.0,26.4,40.1,23.2,22.5
2021-07-25 14:00:00,-5,680536800,43.5,4.15,14.0,26.4,40.1,23.2,22.5
2021-07-25 14:10:00,-5,680537400,43.0,4.15,14.1,26.4,40.0,23.3,22.5
2021-07-25 14:20:00,-5,680538000,43.0,4.15,14.1,26.4,40.0,23.4,22.5
2021-07-25 14:30:00,-5,680538600,39.3,4.17,14.1,26.5,40.0,23.4,22.5
2021-07-25 14:40:00,-5,680539200,35.0,4.17,14.1,26.5,40.0,23.4,22.5
2021-07-25 14:50:00,-5,680539800,33.3,4.17,14.1,26.5,40.0,23.5,22.5
2021-07-25 15:00:00,-5,680540400,34.3,4.17,14.1,26.5,40.0,23.5,22.5
2021-07-25 15:10:00,-5,680541000,40.3,4.17,14.1,26.5,40.0,23.5,22.5
2021-07-25 15:20:00,-5,680541600,39.5,4.17,14.1,26.5,40.0,23.5,22.6
2021-07-25 15:30:00,-5,680542200,43.3,4.17,14.2,26.5,39.9,23.5,22.5
2021-07-25 15:40:00,-5,680542800,44.0,4.17,14.2,26.5,39.9,23.5,22.5
2021-07-25 15:50:00,-5,680543400,43.3,4.17,14.2,26.5,39.9,23.5,22.6
2021-07-25 16:00:00,-5,680544000,42.5,4.17,14.2,26.5,39.9,23.6,22.5
2021-07-25 16:10:00,-5,680544600,42.3,4.17,14.2,26.5,39.9,23.6,22.5
2021-07-25 16:20:00,-5,680545200,41.0,4.17,14.2,26.5,39.8,23.5,22.5
2021-07-25 16:30:00,-5,680545800,40.3,4.17,14.2,26.5,39.8,23.7,22.6
2021-07-25 16:40:00,-5,680546400,38.5,4.17,14.2,26.5,39.8,23.7,22.5
2021-07-25 16:50:00,-5,680547000,37.5,4.17,14.2,26.5,39.8,23.6,22.6
2021-07-25 17:00:00,-5,680547600,34.8,4.17,14.2,26.6,39.8,23.7,22.5
2021-07-25 17:10:00,-5,680548200,33.5,4.17,14.2,26.6,39.8,23.6,22.6
2021-07-25 17:20:00,-5,680548800,34.5,4.17,14.2,26.6,39.8,23.8,22.6
2021-07-25 17:30:00,-5,680549400,33.8,4.17,14.3,26.6,39.8,23.7,22.6
2021-07-25 17:40:00,-5,680550000,34.5,4.17,14.3,26.6,39.8,23.8,22.6
2021-07-25 17:50:00,-5,680550600,33.8,4.17,14.3,26.6,39.8,23.7,22.6
2021-07-25 18:00:00,-5,680551200,31.3,4.17,14.3,26.6,39.8,23.8,22.6
2021-07-25 18:10:00,-5,680551800,29.8,4.17,14.3,26.6,39.8,23.7,22.6
2021-07-25 18:20:00,-5,680552400,29.0,4.17,14.3,26.6,39.8,23.8,22.6
2021-07-25 18:30:00,-5,680553000,28.3,4.17,14.3,26.6,39.8,23.8,22.6
2021-07-25 18:40:00,-5,680553600,28.0,4.17,14.3,26.7,39.8,23.7,22.5
2021-07-25 18:50:00,-5,680554200,27.0,4.17,14.3,26.7,39.8,24.1,22.6
2021-07-25 19:00:00,-5,680554800,25.8,4.17,14.3,26.7,39.8,23.8,22.6
2021-07-25 19:10:00,-5,680555400,24.8,4.17,14.3,26.7,39.8,23.8,22.6
2021-07-25 19:20:00,-5,680556000,24.0,4.17,14.3,26.7,39.8,23.7,22.7
2021-07-25 19:30:00,-5,680556600,23.8,4.17,14.3,26.7,39.8,23.8,22.6
2021-07-25 19:40:00,-5,680557200,23.5,4.17,14.3,26.7,39.8,24.1,22.6
2021-07-25 19:50:00,-5,680557800,22.8,4.17,14.3,26.7,39.8,23.8,22.7
2021-07-25 20:00:00,-5,680558400,22.3,4.15,14.2,26.7,39.8,23.7,22.6
2021-07-25 20:10:00,-5,680559000,22.0,4.15,14.2,26.7,39.8,23.7,22.6
2021-07-25 20:20:00,-5,680559600,22.5,4.15,14.2,26.7,39.8,23.7,22.7
2021-07-25 20:30:00,-5,680560200,23.0,4.15,14.2,26.8,39.8,23.7,22.7
2021-07-25 20:40:00,-5,680560800,23.3,4.15,14.2,26.8,39.8,23.8,22.6
2021-07-25 20:50:00,-5,680561400,23.3,4.15,14.2,26.8,39.8,24.0,22.6
2021-07-25 21:00:00,-5,680562000,22.8,4.15,14.2,26.8,39.8,24.1,22.7
2021-07-25 21:10:00,-5,680562600,22.8,4.15,14.2,26.8,39.8,24.1,22.7
2021-07-25 21:20:00,-5,680563200,22.5,4.15,14.2,26.8,39.8,23.7,22.7
2021-07-25 21:30:00,-5,680563800,22.3,4.15,14.2,26.8,39.8,24.0,22.6
2021-07-25 21:40:00,-5,680564400,22.0,4.15,14.2,26.8,39.8,23.7,22.8
2021-07-25 21:50:00,-5,680565000,22.5,4.15,14.2,26.8,39.8,23.8,22.7
2021-07-25 22:00:00,-5,680565600,22.5,4.15,14.2,26.8,39.8,24.1,22.8
2021-07-25 22:10:00,-5,680566200,22.8,4.15,14.1,26.8,39.9,23.7,22.8
2021-07-25 22:20:00,-5,680566800,22.5,4.15,14.1,26.8,39.8,23.8,22.8
2021-07-25 22:30:00,-5,680567400,22.3,4.15,14.1,26.8,39.8,24.0,22.7
2021-07-25 22:40:00,-5,680568000,21.8,4.15,14.1,26.8,39.8,24.0,22.8
2021-07-25 22:50:00,-5,680568600,21.8,4.15,14.1,26.8,39.8,23.8,22.7
2021-07-25 23:00:00,-5,680569200,21.5,4.15,14.1,26.8,39.9,23.8,22.8
2021-07-25 23:10:00,-5,680569800,22.0,4.15,14.1,26.8,39.8,24.1,22.8
2021-07-25 23:20:00,-5,680570400,22.0,4.15,14.1,26.8,39.8,23.8,22.8
2021-07-25 23:30:00,-5,680571000,21.8,4.15,14.1,26.8,39.9,23.8,22.8
2021-07-25 23:40:00,-5,680571600,21.8,4.15,14.1,26.8,39.9,23.8,22.8
2021-07-25 23:50:00,-5,680572200,21.3,4.15,14.1,26.8,39.9,23.8,22.8
2021-07-26 00:00:00,-5,680572800,21.3,4.15,14.1,26.8,39.9,23.8,22.8
2021-07-26 00:10:00,-5,680573400,20.8,4.15,14.0,26.9,39.9,23.7,22.8
2021-07-26 00:20:00,-5,680574000,20.3,4.15,14.0,26.8,39.9,23.6,22.8
2021-07-26 00:30:00,-5,680574600,20.0,4.14,14.0,26.9,39.9,23.8,22.8
2021-07-26 00:40:00,-5,680575200,19.5,4.14,14.0,26.8,39.9,23.8,22.8
2021-07-26 00:50:00,-5,680575800,19.8,4.14,14.0,26.8,39.9,23.7,22.7
2021-07-26 01:00:00,-5,680576400,19.5,4.14,14.0,26.8,39.9,23.8,22.8
2021-07-26 01:10:00,-5,680577000,19.3,4.14,14.0,26.8,39.9,23.7,22.8
2021-07-26 01:20:00,-5,680577600,19.3,4.14,14.0,26.9,39.9,23.8,22.8
2021-07-26 01:30:00,-5,680578200,19.5,4.14,14.0,26.9,39.9,23.8,22.8
2021-07-26 01:40:00,-5,680578800,19.5,4.14,14.0,26.9,39.9,23.7,22.8
2021-07-26 01:50:00,-5,680579400,19.3,4.14,14.0,26.9,39.9,23.8,22.8
2021-07-26 02:00:00,-5,680580000,19.0,4.14,14.0,26.9,39.9,23.7,22.7
2021-07-26 02:10:00,-5,680580600,18.8,4.14,13.9,26.9,39.9,23.8,22.8
2021-07-26 02:20:00,-5,680581200,18.8,4.14,13.9,26.9,39.9,23.7,23.0
2021-07-26 02:30:00,-5,680581800,18.8,4.14,13.9,26.9,39.9,23.8,22.8
2021-07-26 02:40:00,-5,680582400,19.0,4.14,13.9,26.9,39.9,23.8,22.8
2021-07-26 02:50:00,-5,680583000,18.8,4.14,13.9,26.9,39.9,23.7,22.8
2021-07-26 03:00:00,-5,680583600,19.0,4.14,13.9,26.9,39.9,23.7,22.8
2021-07-26 03:10:00,-5,680584200,19.3,4.14,13.9,26.9,39.9,23.6,23.0
2021-07-26 03:20:00,-5,680584800,19.3,4.14,13.9,26.9,39.9,23.8,22.8
2021-07-26 03:30:00,-5,680585400,19.0,4.14,13.9,26.9,39.9,23.7,22.8
2021-07-26 03:40:00,-5,680586000,19.3,4.14,13.9,26.9,39.9,23.7,22.8
2021-07-26 03:50:00,-5,680586600,19.3,4.14,13.9,26.9,39.9,23.6,22.8
2021-07-26 04:00:00,-5,680587200,19.0,4.14,13.9,26.9,39.9,23.6,22.8
2021-07-26 04:10:00,-5,680587800,18.3,4.14,13.8,26.9,39.9,23.6,22.8
2021-07-26 04:20:00,-5,680588400,18.0,4.14,13.8,26.8,39.9,23.6,22.8
2021-07-26 04:30:00,-5,680589000,17.8,4.14,13.8,26.8,39.9,23.5,22.8
2021-07-26 04:40:00,-5,680589600,17.5,4.14,13.8,26.8,39.9,23.6,22.8
2021-07-26 04:50:00,-5,680590200,17.5,4.14,13.8,26.8,39.9,23.5,22.8
2021-07-26 05:00:00,-5,680590800,17.5,4.14,13.8,26.8,39.9,23.6,22.8
2021-07-26 05:10:00,-5,680591400,17.5,4.14,13.8,26.8,39.9,23.5,22.8
2021-07-26 05:20:00,-5,680592000,17.8,4.14,13.8,26.8,39.9,23.6,22.8
2021-07-26 05:30:00,-5,680592600,17.8,4.14,13.8,26.8,39.9,23.6,22.8
2021-07-26 05:40:00,-5,680593200,18.3,4.14,13.8,26.8,39.9,23.6,22.8
2021-07-26 05:50:00,-5,680593800,19.3,4.14,13.8,26.8,39.9,23.5,22.8
2021-07-26 06:00:00,-5,680594400,21.5,4.14,13.8,26.8,39.9,23.6,22.7
2021-07-26 06:10:00,-5,680595000,23.0,4.14,13.8,26.8,39.9,23.5,22.8
2021-07-26 06:20:00,-5,680595600,23.5,4.14,13.8,26.8,39.9,23.3,22.8
2021-07-26 06:30:00,-5,680596200,23.5,4.14,13.8,26.8,39.9,23.5,22.8
2021-07-26 06:40:00,-5,680596800,24.3,4.14,13.8,26.8,39.9,23.5,22.8
2021-07-26 06:50:00,-5,680597400,25.5,4.14,13.8,26.8,39.9,23.3,22.8
2021-07-26 07:00:00,-5,680598000,27.3,4.14,13.8,26.8,39.9,23.5,22.8
2021-07-26 07:10:00,-5,680598600,29.0,4.14,13.8,26.8,39.9,23.5,22.8
2021-07-26 07:20:00,-5,680599200,30.8,4.15,13.8,26.8,39.9,23.3,22.8
2021-07-26 07:30:00,-5,680599800,32.5,4.15,13.8,26.8,39.9,23.4,22.8
2021-07-26 07:40:00,-5,680600400,33.3,4.15,13.8,26.8,39.9,23.3,22.8
2021-07-26 07:50:00,-5,680601000,35.8,4.15,13.8,26.8,39.9,23.3,22.8
2021-07-26 08:00:00,-5,680601600,39.3,4.15,13.8,26.7,39.9,23.4,22.8
2021-07-26 08:10:00,-5,680602200,41.0,4.15,13.8,26.7,39.9,23.5,22.7
2021-07-26 08:20:00,-5,680602800,38.5,4.15,13.8,26.7,39.9,23.4,22.8
2021-07-26 08:30:00,-5,680603400,36.0,4.17,13.8,26.7,39.9,23.3,22.8
2021-07-26 08:40:00,-5,680604000,37.0,4.15,13.8,26.7,39.8,23.3,22.8
2021-07-26 08:50:00,-5,680604600,39.5,4.15,13.8,26.7,39.8,23.3,22.7
2021-07-26 09:00:00,-5,680605200,39.3,4.15,13.8,26.7,39.8,23.3,22.8
2021-07-26 09:10:00,-5,680605800,39.3,4.15,13.8,26.7,39.8,23.3,22.8
2021-07-26 09:20:00,-5,680606400,38.3,4.17,13.8,26.7,39.8,23.3,22.8
2021-07-26 09:30:00,-5,680607000,37.5,4.17,13.8,26.7,39.8,23.3,22.8
2021-07-26 09:40:00,-5,680607600,39.0,4.15,13.8,26.7,39.8,23.4,22.8
2021-07-26 09:50:00,-5,680608200,40.3,4.17,13.8,26.7,39.8,23.4,22.8
2021-07-26 10:00:00,-5,680608800,43.0,4.15,13.8,26.7,39.7,23.4,22.8
2021-07-26 10:10:00,-5,680609400,42.8,4.15,13.9,26.5,39.8,23.4,22.8
2021-07-26 10:20:00,-5,680610000,46.3,4.15,13.9,26.6,39.7,23.3,22.8
2021-07-26 10:30:00,-5,680610600,47.3,4.15,13.9,26.6,39.7,23.4,22.7
2021-07-26 10:40:00,-5,680611200,50.8,4.15,13.9,26.6,39.7,23.4,22.8
2021-07-26 10:50:00,-5,680611800,51.5,4.17,13.9,26.6,39.7,23.4,22.8
2021-07-26 11:00:00,-5,680612400,50.0,4.17,13.9,26.5,39.6,23.5,22.8
2021-07-26 11:10:00,-5,680613000,51.0,4.17,13.9,26.5,39.6,23.3,22.8
2021-07-26 11:20:00,-5,680613600,52.5,4.15,13.9,26.5,39.6,23.4,22.8
2021-07-26 11:30:00,-5,680614200,52.3,4.17,13.9,26.5,39.6,23.5,22.8
2021-07-26 11:40:00,-5,680614800,52.3,4.15,14.0,26.5,39.5,23.4,22.7
2021-07-26 11:50:00,-5,680615400,52.0,4.15,14.0,26.5,39.5,23.5,22.8
2021-07-26 12:00:00,-5,680616000,50.0,4.15,14.0,26.5,39.5,23.5,22.7
2021-07-26 12:10:00,-5,680616600,50.5,4.15,14.0,26.5,39.5,23.5,22.8
2021-07-26 12:20:00,-5,680617200,49.0,4.17,14.0,26.4,39.4,23.5,22.8
2021-07-26 12:30:00,-5,680617800,48.5,4.17,14.0,26.4,39.4,23.6,22.7
2021-07-26 12:40:00,-5,680618400,50.0,4.17,14.1,26.4,39.4,23.6,22.7
2021-07-26 12:50:00,-5,680619000,52.0,4.15,14.1,26.4,39.4,23.7,22.8
2021-07-26 13:00:00,-5,680619600,53.3,4.17,14.1,26.4,39.3,23.7,22.8
2021-07-26 13:10:00,-5,680620200,54.3,4.17,14.1,26.4,39.3,23.5,22.7
2021-07-26 13:20:00,-5,680620800,51.0,4.17,14.1,26.4,39.3,23.6,22.7
2021-07-26 13:30:00,-5,680621400,53.8,4.17,14.1,26.4,39.2,23.7,22.8
2021-07-26 13:40:00,-5,680622000,54.0,4.17,14.1,26.4,39.2,23.7,22.7
2021-07-26 13:50:00,-5,680622600,48.8,4.17,14.1,26.4,39.2,23.7,22.7
2021-07-26 14:00:00,-5,680623200,49.8,4.17,14.2,26.4,39.2,23.6,22.7
2021-07-26 14:10:00,-5,680623800,49.8,4.17,14.2,26.4,39.1,23.7,22.8
2021-07-26 14:20:00,-5,680624400,50.0,4.17,14.2,26.4,39.1,23.8,22.8
2021-07-26 14:30:00,-5,680625000,46.5,4.17,14.2,26.4,39.1,23.8,22.7
2021-07-26 14:40:00,-5,680625600,41.5,4.17,14.2,26.4,39.1,23.8,22.7
2021-07-26 14:50:00,-5,680626200,44.3,4.17,14.2,26.4,39.0,23.8,22.7
2021-07-26 15:00:00,-5,680626800,46.3,4.17,14.2,26.4,39.0,23.8,22.7
2021-07-26 15:10:00,-5,680627400,46.5,4.17,14.2,26.4,39.0,23.7,22.8
2021-07-26 15:20:00,-5,680628000,46.5,4.17,14.3,26.4,39.0,23.8,22.7
2021-07-26 15:30:00,-5,680628600,45.8,4.17,14.3,26.3,38.9,24.0,22.7
2021-07-26 15:40:00,-5,680629200,45.0,4.17,14.3,26.4,38.9,24.0,22.8
2021-07-26 15:50:00,-5,680629800,45.0,4.15,14.3,26.3,38.9,24.0,22.8
2021-07-26 16:00:00,-5,680630400,43.8,4.15,14.3,26.4,38.8,24.1,22.8
2021-07-26 16:10:00,-5,680631000,42.8,4.15,14.3,26.4,38.8,24.0,22.8
2021-07-26 16:20:00,-5,680631600,42.8,4.17,14.3,26.4,38.8,24.1,22.8
2021-07-26 16:30:00,-5,680632200,42.0,4.17,14.3,26.4,38.8,24.0,22.8
2021-07-26 16:40:00,-5,680632800,40.3,4.17,14.3,26.4,38.8,24.2,22.8
2021-07-26 16:50:00,-5,680633400,39.5,4.17,14.3,26.4,38.8,24.1,22.8
2021-07-26 17:00:00,-5,680634000,38.8,4.17,14.3,26.4,38.8,24.1,22.8
2021-07-26 17:10:00,-5,680634600,38.8,4.17,14.3,26.4,38.8,24.2,22.8
2021-07-26 17:20:00,-5,680635200,38.3,4.17,14.3,26.4,38.8,24.1,22.8
2021-07-26 17:30:00,-5,680635800,37.0,4.17,14.3,26.4,38.8,24.2,22.8
2021-07-26 17:40:00,-5,680636400,36.0,4.17,14.3,26.4,38.8,24.3,22.8
2021-07-26 17:50:00,-5,680637000,35.0,4.17,14.3,26.4,38.8,24.4,22.8
2021-07-26 18:00:00,-5,680637600,33.8,4.17,14.3,26.4,38.8,24.4,22.8
2021-07-26 18:10:00,-5,680638200,32.3,4.17,14.3,26.5,38.8,24.3,22.8
2021-07-26 18:20:00,-5,680638800,30.0,4.17,14.3,26.5,38.8,24.5,22.8
2021-07-26 18:30:00,-5,680639400,27.8,4.15,14.3,26.5,38.8,24.4,22.8
2021-07-26 18:40:00,-5,680640000,26.0,4.15,14.3,26.7,38.8,24.4,22.8
2021-07-26 18:50:00,-5,680640600,24.5,4.15,14.3,26.6,38.8,24.4,22.8
2021-07-26 19:00:00,-5,680641200,23.3,4.15,14.3,26.7,38.8,24.3,23.0
2021-07-26 19:10:00,-5,680641800,22.0,4.15,14.3,26.7,38.8,24.4,22.8
2021-07-26 19:20:00,-5,680642400,21.0,4.15,14.3,26.7,38.8,24.3,23.0
2021-07-26 19:30:00,-5,680643000,20.3,4.15,14.3,26.7,38.8,24.4,22.8
2021-07-26 19:40:00,-5,680643600,19.5,4.15,14.3,26.7,38.8,24.4,23.0
2021-07-26 19:50:00,-5,680644200,18.8,4.15,14.2,26.7,38.8,24.4,23.0
2021-07-26 20:00:00,-5,680644800,18.5,4.15,14.2,26.7,38.8,24.4,23.0
2021-07-26 20:10:00,-5,680645400,18.5,4.15,14.2,26.7,38.8,24.4,23.0
2021-07-26 20:20:00,-5,680646000,18.3,4.15,14.2,26.7,38.8,24.5,23.0
2021-07-26 20:30:00,-5,680646600,17.8,4.15,14.2,26.7,38.8,24.3,23.0
2021-07-26 20:40:00,-5,680647200,17.8,4.15,14.2,26.7,38.8,24.2,23.1
2021-07-26 20:50:00,-5,680647800,18.0,4.15,14.1,26.7,38.8,24.5,23.0
2021-07-26 21:00:00,-5,680648400,17.8,4.15,14.1,26.7,38.8,24.4,23.0
2021-07-26 21:10:00,-5,680649000,18.0,4.15,14.1,26.7,38.8,24.3,23.1
2021-07-26 21:20:00,-5,680649600,18.0,4.15,14.1,26.7,38.8,24.5,23.0
2021-07-26 21:30:00,-5,680650200,17.5,4.15,14.1,26.7,38.8,24.3,23.0
2021-07-26 21:40:00,-5,680650800,17.3,4.15,14.1,26.7,38.8,24.3,23.1
2021-07-26 21:50:00,-5,680651400,16.8,4.15,14.0,26.7,38.8,24.2,23.0
2021-07-26 22:00:00,-5,680652000,16.5,4.15,14.0,26.7,38.8,24.3,23.0
2021-07-26 22:10:00,-5,680652600,16.3,4.15,14.0,26.7,38.8,24.3,23.0
2021-07-26 22:20:00,-5,680653200,16.3,4.15,14.0,26.7,38.8,24.4,23.1
2021-07-26 22:30:00,-5,680653800,16.3,4.15,13.9,26.7,38.8,24.4,23.0
2021-07-26 22:40:00,-5,680654400,16.5,4.15,13.9,26.7,38.8,24.2,23.1
2021-07-26 22:50:00,-5,680655000,16.8,4.15,13.9,26.7,38.8,24.2,23.0
2021-07-26 23:00:00,-5,680655600,16.8,4.15,13.9,26.7,38.8,24.3,23.0
2021-07-26 23:10:00,-5,680656200,16.3,4.14,13.9,26.7,38.8,24.2,23.0
2021-07-26 23:20:00,-5,680656800,16.0,4.14,13.9,26.7,38.8,24.1,23.0
2021-07-26 23:30:00,-5,680657400,16.0,4.14,13.8,26.7,38.8,24.1,23.1
2021-07-26 23:40:00,-5,680658000,15.8,4.14,13.8,26.7,38.8,24.1,23.1
2021-07-26 23:50:00,-5,680658600,15.8,4.14,13.8,26.7,38.8,24.1,23.0
2021-07-27 00:00:00,-5,680659200,15.5,4.14,13.8,26.6,38.8,24.1,23.1
2021-07-27 00:10:00,-5,680659800,16.0,4.14,13.8,26.6,38.8,24.1,23.0
2021-07-27 00:20:00,-5,680660400,16.0,4.14,13.8,26.6,38.8,24.1,23.1
2021-07-27 00:30:00,-5,680661000,15.5,4.14,13.8,26.6,38.8,24.1,23.1
2021-07-27 00:40:00,-5,680661600,15.5,4.14,13.8,26.6,38.8,24.0,23.1
2021-07-27 00:50:00,-5,680662200,15.5,4.14,13.8,26.6,38.8,24.0,23.1
2021-07-27 01:00:00,-5,680662800,15.5,4.14,13.8,26.6,38.8,24.1,23.1
2021-07-27 01:10:00,-5,680663400,15.3,4.14,13.8,26.6,38.8,24.0,23.1
2021-07-27 01:20:00,-5,680664000,15.3,4.14,13.8,26.6,38.8,23.8,23.1
2021-07-27 01:30:00,-5,680664600,15.3,4.14,13.7,26.6,38.8,23.8,23.1
2021-07-27 01:40:00,-5,680665200,15.3,4.14,13.7,26.6,38.8,23.8,23.1
2021-07-27 01:50:00,-5,680665800,15.3,4.14,13.7,26.5,38.8,23.8,23.1
2021-07-27 02:00:00,-5,680666400,15.3,4.14,13.7,26.5,38.8,24.1,23.1
2021-07-27 02:10:00,-5,680667000,15.0,4.14,13.7,26.5,38.8,23.8,23.1
2021-07-27 02:20:00,-5,680667600,15.0,4.14,13.7,26.5,38.8,23.8,23.1
2021-07-27 02:30:00,-5,680668200,15.0,4.14,13.7,26.5,38.8,23.8,23.1
2021-07-27 02:40:00,-5,680668800,15.3,4.14,13.6,26.5,38.8,23.8,23.0
2021-07-27 02:50:00,-5,680669400,15.0,4.14,13.6,26.5,38.8,23.7,23.1
2021-07-27 03:00:00,-5,680670000,15.3,4.14,13.6,26.5,38.8,23.8,23.1
2021-07-27 03:10:00,-5,680670600,15.3,4.14,13.6,26.4,38.8,23.7,23.0
2021-07-27 03:20:00,-5,680671200,14.8,4.14,13.6,26.4,38.8,23.6,23.1
2021-07-27 03:30:00,-5,680671800,14.5,4.14,13.6,26.4,38.8,23.6,23.1
2021-07-27 03:40:00,-5,680672400,14.5,4.14,13.6,26.4,38.8,23.6,23.1
2021-07-27 03:50:00,-5,680673000,14.3,4.14,13.5,26.4,38.8,23.5,23.1
2021-07-27 04:00:00,-5,680673600,14.3,4.14,13.5,26.4,38.8,23.7,23.1
2021-07-27 04:10:00,-5,680674200,14.5,4.14,13.5,26.4,38.8,23.6,23.1
2021-07-27 04:20:00,-5,680674800,14.5,4.14,13.5,26.4,38.8,23.5,23.0
2021-07-27 04:30:00,-5,680675400,14.5,4.14,13.5,26.4,38.8,23.5,23.0
2021-07-27 04:40:00,-5,680676000,14.5,4.12,13.5,26.4,38.8,23.5,23.1
2021-07-27 04:50:00,-5,680676600,14.5,4.12,13.5,26.4,38.8,23.5,23.0
2021-07-27 05:00:00,-5,680677200,14.8,4.12,13.5,26.4,38.8,23.4,23.1
2021-07-27 05:10:00,-5,680677800,15.0,4.12,13.4,26.4,38.8,23.5,23.1
2021-07-27 05:20:00,-5,680678400,15.0,4.12,13.4,26.4,38.8,23.4,23.0
2021-07-27 05:30:00,-5,680679000,15.8,4.12,13.4,26.3,38.8,23.4,23.0
2021-07-27 05:40:00,-5,680679600,16.3,4.12,13.4,26.3,38.8,23.3,23.1
2021-07-27 05:50:00,-5,680680200,17.0,4.12,13.4,26.3,38.8,23.5,23.0
2021-07-27 06:00:00,-5,680680800,18.3,4.12,13.4,26.3,38.8,23.4,23.0
2021-07-27 06:10:00,-5,680681400,20.0,4.12,13.4,26.3,38.8,23.2,23.0
2021-07-27 06:20:00,-5,680682000,21.5,4.14,13.4,26.3,38.8,23.3,23.0
2021-07-27 06:30:00,-5,680682600,22.8,4.14,13.4,26.3,38.8,23.2,23.0
2021-07-27 06:40:00,-5,680683200,24.0,4.14,13.4,26.3,38.8,23.3,22.8
2021-07-27 06:50:00,-5,680683800,25.8,4.14,13.4,26.3,38.8,23.2,23.0
2021-07-27 07:00:00,-5,680684400,27.5,4.14,13.4,26.3,38.8,23.2,23.0
2021-07-27 07:10:00,-5,680685000,29.5,4.14,13.4,26.3,38.8,23.1,22.8
2021-07-27 07:20:00,-5,680685600,31.8,4.15,13.4,26.3,38.8,23.2,23.0
2021-07-27 07:30:00,-5,680686200,33.8,4.15,13.3,26.3,38.8,23.1,23.0
2021-07-27 07:40:00,-5,680686800,35.5,4.15,13.4,26.3,38.8,23.2,23.0
2021-07-27 07:50:00,-5,680687400,37.5,4.15,13.4,26.3,38.8,23.2,23.0
2021-07-27 08:00:00,-5,680688000,39.5,4.15,13.4,26.3,38.8,23.2,22.8
2021-07-27 08:10:00,-5,680688600,41.0,4.15,13.4,26.3,38.8,23.2,23.0
2021-07-27 08:20:00,-5,680689200,42.5,4.15,13.4,26.3,38.8,23.1,23.0
2021-07-27 08:30:00,-5,680689800,44.3,4.15,13.4,26.3,38.8,23.1,23.0
2021-07-27 08:40:00,-5,680690400,45.8,4.15,13.4,26.3,38.8,23.2,23.0
2021-07-27 08:50:00,-5,680691000,47.0,4.15,13.4,26.3,38.8,23.2,22.8
