SL207 - Mayfly GPLP3 Logger
DateTime_EST,TZ-Offset,Loggertime,BoardTemp_C,Battery_V,Segment1_percent,Segment2_percent,Segment3_percent,T1_degC,T2_degC
2021-09-29 09:40:00,-5,686223600,33.3,4.17,37.1,28.0,41.6,19.2,19.4
2021-09-29 09:50:00,-5,686224200,36.3,4.17,37.0,28.0,41.6,19.2,19.5
2021-09-29 10:00:00,-5,686224800,38.3,4.17,37.1,28.0,41.6,19.2,19.5
2021-09-29 10:10:00,-5,686225400,39.5,4.17,37.1,28.0,41.6,19.2,19.4
2021-09-29 10:20:00,-5,686226000,39.0,4.17,37.1,28.0,41.6,19.2,19.5
2021-09-29 10:30:00,-5,686226600,40.5,4.17,37.1,28.0,41.6,19.2,19.5
2021-09-29 10:40:00,-5,686227200,41.0,4.17,37.1,28.0,41.6,19.2,19.5
2021-09-29 10:50:00,-5,686227800,40.3,4.17,37.1,28.0,41.6,19.1,19.5
2021-09-29 11:00:00,-5,686228400,40.3,4.17,37.1,28.0,41.6,19.1,19.4
2021-09-29 11:10:00,-5,686229000,41.0,4.17,37.1,28.0,41.6,19.2,19.5
2021-09-29 11:20:00,-5,686229600,40.8,4.17,37.1,28.0,41.6,19.2,19.4
2021-09-29 11:30:00,-5,686230200,39.5,4.17,37.1,27.9,41.6,19.2,19.5
2021-09-29 11:40:00,-5,686230800,40.0,4.17,37.1,27.9,41.6,19.1,19.4
2021-09-29 11:50:00,-5,686231400,40.5,4.17,37.1,27.9,41.6,19.1,19.4
2021-09-29 12:00:00,-5,686232000,40.8,4.17,37.1,27.9,41.6,19.1,19.3
2021-09-29 12:10:00,-5,686232600,41.0,4.17,37.1,27.9,41.6,19.2,19.4
2021-09-29 12:20:00,-5,686233200,41.0,4.17,37.1,27.9,41.5,19.2,19.4
2021-09-29 12:30:00,-5,686233800,39.5,4.17,37.1,27.9,41.5,19.2,19.4
2021-09-29 12:40:00,-5,686234400,38.5,4.17,37.1,27.9,41.5,19.1,19.5
2021-09-29 12:50:00,-5,686235000,37.8,4.17,37.1,27.9,41.5,19.3,19.5
2021-09-29 13:00:00,-5,686235600,33.8,4.17,37.1,27.9,41.5,19.3,19.3
2021-09-29 13:10:00,-5,686236200,33.0,4.17,37.1,27.9,41.5,19.3,19.3
2021-09-29 13:20:00,-5,686236800,32.8,4.17,37.2,27.9,41.5,19.4,19.3
2021-09-29 13:30:00,-5,686237400,30.5,4.17,37.2,27.9,41.5,19.3,19.3
2021-09-29 13:40:00,-5,686238000,26.5,4.18,37.2,27.9,41.5,19.4,19.3
2021-09-29 13:50:00,-5,686238600,28.0,4.17,37.2,27.9,41.5,19.3,19.4
2021-09-29 14:00:00,-5,686239200,26.5,4.17,37.2,27.9,41.6,19.3,19.3
2021-09-29 14:10:00,-5,686239800,31.3,4.17,37.2,28.0,41.5,19.3,19.4
2021-09-29 14:20:00,-5,686240400,31.5,4.17,37.2,28.0,41.5,19.5,19.3
2021-09-29 14:30:00,-5,686241000,30.3,4.17,37.2,28.0,41.5,19.5,19.3
2021-09-29 14:40:00,-5,686241600,31.5,4.17,37.2,28.0,41.5,19.6,19.3
2021-09-29 14:50:00,-5,686242200,32.0,4.17,37.2,28.0,41.5,19.6,19.3
2021-09-29 15:00:00,-5,686242800,30.0,4.17,37.2,28.0,41.5,19.4,19.3
2021-09-29 15:10:00,-5,686243400,27.5,4.17,37.2,28.0,41.5,19.6,19.4
2021-09-29 15:20:00,-5,686244000,28.0,4.17,37.2,28.0,41.5,19.6,19.4
2021-09-29 15:30:00,-5,686244600,28.8,4.17,37.2,28.0,41.5,19.6,19.4
2021-09-29 15:40:00,-5,686245200,28.0,4.17,37.2,28.0,41.5,19.6,19.3
2021-09-29 15:50:00,-5,686245800,28.0,4.17,37.2,28.0,41.5,19.6,19.4
2021-09-29 16:00:00,-5,686246400,28.3,4.17,37.2,28.0,41.5,19.6,19.3
2021-09-29 16:10:00,-5,686247000,27.8,4.17,37.2,28.0,41.5,19.6,19.3
2021-09-29 16:20:00,-5,686247600,26.8,4.18,37.2,28.0,41.5,19.7,19.4
2021-09-29 16:30:00,-5,686248200,26.3,4.18,37.2,28.0,41.5,19.7,19.3
2021-09-29 16:40:00,-5,686248800,25.0,4.18,37.2,28.0,41.5,19.7,19.4
2021-09-29 16:50:00,-5,686249400,24.3,4.18,37.2,28.0,41.5,19.7,19.3
2021-09-29 17:00:00,-5,686250000,23.3,4.17,37.2,28.0,41.5,19.7,19.3
2021-09-29 17:10:00,-5,686250600,22.0,4.17,37.2,28.0,41.5,19.7,19.3
2021-09-29 17:20:00,-5,686251200,18.8,4.17,37.2,28.1,41.5,19.7,19.5
2021-09-29 17:30:00,-5,686251800,15.8,4.17,37.2,28.1,41.5,19.8,19.3
2021-09-29 17:40:00,-5,686252400,13.8,4.17,37.2,28.1,41.5,19.7,19.4
2021-09-29 17:50:00,-5,686253000,12.5,4.17,37.2,28.1,41.5,19.7,19.3
2021-09-29 18:00:00,-5,686253600,11.8,4.17,37.2,28.1,41.5,19.7,19.4
2021-09-29 18:10:00,-5,686254200,11.3,4.17,37.2,28.1,41.5,19.6,19.5
2021-09-29 18:20:00,-5,686254800,10.5,4.17,37.1,28.1,41.5,19.7,19.5
2021-09-29 18:30:00,-5,686255400,10.8,4.17,37.1,28.1,41.5,19.8,19.4
2021-09-29 18:40:00,-5,686256000,10.5,4.17,37.1,28.1,41.5,19.8,19.4
2021-09-29 18:50:00,-5,686256600,11.0,4.17,37.1,28.1,41.5,19.8,19.3
2021-09-29 19:00:00,-5,686257200,11.5,4.17,37.1,28.1,41.5,19.7,19.4
2021-09-29 19:10:00,-5,686257800,12.0,4.17,37.1,28.1,41.5,19.8,19.3
2021-09-29 19:20:00,-5,686258400,12.3,4.17,37.1,28.1,41.5,19.7,19.3
2021-09-29 19:30:00,-5,686259000,12.5,4.17,37.1,28.1,41.5,19.7,19.4
2021-09-29 19:40:00,-5,686259600,12.5,4.17,37.1,28.1,41.5,19.7,19.5
2021-09-29 19:50:00,-5,686260200,12.5,4.17,37.0,28.1,41.5,19.8,19.4
2021-09-29 20:00:00,-5,686260800,12.8,4.17,37.0,28.1,41.5,19.7,19.5
2021-09-29 20:10:00,-5,686261400,12.8,4.17,37.0,28.1,41.5,19.8,19.5
2021-09-29 20:20:00,-5,686262000,12.8,4.17,37.0,28.1,41.5,19.7,19.4
2021-09-29 20:30:00,-5,686262600,12.8,4.17,37.0,28.1,41.5,20.1,19.4
2021-09-29 20:40:00,-5,686263200,12.8,4.17,37.0,28.1,41.5,19.8,19.3
2021-09-29 20:50:00,-5,686263800,12.8,4.17,37.0,28.1,41.5,19.8,19.5
2021-09-29 21:00:00,-5,686264400,12.5,4.15,37.0,28.1,41.5,19.7,19.5
2021-09-29 21:10:00,-5,686265000,12.5,4.15,37.0,28.1,41.5,19.8,19.5
2021-09-29 21:20:00,-5,686265600,12.5,4.15,37.0,28.1,41.4,19.7,19.5
2021-09-29 21:30:00,-5,686266200,12.5,4.15,37.0,28.1,41.4,19.7,19.3
2021-09-29 21:40:00,-5,686266800,12.5,4.15,36.9,28.1,41.4,19.6,19.5
2021-09-29 21:50:00,-5,686267400,12.5,4.15,36.9,28.1,41.4,19.8,19.5
2021-09-29 22:00:00,-5,686268000,12.5,4.15,36.9,28.1,41.4,19.8,19.3
2021-09-29 22:10:00,-5,686268600,12.5,4.15,36.9,28.1,41.4,19.7,19.5
2021-09-29 22:20:00,-5,686269200,12.5,4.15,36.9,28.1,41.4,19.8,19.5
2021-09-29 22:30:00,-5,686269800,12.5,4.15,36.9,28.1,41.4,19.7,19.4
2021-09-29 22:40:00,-5,686270400,12.5,4.15,36.9,28.1,41.4,19.7,19.5
2021-09-29 22:50:00,-5,686271000,12.5,4.15,36.9,28.1,41.4,19.6,19.5
2021-09-29 23:00:00,-5,686271600,12.5,4.15,36.9,28.1,41.4,19.7,19.5
2021-09-29 23:10:00,-5,686272200,12.5,4.15,36.9,28.1,41.4,19.7,19.5
2021-09-29 23:20:00,-5,686272800,12.5,4.15,36.9,28.1,41.4,19.6,19.5
2021-09-29 23:30:00,-5,686273400,12.5,4.15,36.9,28.1,41.4,19.6,19.4
2021-09-29 23:40:00,-5,686274000,12.5,4.15,36.9,28.1,41.4,19.6,19.5
2021-09-29 23:50:00,-5,686274600,12.5,4.15,36.8,28.1,41.4,19.7,19.5
2021-09-30 00:00:00,-5,686275200,12.5,4.15,36.8,28.1,41.4,19.6,19.6
2021-09-30 00:10:00,-5,686275800,12.3,4.15,36.8,28.1,41.4,19.6,19.5
2021-09-30 00:20:00,-5,686276400,12.0,4.15,36.8,28.0,41.4,19.7,19.5
2021-09-30 00:30:00,-5,686277000,12.0,4.15,36.8,28.0,41.4,19.5,19.5
2021-09-30 00:40:00,-5,686277600,12.0,4.15,36.8,28.0,41.4,19.7,19.4
2021-09-30 00:50:00,-5,686278200,12.3,4.15,36.8,28.0,41.4,19.6,19.4
2021-09-30 01:00:00,-5,686278800,12.3,4.15,36.8,28.0,41.4,19.7,19.4
2021-09-30 01:10:00,-5,686279400,12.3,4.15,36.8,28.0,41.4,19.6,19.5
2021-09-30 01:20:00,-5,686280000,12.3,4.15,36.8,28.0,41.4,19.6,19.4
2021-09-30 01:30:00,-5,686280600,12.3,4.14,36.8,28.0,41.4,19.6,19.4
2021-09-30 01:40:00,-5,686281200,12.0,4.14,36.8,28.0,41.4,19.6,19.4
2021-09-30 01:50:00,-5,686281800,12.0,4.14,36.8,28.0,41.4,19.6,19.4
2021-09-30 02:00:00,-5,686282400,12.0,4.14,36.8,28.0,41.4,19.5,19.5
2021-09-30 02:10:00,-5,686283000,12.3,4.14,36.7,28.0,41.4,19.6,19.5
2021-09-30 02:20:00,-5,686283600,12.3,4.14,36.8,28.0,41.4,19.5,19.5
2021-09-30 02:30:00,-5,686284200,12.3,4.14,36.7,28.0,41.4,19.6,19.5
2021-09-30 02:40:00,-5,686284800,12.5,4.14,36.7,28.0,41.4,19.5,19.5
2021-09-30 02:50:00,-5,686285400,12.3,4.14,36.7,28.0,41.4,19.5,19.5
2021-09-30 03:00:00,-5,686286000,12.3,4.14,36.7,28.0,41.4,19.3,19.5
2021-09-30 03:10:00,-5,686286600,12.0,4.14,36.7,28.0,41.4,19.3,19.5
2021-09-30 03:20:00,-5,686287200,11.8,4.14,36.7,28.0,41.4,19.3,19.5
2021-09-30 03:30:00,-5,686287800,11.3,4.14,36.7,28.0,41.4,19.3,19.5
2021-09-30 03:40:00,-5,686288400,10.3,4.14,36.7,28.0,41.4,19.4,19.5
2021-09-30 03:50:00,-5,686289000,9.8,4.14,36.7,27.9,41.4,19.3,19.4
2021-09-30 04:00:00,-5,686289600,9.3,4.14,36.7,27.9,41.4,19.3,19.3
2021-09-30 04:10:00,-5,686290200,9.0,4.14,36.7,27.9,41.4,19.3,19.4
2021-09-30 04:20:00,-5,686290800,8.5,4.14,36.7,27.9,41.4,19.3,19.5
2021-09-30 04:30:00,-5,686291400,8.5,4.14,36.7,27.9,41.4,19.3,19.3
2021-09-30 04:40:00,-5,686292000,8.0,4.14,36.6,27.9,41.3,19.4,19.6
2021-09-30 04:50:00,-5,686292600,7.5,4.14,36.6,27.9,41.3,19.3,19.5
2021-09-30 05:00:00,-5,686293200,7.3,4.14,36.6,27.9,41.3,19.3,19.3
2021-09-30 05:10:00,-5,686293800,7.0,4.14,36.6,27.9,41.3,19.2,19.3
2021-09-30 05:20:00,-5,686294400,7.0,4.14,36.6,27.9,41.3,19.3,19.4
2021-09-30 05:30:00,-5,686295000,7.3,4.14,36.6,27.9,41.3,19.3,19.4
2021-09-30 05:40:00,-5,686295600,7.3,4.14,36.5,27.9,41.3,19.2,19.5
2021-09-30 05:50:00,-5,686296200,7.3,4.14,36.5,27.9,41.3,19.2,19.5
2021-09-30 06:00:00,-5,686296800,7.5,4.14,36.5,27.9,41.3,19.3,19.3
2021-09-30 06:10:00,-5,686297400,7.5,4.14,36.5,27.9,41.3,19.2,19.4
2021-09-30 06:20:00,-5,686298000,7.8,4.14,36.5,27.9,41.3,19.2,19.4
2021-09-30 06:30:00,-5,686298600,7.8,4.14,36.5,27.9,41.3,19.2,19.4
2021-09-30 06:40:00,-5,686299200,7.8,4.14,36.5,27.9,41.3,19.2,19.3
2021-09-30 06:50:00,-5,686299800,8.5,4.14,36.5,27.9,41.3,19.1,19.3
2021-09-30 07:00:00,-5,686300400,10.3,4.14,36.5,27.9,41.3,19.2,19.3
2021-09-30 07:10:00,-5,686301000,12.0,4.14,36.5,27.8,41.3,19.1,19.4
2021-09-30 07:20:00,-5,686301600,15.0,4.14,36.4,27.8,41.3,19.1,19.5
2021-09-30 07:30:00,-5,686302200,19.0,4.15,36.4,27.8,41.3,19.0,19.3
2021-09-30 07:40:00,-5,686302800,23.0,4.17,36.4,27.8,41.3,19.0,19.3
2021-09-30 07:50:00,-5,686303400,26.0,4.17,36.4,27.8,41.3,19.0,19.3
2021-09-30 08:00:00,-5,686304000,29.5,4.17,36.4,27.8,41.3,19.0,19.2
2021-09-30 08:10:00,-5,686304600,30.5,4.17,36.4,27.8,41.3,19.0,19.2
2021-09-30 08:20:00,-5,686305200,31.3,4.17,36.4,27.8,41.3,19.0,19.3
2021-09-30 08:30:00,-5,686305800,31.8,4.17,36.4,27.8,41.3,19.0,19.2
2021-09-30 08:40:00,-5,686306400,33.8,4.17,36.4,27.8,41.3,18.7,19.2
2021-09-30 08:50:00,-5,686307000,35.0,4.17,36.4,27.8,41.3,18.7,19.2
2021-09-30 09:00:00,-5,686307600,36.5,4.17,36.4,27.8,41.3,18.7,19.2
2021-09-30 09:10:00,-5,686308200,38.3,4.17,36.4,27.8,41.3,19.1,19.1
2021-09-30 09:20:00,-5,686308800,39.0,4.17,36.4,27.8,41.3,18.8,19.2
2021-09-30 09:30:00,-5,686309400,39.3,4.17,36.4,27.7,41.3,18.8,19.1
2021-09-30 09:40:00,-5,686310000,39.8,4.17,36.4,27.7,41.3,18.8,19.3
2021-09-30 09:50:00,-5,686310600,40.0,4.17,36.4,27.7,41.3,19.1,19.3
2021-09-30 10:00:00,-5,686311200,37.8,4.17,36.4,27.7,41.3,18.8,19.3
2021-09-30 10:10:00,-5,686311800,40.3,4.17,36.4,27.7,41.3,18.8,19.2
2021-09-30 10:20:00,-5,686312400,41.3,4.17,36.4,27.7,41.3,19.1,19.3
2021-09-30 10:30:00,-5,686313000,40.3,4.17,36.4,27.7,41.3,18.7,19.2
2021-09-30 10:40:00,-5,686313600,41.8,4.17,36.5,27.7,41.2,18.7,19.3
2021-09-30 10:50:00,-5,686314200,42.3,4.17,36.4,27.7,41.3,18.7,19.2
2021-09-30 11:00:00,-5,686314800,34.3,4.17,36.5,27.7,41.3,18.7,19.1
2021-09-30 11:10:00,-5,686315400,35.5,4.17,36.5,27.7,41.2,18.7,19.3
2021-09-30 11:20:00,-5,686316000,34.3,4.17,36.5,27.7,41.2,18.8,19.1
2021-09-30 11:30:00,-5,686316600,37.5,4.17,36.5,27.7,41.2,18.8,19.2
2021-09-30 11:40:00,-5,686317200,35.3,4.17,36.5,27.7,41.2,19.1,19.2
2021-09-30 11:50:00,-5,686317800,30.0,4.17,36.5,27.7,41.2,18.8,19.2
2021-09-30 12:00:00,-5,686318400,33.0,4.17,36.5,27.6,41.2,18.8,19.2
2021-09-30 12:10:00,-5,686319000,28.3,4.17,36.5,27.7,41.2,18.8,19.2
2021-09-30 12:20:00,-5,686319600,27.8,4.17,36.5,27.7,41.2,18.8,19.1
2021-09-30 12:30:00,-5,686320200,30.8,4.17,36.5,27.7,41.2,18.7,19.2
2021-09-30 12:40:00,-5,686320800,29.3,4.17,36.5,27.7,41.2,19.0,19.1
2021-09-30 12:50:00,-5,686321400,28.0,4.17,36.5,27.7,41.2,18.7,19.3
2021-09-30 13:00:00,-5,686322000,28.0,4.17,36.5,27.7,41.2,19.0,19.1
2021-09-30 13:10:00,-5,686322600,27.5,4.17,36.5,27.7,41.2,18.7,19.1
2021-09-30 13:20:00,-5,686323200,26.5,4.18,36.5,27.7,41.2,19.0,19.1
2021-09-30 13:30:00,-5,686323800,24.5,4.18,36.5,27.7,41.2,19.0,19.0
2021-09-30 13:40:00,-5,686324400,23.3,4.18,36.5,27.7,41.2,19.0,19.0
2021-09-30 13:50:00,-5,686325000,23.0,4.18,36.5,27.7,41.2,19.2,19.2
2021-09-30 14:00:00,-5,686325600,28.5,4.18,36.5,27.7,41.2,19.0,19.1
2021-09-30 14:10:00,-5,686326200,29.5,4.18,36.5,27.7,41.2,19.1,19.1
2021-09-30 14:20:00,-5,686326800,24.8,4.18,36.5,27.7,41.2,19.1,19.0
2021-09-30 14:30:00,-5,686327400,23.3,4.18,36.5,27.7,41.2,19.1,19.0
2021-09-30 14:40:00,-5,686328000,24.5,4.18,36.5,27.7,41.2,19.2,19.1
2021-09-30 14:50:00,-5,686328600,27.3,4.18,36.5,27.7,41.2,19.2,19.1
2021-09-30 15:00:00,-5,686329200,27.8,4.18,36.5,27.7,41.2,19.1,19.1
2021-09-30 15:10:00,-5,686329800,24.0,4.18,36.5,27.7,41.2,19.2,19.0
2021-09-30 15:20:00,-5,686330400,22.0,4.18,36.5,27.7,41.2,19.1,19.0
2021-09-30 15:30:00,-5,686331000,20.8,4.18,36.5,27.7,41.2,19.1,19.1
2021-09-30 15:40:00,-5,686331600,20.8,4.18,36.5,27.7,41.2,19.2,19.1
2021-09-30 15:50:00,-5,686332200,20.3,4.18,36.5,27.7,41.2,19.3,19.0
2021-09-30 16:00:00,-5,686332800,19.3,4.18,36.5,27.7,41.2,19.3,19.1
2021-09-30 16:10:00,-5,686333400,19.8,4.18,36.5,27.7,41.2,19.3,19.1
2021-09-30 16:20:00,-5,686334000,19.8,4.18,36.5,27.7,41.2,19.1,19.1
2021-09-30 16:30:00,-5,686334600,19.5,4.18,36.5,27.7,41.2,19.2,19.1
2021-09-30 16:40:00,-5,686335200,19.3,4.18,36.5,27.7,41.2,19.3,19.1
2021-09-30 16:50:00,-5,686335800,18.8,4.18,36.5,27.7,41.2,19.3,19.2
2021-09-30 17:00:00,-5,686336400,18.0,4.18,36.5,27.7,41.2,19.3,19.0
2021-09-30 17:10:00,-5,686337000,16.8,4.18,36.5,27.7,41.2,19.3,19.1
2021-09-30 17:20:00,-5,686337600,15.5,4.18,36.5,27.7,41.2,19.3,19.0
2021-09-30 17:30:00,-5,686338200,13.8,4.18,36.5,27.8,41.2,19.3,19.1
2021-09-30 17:40:00,-5,686338800,12.5,4.18,36.5,27.8,41.2,19.3,19.0
2021-09-30 17:50:00,-5,686339400,11.5,4.17,36.5,27.8,41.2,19.3,19.0
2021-09-30 18:00:00,-5,686340000,11.3,4.17,36.5,27.8,41.2,19.5,19.1
2021-09-30 18:10:00,-5,686340600,11.0,4.17,36.5,27.7,41.2,19.4,19.1
2021-09-30 18:20:00,-5,686341200,11.3,4.17,36.5,27.8,41.2,19.3,19.1
2021-09-30 18:30:00,-5,686341800,11.5,4.17,36.5,27.8,41.2,19.3,19.1
2021-09-30 18:40:00,-5,686342400,11.5,4.17,36.5,27.7,41.2,19.3,19.1
2021-09-30 18:50:00,-5,686343000,11.8,4.17,36.5,27.8,41.2,19.3,19.0
2021-09-30 19:00:00,-5,686343600,11.8,4.17,36.5,27.8,41.2,19.5,19.1
2021-09-30 19:10:00,-5,686344200,11.8,4.17,36.5,27.8,41.2,19.4,19.2
2021-09-30 19:20:00,-5,686344800,11.3,4.17,36.4,27.8,41.2,19.4,19.1
2021-09-30 19:30:00,-5,686345400,10.8,4.17,36.4,27.8,41.2,19.4,19.1
2021-09-30 19:40:00,-5,686346000,10.0,4.17,36.4,27.8,41.2,19.2,19.0
2021-09-30 19:50:00,-5,686346600,9.3,4.17,36.4,27.8,41.2,19.3,19.1
2021-09-30 20:00:00,-5,686347200,9.0,4.17,36.4,27.8,41.2,19.2,19.2
2021-09-30 20:10:00,-5,686347800,9.0,4.17,36.4,27.8,41.2,19.2,19.3
2021-09-30 20:20:00,-5,686348400,9.3,4.17,36.4,27.8,41.2,19.2,19.2
2021-09-30 20:30:00,-5,686349000,8.5,4.17,36.4,27.8,41.1,19.3,19.2
2021-09-30 20:40:00,-5,686349600,7.8,4.17,36.4,27.7,41.1,19.3,19.1
2021-09-30 20:50:00,-5,686350200,7.0,4.17,36.3,27.7,41.1,19.3,19.1
2021-09-30 21:00:00,-5,686350800,6.8,4.17,36.3,27.8,41.1,19.3,19.1
2021-09-30 21:10:00,-5,686351400,7.0,4.17,36.3,27.7,41.1,19.3,19.1
2021-09-30 21:20:00,-5,686352000,7.0,4.17,36.3,27.7,41.1,19.2,19.1
2021-09-30 21:30:00,-5,686352600,6.8,4.17,36.3,27.7,41.1,19.3,19.1
2021-09-30 21:40:00,-5,686353200,6.8,4.17,36.3,27.7,41.1,19.3,19.1
2021-09-30 21:50:00,-5,686353800,6.5,4.17,36.3,27.7,41.1,19.3,19.1
2021-09-30 22:00:00,-5,686354400,6.3,4.15,36.3,27.7,41.1,19.2,19.2
2021-09-30 22:10:00,-5,686355000,6.5,4.15,36.2,27.7,41.1,19.3,19.1
2021-09-30 22:20:00,-5,686355600,6.8,4.15,36.2,27.7,41.1,19.2,19.1
2021-09-30 22:30:00,-5,686356200,6.3,4.15,36.2,27.7,41.1,19.3,19.1
2021-09-30 22:40:00,-5,686356800,6.0,4.15,36.2,27.7,41.1,19.1,19.1
2021-09-30 22:50:00,-5,686357400,6.5,4.15,36.2,27.7,41.1,19.1,19.1
2021-09-30 23:00:00,-5,686358000,6.0,4.15,36.2,27.7,41.1,19.1,19.1
2021-09-30 23:10:00,-5,686358600,5.8,4.15,36.2,27.7,41.1,19.1,19.1
2021-09-30 23:20:00,-5,686359200,5.5,4.15,36.1,27.7,41.1,19.0,19.1
2021-09-30 23:30:00,-5,686359800,5.8,4.15,36.1,27.7,41.1,19.2,19.2
2021-09-30 23:40:00,-5,686360400,5.5,4.15,36.1,27.7,41.1,19.1,19.1
2021-09-30 23:50:00,-5,686361000,5.5,4.15,36.1,27.7,41.1,18.7,19.2
2021-10-01 00:00:00,-5,686361600,6.0,4.15,36.1,27.7,41.1,19.0,19.1
2021-10-01 00:10:00,-5,686362200,5.8,4.15,36.1,27.7,41.0,19.1,19.1
2021-10-01 00:20:00,-5,686362800,6.5,4.15,36.1,27.6,41.0,19.1,19.1
2021-10-01 00:30:00,-5,686363400,6.3,4.15,36.1,27.6,41.0,19.0,19.1
2021-10-01 00:40:00,-5,686364000,6.0,4.15,36.1,27.6,41.0,18.7,19.2
2021-10-01 00:50:00,-5,686364600,6.0,4.15,36.0,27.6,41.0,18.8,19.1
2021-10-01 01:00:00,-5,686365200,5.3,4.15,36.0,27.6,41.0,19.0,19.1
2021-10-01 01:10:00,-5,686365800,5.5,4.15,36.0,27.6,41.0,18.8,19.0
2021-10-01 01:20:00,-5,686366400,5.3,4.15,36.0,27.6,41.0,18.7,19.1
2021-10-01 01:30:00,-5,686367000,4.8,4.15,36.0,27.6,41.0,18.8,19.0
2021-10-01 01:40:00,-5,686367600,4.5,4.15,36.0,27.6,41.0,18.7,19.1
2021-10-01 01:50:00,-5,686368200,4.5,4.15,36.0,27.6,41.0,18.7,19.0
2021-10-01 02:00:00,-5,686368800,4.5,4.15,35.9,27.6,41.0,18.7,19.0
2021-10-01 02:10:00,-5,686369400,4.5,4.15,35.9,27.6,41.0,18.7,19.0
2021-10-01 02:20:00,-5,686370000,4.3,4.14,35.9,27.5,41.0,18.6,19.0
2021-10-01 02:30:00,-5,686370600,4.5,4.14,35.9,27.5,41.0,18.7,19.0
2021-10-01 02:40:00,-5,686371200,4.3,4.14,35.9,27.5,41.0,18.6,19.1
2021-10-01 02:50:00,-5,686371800,3.8,4.14,35.9,27.5,41.0,18.7,19.0
2021-10-01 03:00:00,-5,686372400,3.5,4.14,35.9,27.5,41.0,18.6,19.1
2021-10-01 03:10:00,-5,686373000,3.3,4.14,35.8,27.5,41.0,18.6,19.0
2021-10-01 03:20:00,-5,686373600,3.0,4.14,35.8,27.5,41.0,18.5,19.1
2021-10-01 03:30:00,-5,686374200,3.3,4.14,35.8,27.5,41.0,18.5,19.1
2021-10-01 03:40:00,-5,686374800,3.3,4.14,35.8,27.5,41.0,18.5,19.0
2021-10-01 03:50:00,-5,686375400,3.3,4.14,35.8,27.5,41.0,18.4,19.0
2021-10-01 04:00:00,-5,686376000,3.3,4.14,35.8,27.5,41.0,18.3,19.0
2021-10-01 04:10:00,-5,686376600,3.3,4.14,35.8,27.4,41.0,18.4,19.0
2021-10-01 04:20:00,-5,686377200,3.3,4.14,35.8,27.4,41.0,18.3,19.0
2021-10-01 04:30:00,-5,686377800,3.0,4.14,35.8,27.4,41.0,18.3,19.1
2021-10-01 04:40:00,-5,686378400,3.0,4.14,35.7,27.4,41.0,18.3,19.0
2021-10-01 04:50:00,-5,686379000,3.0,4.14,35.7,27.4,41.0,18.3,19.0
2021-10-01 05:00:00,-5,686379600,3.0,4.14,35.7,27.4,41.0,18.2,19.0
2021-10-01 05:10:00,-5,686380200,2.8,4.14,35.7,27.4,41.0,18.2,19.0
2021-10-01 05:20:00,-5,686380800,2.8,4.14,35.7,27.4,41.0,18.3,19.0
2021-10-01 05:30:00,-5,686381400,2.5,4.14,35.7,27.4,41.0,18.2,19.0
2021-10-01 05:40:00,-5,686382000,2.5,4.14,35.7,27.4,41.0,18.1,19.0
2021-10-01 05:50:00,-5,686382600,2.5,4.14,35.7,27.3,41.0,18.2,18.7
2021-10-01 06:00:00,-5,686383200,2.3,4.14,35.7,27.3,41.0,18.2,18.7
2021-10-01 06:10:00,-5,686383800,2.5,4.14,35.6,27.3,41.0,18.2,19.0
2021-10-01 06:20:00,-5,686384400,3.3,4.14,35.6,27.3,40.9,18.1,19.0
2021-10-01 06:30:00,-5,686385000,4.0,4.14,35.6,27.3,41.0,18.2,18.7
2021-10-01 06:40:00,-5,686385600,4.0,4.14,35.6,27.3,40.9,18.2,18.7
2021-10-01 06:50:00,-5,686386200,4.5,4.14,35.6,27.3,40.9,18.1,18.8
2021-10-01 07:00:00,-5,686386800,5.0,4.14,35.6,27.3,40.9,18.1,18.8
2021-10-01 07:10:00,-5,686387400,5.5,4.14,35.6,27.3,40.9,18.0,18.8
2021-10-01 07:20:00,-5,686388000,12.3,4.17,35.6,27.3,40.9,18.1,18.8
2021-10-01 07:30:00,-5,686388600,18.5,4.17,35.6,27.2,40.9,18.0,18.8
2021-10-01 07:40:00,-5,686389200,21.8,4.17,35.6,27.2,40.9,18.0,18.8
2021-10-01 07:50:00,-5,686389800,24.0,4.17,35.5,27.2,40.9,17.7,19.0
2021-10-01 08:00:00,-5,686390400,26.8,4.17,35.5,27.2,40.9,17.8,18.8
2021-10-01 08:10:00,-5,686391000,29.8,4.17,35.5,27.2,40.9,17.8,19.0
2021-10-01 08:20:00,-5,686391600,31.5,4.17,35.5,27.2,40.9,18.1,18.7
2021-10-01 08:30:00,-5,686392200,32.8,4.17,35.5,27.2,40.9,18.1,19.0
2021-10-01 08:40:00,-5,686392800,33.5,4.17,35.5,27.2,40.9,17.8,19.0
2021-10-01 08:50:00,-5,686393400,35.5,4.17,35.5,27.2,40.9,17.8,18.8
2021-10-01 09:00:00,-5,686394000,36.5,4.17,35.5,27.1,40.9,17.8,18.8
2021-10-01 09:10:00,-5,686394600,37.5,4.17,35.5,27.1,40.9,17.7,18.7
2021-10-01 09:20:00,-5,686395200,37.5,4.17,35.5,27.1,40.9,17.7,18.7
2021-10-01 09:30:00,-5,686395800,38.3,4.17,35.6,27.1,40.9,17.7,18.8
2021-10-01 09:40:00,-5,686396400,38.8,4.17,35.6,27.1,40.9,17.8,18.6
2021-10-01 09:50:00,-5,686397000,40.3,4.17,35.6,27.1,40.9,17.7,18.8
2021-10-01 10:00:00,-5,686397600,41.0,4.17,35.6,27.1,40.9,17.7,18.7
2021-10-01 10:10:00,-5,686398200,41.0,4.17,35.6,27.1,40.9,17.6,18.6
2021-10-01 10:20:00,-5,686398800,40.8,4.17,35.6,27.1,40.9,17.7,18.8
2021-10-01 10:30:00,-5,686399400,41.3,4.17,35.6,27.1,40.9,17.6,18.7
2021-10-01 10:40:00,-5,686400000,41.8,4.17,35.6,27.0,40.9,17.6,18.6
2021-10-01 10:50:00,-5,686400600,41.5,4.17,35.6,27.0,40.9,17.7,18.7
2021-10-01 11:00:00,-5,686401200,41.8,4.17,35.6,27.0,40.8,17.7,18.7
2021-10-01 11:10:00,-5,686401800,41.3,4.17,35.6,27.0,40.8,17.7,18.7
2021-10-01 11:20:00,-5,686402400,41.0,4.17,35.6,27.0,40.9,17.7,18.8
2021-10-01 11:30:00,-5,686403000,37.8,4.17,35.6,27.0,40.8,17.7,18.6
2021-10-01 11:40:00,-5,686403600,38.8,4.17,35.6,27.0,40.8,17.6,18.7
2021-10-01 11:50:00,-5,686404200,39.5,4.17,35.7,27.0,40.8,17.7,18.7
2021-10-01 12:00:00,-5,686404800,40.0,4.17,35.7,27.0,40.8,17.7,18.7
2021-10-01 12:10:00,-5,686405400,39.5,4.17,35.7,27.0,40.8,17.7,18.6
2021-10-01 12:20:00,-5,686406000,37.8,4.17,35.7,27.0,40.8,17.7,18.6
2021-10-01 12:30:00,-5,686406600,38.5,4.17,35.7,27.0,40.8,17.8,18.6
2021-10-01 12:40:00,-5,686407200,37.5,4.17,35.7,27.0,40.8,17.7,18.6
2021-10-01 12:50:00,-5,686407800,37.0,4.17,35.7,27.0,40.8,17.7,18.6
2021-10-01 13:00:00,-5,686408400,37.3,4.17,35.7,27.0,40.8,17.8,18.6
2021-10-01 13:10:00,-5,686409000,35.5,4.17,35.7,27.0,40.8,17.8,18.5
2021-10-01 13:20:00,-5,686409600,34.8,4.17,35.7,27.0,40.8,17.8,18.6
2021-10-01 13:30:00,-5,686410200,35.0,4.17,35.7,27.0,40.8,17.8,18.5
2021-10-01 13:40:00,-5,686410800,33.5,4.17,35.8,27.0,40.8,18.1,18.6
2021-10-01 13:50:00,-5,686411400,32.3,4.17,35.8,27.0,40.8,17.7,18.5
2021-10-01 14:00:00,-5,686412000,32.5,4.17,35.8,27.0,40.8,18.0,18.5
2021-10-01 14:10:00,-5,686412600,31.5,4.17,35.8,27.0,40.8,17.8,18.5
2021-10-01 14:20:00,-5,686413200,30.5,4.17,35.8,27.0,40.8,18.0,18.5
2021-10-01 14:30:00,-5,686413800,30.0,4.17,35.8,27.0,40.8,18.0,18.5
2021-10-01 14:40:00,-5,686414400,29.3,4.17,35.8,26.9,40.8,18.0,18.5
2021-10-01 14:50:00,-5,686415000,28.8,4.17,35.8,27.0,40.8,18.1,18.5
2021-10-01 15:00:00,-5,686415600,28.0,4.17,35.8,27.0,40.8,18.1,18.5
2021-10-01 15:10:00,-5,686416200,28.0,4.17,35.8,27.0,40.8,18.0,18.5
2021-10-01 15:20:00,-5,686416800,27.8,4.17,35.8,27.0,40.8,18.1,18.5
2021-10-01 15:30:00,-5,686417400,26.8,4.17,35.8,27.0,40.8,18.2,18.4
2021-10-01 15:40:00,-5,686418000,26.3,4.17,35.8,27.0,40.8,18.1,18.5
2021-10-01 15:50:00,-5,686418600,26.3,4.17,35.8,27.0,40.8,18.1,18.5
2021-10-01 16:00:00,-5,686419200,26.3,4.17,35.8,27.0,40.8,18.2,18.5
2021-10-01 16:10:00,-5,686419800,25.8,4.17,35.8,27.0,40.8,18.2,18.5
2021-10-01 16:20:00,-5,686420400,24.8,4.17,35.8,27.1,40.8,18.1,18.5
2021-10-01 16:30:00,-5,686421000,24.5,4.17,35.8,27.1,40.8,18.1,18.6
2021-10-01 16:40:00,-5,686421600,23.0,4.17,35.8,27.1,40.8,18.2,18.5
2021-10-01 16:50:00,-5,686422200,21.3,4.17,35.8,27.1,40.8,18.2,18.6
2021-10-01 17:00:00,-5,686422800,19.3,4.17,35.8,27.1,40.7,18.3,18.6
2021-10-01 17:10:00,-5,686423400,16.3,4.17,35.8,27.1,40.7,18.3,18.6
2021-10-01 17:20:00,-5,686424000,14.0,4.17,35.8,27.1,40.8,18.2,18.5
2021-10-01 17:30:00,-5,686424600,12.5,4.17,35.8,27.1,40.8,18.2,18.6
2021-10-01 17:40:00,-5,686425200,12.0,4.17,35.8,27.1,40.8,18.3,18.5
2021-10-01 17:50:00,-5,686425800,11.5,4.17,35.8,27.1,40.7,18.2,18.6
2021-10-01 18:00:00,-5,686426400,11.0,4.17,35.8,27.1,40.8,18.3,18.6
2021-10-01 18:10:00,-5,686427000,10.5,4.17,35.8,27.1,40.7,18.3,18.4
2021-10-01 18:20:00,-5,686427600,10.0,4.17,35.8,27.1,40.8,18.3,18.5
2021-10-01 18:30:00,-5,686428200,9.5,4.17,35.8,27.1,40.8,18.3,18.5
2021-10-01 18:40:00,-5,686428800,9.0,4.17,35.8,27.1,40.7,18.3,18.5
2021-10-01 18:50:00,-5,686429400,8.5,4.17,35.8,27.1,40.7,18.2,18.6
2021-10-01 19:00:00,-5,686430000,8.3,4.17,35.8,27.1,40.7,18.3,18.5
2021-10-01 19:10:00,-5,686430600,8.3,4.17,35.8,27.1,40.7,18.3,18.5
2021-10-01 19:20:00,-5,686431200,8.0,4.17,35.8,27.1,40.7,18.3,18.5
2021-10-01 19:30:00,-5,686431800,7.5,4.17,35.7,27.1,40.7,18.4,18.6
2021-10-01 19:40:00,-5,686432400,7.5,4.17,35.7,27.1,40.7,18.3,18.5
2021-10-01 19:50:00,-5,686433000,7.5,4.17,35.7,27.1,40.7,18.3,18.5
2021-10-01 20:00:00,-5,686433600,8.3,4.15,35.7,27.1,40.7,18.3,18.6
2021-10-01 20:10:00,-5,686434200,7.8,4.15,35.7,27.1,40.7,18.2,18.6
2021-10-01 20:20:00,-5,686434800,7.3,4.15,35.7,27.1,40.7,18.3,18.5
2021-10-01 20:30:00,-5,686435400,7.0,4.15,35.7,27.1,40.7,18.3,18.5
2021-10-01 20:40:00,-5,686436000,7.3,4.15,35.7,27.1,40.7,18.2,18.6
2021-10-01 20:50:00,-5,686436600,7.5,4.15,35.7,27.1,40.7,18.2,18.6
2021-10-01 21:00:00,-5,686437200,7.8,4.15,35.6,27.1,40.7,18.2,18.5
2021-10-01 21:10:00,-5,686437800,7.3,4.15,35.6,27.1,40.7,18.3,18.6
2021-10-01 21:20:00,-5,686438400,6.8,4.15,35.6,27.1,40.7,18.3,18.6
2021-10-01 21:30:00,-5,686439000,6.8,4.15,35.6,27.1,40.7,18.3,18.5
2021-10-01 21:40:00,-5,686439600,6.5,4.15,35.6,27.1,40.7,18.3,18.5
2021-10-01 21:50:00,-5,686440200,6.3,4.15,35.6,27.1,40.7,18.2,18.6
2021-10-01 22:00:00,-5,686440800,5.8,4.15,35.6,27.1,40.7,18.3,18.6
2021-10-01 22:10:00,-5,686441400,5.8,4.15,35.6,27.1,40.7,18.2,18.6
2021-10-01 22:20:00,-5,686442000,6.0,4.15,35.6,27.1,40.7,18.2,18.6
2021-10-01 22:30:00,-5,686442600,5.8,4.15,35.5,27.1,40.7,18.3,18.6
2021-10-01 22:40:00,-5,686443200,5.5,4.15,35.5,27.1,40.7,18.2,18.5
2021-10-01 22:50:00,-5,686443800,5.0,4.15,35.5,27.1,40.7,18.2,18.6
2021-10-01 23:00:00,-5,686444400,5.3,4.15,35.5,27.1,40.7,18.2,18.5
2021-10-01 23:10:00,-5,686445000,5.3,4.15,35.5,27.1,40.7,18.1,18.5
2021-10-01 23:20:00,-5,686445600,5.0,4.15,35.5,27.1,40.7,18.1,18.5
2021-10-01 23:30:00,-5,686446200,4.8,4.15,35.5,27.1,40.7,18.1,18.5
2021-10-01 23:40:00,-5,686446800,4.8,4.15,35.5,27.1,40.7,18.1,18.5
2021-10-01 23:50:00,-5,686447400,4.5,4.15,35.4,27.1,40.7,18.1,18.6
2021-10-02 00:00:00,-5,686448000,4.5,4.15,35.4,27.0,40.7,18.1,18.6
2021-10-02 00:10:00,-5,686448600,4.5,4.15,35.4,27.0,40.7,18.0,18.5
2021-10-02 00:20:00,-5,686449200,4.5,4.15,35.4,27.0,40.7,18.0,18.5
2021-10-02 00:30:00,-5,686449800,4.8,4.14,35.4,27.0,40.7,18.1,18.5
2021-10-02 00:40:00,-5,686450400,4.8,4.14,35.4,27.0,40.7,18.0,18.6
2021-10-02 00:50:00,-5,686451000,5.0,4.14,35.4,27.0,40.7,18.1,18.6
2021-10-02 01:00:00,-5,686451600,5.3,4.14,35.4,27.0,40.7,18.0,18.5
2021-10-02 01:10:00,-5,686452200,5.0,4.14,35.4,27.0,40.7,18.0,18.6
2021-10-02 01:20:00,-5,686452800,5.0,4.14,35.3,27.0,40.7,18.0,18.5
2021-10-02 01:30:00,-5,686453400,4.8,4.14,35.3,27.0,40.7,17.7,18.5
2021-10-02 01:40:00,-5,686454000,4.8,4.14,35.3,27.0,40.7,18.0,18.5
2021-10-02 01:50:00,-5,686454600,4.5,4.14,35.3,26.9,40.7,18.1,18.6
2021-10-02 02:00:00,-5,686455200,4.5,4.14,35.3,27.0,40.7,17.8,18.5
2021-10-02 02:10:00,-5,686455800,4.5,4.14,35.3,26.9,40.7,18.1,18.5
2021-10-02 02:20:00,-5,686456400,4.3,4.14,35.3,26.9,40.7,18.0,18.5
2021-10-02 02:30:00,-5,686457000,4.3,4.14,35.3,26.9,40.7,17.7,18.4
2021-10-02 02:40:00,-5,686457600,4.0,4.14,35.3,26.9,40.7,18.1,18.4
2021-10-02 02:50:00,-5,686458200,4.0,4.14,35.3,26.9,40.7,17.8,18.5
2021-10-02 03:00:00,-5,686458800,4.0,4.14,35.2,26.9,40.7,17.8,18.5
2021-10-02 03:10:00,-5,686459400,4.0,4.14,35.2,26.9,40.7,17.8,18.5
2021-10-02 03:20:00,-5,686460000,4.3,4.14,35.2,26.9,40.7,17.7,18.5
2021-10-02 03:30:00,-5,686460600,4.5,4.14,35.2,26.9,40.7,17.8,18.5
2021-10-02 03:40:00,-5,686461200,4.5,4.14,35.2,26.9,40.7,17.7,18.5
2021-10-02 03:50:00,-5,686461800,4.3,4.14,35.2,26.9,40.7,17.7,18.5
2021-10-02 04:00:00,-5,686462400,4.0,4.14,35.2,26.8,40.6,17.7,18.5
2021-10-02 04:10:00,-5,686463000,3.8,4.14,35.2,26.8,40.6,17.7,18.3
2021-10-02 04:20:00,-5,686463600,3.8,4.14,35.2,26.8,40.7,17.7,18.5
2021-10-02 04:30:00,-5,686464200,4.0,4.14,35.2,26.8,40.7,17.6,18.4
2021-10-02 04:40:00,-5,686464800,4.0,4.14,35.1,26.8,40.7,17.5,18.5
2021-10-02 04:50:00,-5,686465400,4.0,4.14,35.1,26.8,40.7,17.6,18.3
2021-10-02 05:00:00,-5,686466000,4.0,4.14,35.1,26.8,40.6,17.5,18.3
2021-10-02 05:10:00,-5,686466600,3.8,4.14,35.1,26.8,40.6,17.5,18.4
2021-10-02 05:20:00,-5,686467200,3.8,4.14,35.1,26.8,40.6,17.5,18.3
2021-10-02 05:30:00,-5,686467800,3.5,4.12,35.1,26.8,40.6,17.5,18.3
2021-10-02 05:40:00,-5,686468400,3.5,4.12,35.1,26.8,40.6,17.5,18.3
2021-10-02 05:50:00,-5,686469000,3.3,4.12,35.1,26.8,40.6,17.3,18.3
2021-10-02 06:00:00,-5,686469600,3.3,4.12,35.1,26.7,40.6,17.5,18.3
2021-10-02 06:10:00,-5,686470200,3.5,4.12,35.1,26.7,40.6,17.5,18.4
2021-10-02 06:20:00,-5,686470800,3.5,4.12,35.1,26.7,40.6,17.3,18.4
2021-10-02 06:30:00,-5,686471400,4.0,4.12,35.0,26.7,40.6,17.4,18.4
2021-10-02 06:40:00,-5,686472000,4.8,4.12,35.0,26.7,40.6,17.5,18.3
2021-10-02 06:50:00,-5,686472600,5.3,4.12,35.0,26.7,40.6,17.3,18.2
2021-10-02 07:00:00,-5,686473200,6.0,4.12,35.0,26.7,40.6,17.3,18.3
2021-10-02 07:10:00,-5,686473800,7.0,4.14,35.0,26.7,40.6,17.3,18.3
2021-10-02 07:20:00,-5,686474400,13.3,4.15,35.0,26.7,40.6,17.3,18.2
2021-10-02 07:30:00,-5,686475000,18.0,4.17,35.0,26.7,40.6,17.3,18.3
2021-10-02 07:40:00,-5,686475600,21.3,4.17,35.0,26.7,40.6,17.2,18.2
2021-10-02 07:50:00,-5,686476200,24.0,4.17,35.0,26.6,40.6,17.3,18.3
2021-10-02 08:00:00,-5,686476800,27.0,4.17,35.0,26.6,40.6,17.2,18.3
2021-10-02 08:10:00,-5,686477400,29.8,4.17,35.0,26.6,40.6,17.4,18.3
2021-10-02 08:20:00,-5,686478000,31.3,4.17,35.0,26.6,40.6,17.2,18.1
2021-10-02 08:30:00,-5,686478600,32.8,4.17,35.0,26.6,40.6,17.2,18.0
2021-10-02 08:40:00,-5,686479200,34.3,4.17,35.0,26.6,40.6,17.1,18.1
2021-10-02 08:50:00,-5,686479800,37.3,4.17,35.0,26.6,40.6,17.2,18.1
2021-10-02 09:00:00,-5,686480400,37.8,4.17,35.0,26.5,40.6,17.2,18.2
2021-10-02 09:10:00,-5,686481000,37.3,4.17,35.0,26.6,40.6,17.2,18.0
2021-10-02 09:20:00,-5,686481600,38.8,4.17,35.0,26.6,40.6,17.2,18.1
2021-10-02 09:30:00,-5,686482200,40.8,4.17,35.0,26.5,40.6,17.1,18.1
2021-10-02 09:40:00,-5,686482800,41.3,4.17,35.0,26.5,40.6,17.1,18.1
2021-10-02 09:50:00,-5,686483400,40.5,4.17,35.0,26.5,40.6,17.2,18.1
2021-10-02 10:00:00,-5,686484000,39.3,4.17,35.1,26.5,40.5,17.1,18.0
2021-10-02 10:10:00,-5,686484600,40.5,4.17,35.1,26.5,40.5,17.2,18.1
2021-10-02 10:20:00,-5,686485200,40.5,4.17,35.1,26.5,40.5,17.1,18.0
2021-10-02 10:30:00,-5,686485800,40.8,4.17,35.1,26.5,40.5,17.2,18.0
2021-10-02 10:40:00,-5,686486400,41.3,4.17,35.1,26.5,40.5,17.2,18.0
2021-10-02 10:50:00,-5,686487000,42.3,4.17,35.1,26.5,40.5,17.2,18.1
2021-10-02 11:00:00,-5,686487600,42.0,4.17,35.1,26.5,40.5,17.2,18.1
2021-10-02 11:10:00,-5,686488200,41.5,4.17,35.1,26.5,40.5,17.2,18.1
2021-10-02 11:20:00,-5,686488800,41.0,4.17,35.1,26.5,40.5,17.2,18.0
2021-10-02 11:30:00,-5,686489400,38.8,4.17,35.1,26.5,40.5,17.2,18.0
2021-10-02 11:40:00,-5,686490000,39.3,4.17,35.2,26.5,40.5,17.2,17.7
2021-10-02 11:50:00,-5,686490600,39.3,4.17,35.2,26.5,40.5,17.2,18.0
2021-10-02 12:00:00,-5,686491200,41.0,4.17,35.2,26.5,40.5,17.3,17.8
2021-10-02 12:10:00,-5,686491800,40.8,4.17,35.2,26.5,40.5,17.2,17.7
2021-10-02 12:20:00,-5,686492400,40.8,4.17,35.2,26.5,40.5,17.3,18.0
2021-10-02 12:30:00,-5,686493000,40.0,4.17,35.2,26.5,40.5,17.1,18.0
2021-10-02 12:40:00,-5,686493600,40.3,4.17,35.2,26.5,40.5,17.2,17.7
2021-10-02 12:50:00,-5,686494200,41.0,4.17,35.2,26.5,40.5,17.2,18.0
2021-10-02 13:00:00,-5,686494800,40.3,4.17,35.2,26.4,40.5,17.2,18.0
2021-10-02 13:10:00,-5,686495400,39.3,4.17,35.3,26.5,40.5,17.3,18.0
2021-10-02 13:20:00,-5,686496000,39.5,4.17,35.3,26.5,40.5,17.2,17.8
2021-10-02 13:30:00,-5,686496600,38.3,4.17,35.3,26.4,40.5,17.4,18.0
2021-10-02 13:40:00,-5,686497200,36.5,4.17,35.3,26.5,40.5,17.5,18.0
2021-10-02 13:50:00,-5,686497800,37.0,4.17,35.3,26.5,40.5,17.5,18.1
2021-10-02 14:00:00,-5,686498400,36.3,4.17,35.3,26.5,40.5,17.5,17.7
2021-10-02 14:10:00,-5,686499000,35.0,4.17,35.3,26.5,40.5,17.5,18.0
2021-10-02 14:20:00,-5,686499600,33.5,4.17,35.4,26.5,40.5,17.5,17.8
2021-10-02 14:30:00,-5,686500200,33.3,4.17,35.4,26.5,40.5,17.5,18.0
2021-10-02 14:40:00,-5,686500800,31.8,4.17,35.4,26.5,40.5,17.6,18.0
2021-10-02 14:50:00,-5,686501400,31.0,4.17,35.4,26.5,40.5,17.6,17.7
2021-10-02 15:00:00,-5,686502000,32.3,4.17,35.4,26.5,40.5,17.6,18.0
2021-10-02 15:10:00,-5,686502600,32.5,4.17,35.4,26.5,40.5,17.6,18.0
2021-10-02 15:20:00,-5,686503200,31.5,4.17,35.4,26.5,40.5,17.6,18.0
2021-10-02 15:30:00,-5,686503800,31.8,4.17,35.4,26.5,40.5,17.7,17.7
2021-10-02 15:40:00,-5,686504400,30.8,4.17,35.4,26.6,40.5,17.7,18.0
2021-10-02 15:50:00,-5,686505000,30.8,4.17,35.4,26.6,40.4,17.8,18.0
2021-10-02 16:00:00,-5,686505600,30.8,4.17,35.4,26.5,40.5,17.8,17.8
2021-10-02 16:10:00,-5,686506200,29.5,4.17,35.5,26.6,40.5,17.7,17.8
2021-10-02 16:20:00,-5,686506800,29.0,4.17,35.5,26.6,40.5,17.8,17.7
2021-10-02 16:30:00,-5,686507400,28.0,4.17,35.5,26.6,40.5,18.0,17.8
2021-10-02 16:40:00,-5,686508000,24.5,4.17,35.5,26.6,40.4,18.1,18.0
2021-10-02 16:50:00,-5,686508600,23.5,4.17,35.5,26.6,40.4,18.0,18.0
2021-10-02 17:00:00,-5,686509200,22.3,4.17,35.5,26.6,40.5,18.0,18.0
2021-10-02 17:10:00,-5,686509800,20.8,4.17,35.5,26.6,40.5,18.0,18.0
2021-10-02 17:20:00,-5,686510400,19.8,4.17,35.5,26.7,40.5,18.0,18.0
2021-10-02 17:30:00,-5,686511000,18.8,4.17,35.5,26.7,40.5,18.0,17.7
2021-10-02 17:40:00,-5,686511600,17.5,4.17,35.5,26.7,40.5,18.0,18.0
2021-10-02 17:50:00,-5,686512200,16.5,4.17,35.5,26.7,40.5,18.1,18.0
2021-10-02 18:00:00,-5,686512800,16.0,4.17,35.5,26.7,40.4,18.1,18.0
2021-10-02 18:10:00,-5,686513400,15.8,4.17,35.5,26.7,40.5,18.0,18.1
2021-10-02 18:20:00,-5,686514000,15.5,4.17,35.5,26.7,40.4,18.1,18.0
2021-10-02 18:30:00,-5,686514600,15.3,4.17,35.5,26.7,40.4,18.1,18.1
2021-10-02 18:40:00,-5,686515200,15.3,4.17,35.5,26.7,40.5,18.2,18.1
2021-10-02 18:50:00,-5,686515800,15.0,4.17,35.4,26.7,40.5,18.1,18.0
2021-10-02 19:00:00,-5,686516400,14.8,4.17,35.4,26.7,40.5,18.1,18.0
2021-10-02 19:10:00,-5,686517000,14.8,4.17,35.4,26.7,40.4,18.1,18.0
2021-10-02 19:20:00,-5,686517600,14.3,4.15,35.4,26.7,40.4,18.1,18.0
2021-10-02 19:30:00,-5,686518200,13.3,4.15,35.4,26.7,40.4,18.2,18.0
2021-10-02 19:40:00,-5,686518800,12.8,4.15,35.4,26.7,40.5,18.1,18.0
2021-10-02 19:50:00,-5,686519400,12.5,4.15,35.4,26.8,40.4,18.2,18.1
2021-10-02 20:00:00,-5,686520000,12.5,4.15,35.4,26.7,40.4,18.1,18.1
2021-10-02 20:10:00,-5,686520600,12.3,4.15,35.4,26.7,40.5,18.2,18.0
2021-10-02 20:20:00,-5,686521200,12.3,4.15,35.4,26.8,40.4,18.1,17.7
2021-10-02 20:30:00,-5,686521800,12.0,4.15,35.4,26.8,40.4,18.2,18.1
2021-10-02 20:40:00,-5,686522400,12.0,4.15,35.3,26.8,40.4,18.1,18.1
2021-10-02 20:50:00,-5,686523000,12.8,4.15,35.3,26.8,40.4,18.2,18.1
2021-10-02 21:00:00,-5,686523600,12.5,4.15,35.3,26.8,40.4,18.2,18.1
2021-10-02 21:10:00,-5,686524200,11.5,4.15,35.3,26.8,40.4,18.2,18.1
2021-10-02 21:20:00,-5,686524800,11.0,4.15,35.3,26.8,40.4,18.2,18.0
2021-10-02 21:30:00,-5,686525400,10.8,4.15,35.3,26.8,40.4,18.1,18.1
2021-10-02 21:40:00,-5,686526000,11.0,4.15,35.3,26.8,40.4,18.2,18.0
2021-10-02 21:50:00,-5,686526600,11.3,4.15,35.3,26.8,40.4,18.2,18.1
2021-10-02 22:00:00,-5,686527200,11.3,4.15,35.3,26.8,40.4,18.2,18.0
2021-10-02 22:10:00,-5,686527800,10.8,4.15,35.3,26.8,40.4,18.2,18.1
2021-10-02 22:20:00,-5,686528400,10.3,4.15,35.2,26.8,40.4,18.2,18.2
2021-10-02 22:30:00,-5,686529000,9.8,4.15,35.2,26.8,40.4,18.2,18.1
2021-10-02 22:40:00,-5,686529600,9.5,4.15,35.2,26.8,40.4,18.2,18.0
2021-10-02 22:50:00,-5,686530200,9.3,4.15,35.2,26.8,40.4,18.1,18.1
2021-10-02 23:00:00,-5,686530800,9.3,4.15,35.2,26.8,40.4,18.2,18.1
2021-10-02 23:10:00,-5,686531400,9.3,4.15,35.2,26.8,40.4,18.1,18.1
2021-10-02 23:20:00,-5,686532000,9.0,4.15,35.2,26.7,40.5,18.1,18.1
2021-10-02 23:30:00,-5,686532600,9.3,4.15,35.2,26.8,40.4,18.1,18.2
2021-10-02 23:40:00,-5,686533200,9.3,4.14,35.1,26.8,40.4,18.1,18.1
2021-10-02 23:50:00,-5,686533800,9.3,4.14,35.1,26.7,40.4,18.1,18.1
2021-10-03 00:00:00,-5,686534400,9.3,4.14,35.1,26.7,40.4,18.1,18.1
2021-10-03 00:10:00,-5,686535000,9.5,4.14,35.1,26.8,40.4,18.1,18.1
2021-10-03 00:20:00,-5,686535600,10.0,4.14,35.1,26.7,40.4,18.0,18.1
2021-10-03 00:30:00,-5,686536200,10.3,4.14,35.1,26.7,40.4,18.1,18.1
2021-10-03 00:40:00,-5,686536800,10.3,4.14,35.1,26.7,40.4,18.1,18.1
2021-10-03 00:50:00,-5,686537400,10.0,4.14,35.1,26.7,40.4,18.0,18.1
2021-10-03 01:00:00,-5,686538000,10.3,4.14,35.1,26.7,40.4,18.0,18.1
2021-10-03 01:10:00,-5,686538600,11.0,4.14,35.1,26.7,40.4,18.1,18.1
2021-10-03 01:20:00,-5,686539200,11.8,4.14,35.1,26.7,40.4,18.1,18.1
2021-10-03 01:30:00,-5,686539800,12.3,4.14,35.1,26.7,40.4,18.0,18.3
2021-10-03 01:40:00,-5,686540400,12.5,4.14,35.1,26.7,40.4,18.1,18.1
2021-10-03 01:50:00,-5,686541000,12.8,4.14,35.1,26.7,40.4,18.1,18.1
2021-10-03 02:00:00,-5,686541600,13.0,4.14,35.1,26.7,40.4,18.0,18.1
2021-10-03 02:10:00,-5,686542200,13.0,4.14,35.1,26.7,40.4,18.0,18.1
2021-10-03 02:20:00,-5,686542800,13.0,4.14,35.1,26.7,40.4,17.7,18.1
2021-10-03 02:30:00,-5,686543400,13.3,4.14,35.0,26.7,40.4,18.0,18.1
2021-10-03 02:40:00,-5,686544000,13.3,4.14,35.1,26.7,40.4,18.0,18.2
2021-10-03 02:50:00,-5,686544600,13.5,4.14,35.0,26.7,40.4,18.0,18.1
2021-10-03 03:00:00,-5,686545200,13.5,4.14,35.0,26.7,40.4,17.8,18.1
2021-10-03 03:10:00,-5,686545800,13.8,4.14,35.0,26.7,40.4,18.0,18.1
2021-10-03 03:20:00,-5,686546400,13.8,4.14,35.0,26.7,40.4,17.7,18.1
2021-10-03 03:30:00,-5,686547000,14.0,4.14,35.0,26.7,40.4,18.1,18.2
2021-10-03 03:40:00,-5,686547600,14.0,4.14,35.0,26.6,40.4,17.7,18.1
2021-10-03 03:50:00,-5,686548200,14.0,4.14,35.0,26.6,40.4,17.8,18.1
2021-10-03 04:00:00,-5,686548800,14.0,4.14,35.0,26.6,40.4,18.1,18.1
2021-10-03 04:10:00,-5,686549400,14.3,4.14,35.0,26.6,40.4,17.8,18.1
2021-10-03 04:20:00,-5,686550000,14.3,4.14,35.0,26.6,40.4,17.8,18.1
2021-10-03 04:30:00,-5,686550600,14.3,4.14,35.0,26.6,40.4,17.8,18.1
2021-10-03 04:40:00,-5,686551200,14.3,4.14,35.0,26.6,40.4,17.7,18.0
2021-10-03 04:50:00,-5,686551800,14.5,4.14,35.0,26.6,40.4,18.1,18.1
2021-10-03 05:00:00,-5,686552400,14.5,4.12,35.0,26.6,40.4,17.8,18.0
2021-10-03 05:10:00,-5,686553000,14.5,4.12,35.0,26.6,40.4,17.8,18.1
2021-10-03 05:20:00,-5,686553600,14.5,4.12,35.0,26.6,40.4,17.8,18.1
2021-10-03 05:30:00,-5,686554200,14.8,4.12,35.0,26.6,40.4,17.8,18.2
2021-10-03 05:40:00,-5,686554800,14.8,4.12,35.0,26.6,40.4,17.7,18.2
2021-10-03 05:50:00,-5,686555400,15.0,4.12,35.0,26.6,40.4,17.8,18.1
2021-10-03 06:00:00,-5,686556000,15.0,4.12,35.0,26.6,40.4,17.6,18.1
2021-10-03 06:10:00,-5,686556600,15.0,4.12,35.0,26.6,40.4,17.7,18.1
2021-10-03 06:20:00,-5,686557200,15.3,4.12,35.0,26.6,40.4,17.7,18.0
2021-10-03 06:30:00,-5,686557800,15.5,4.12,35.0,26.6,40.4,17.8,18.1
2021-10-03 06:40:00,-5,686558400,15.8,4.12,35.0,26.6,40.4,17.7,18.1
2021-10-03 06:50:00,-5,686559000,16.3,4.12,35.0,26.6,40.4,17.8,18.2
2021-10-03 07:00:00,-5,686559600,16.8,4.12,35.0,26.6,40.4,17.7,18.2
2021-10-03 07:10:00,-5,686560200,17.3,4.12,35.0,26.6,40.4,17.7,18.0
2021-10-03 07:20:00,-5,686560800,17.8,4.12,35.0,26.6,40.4,17.8,18.0
2021-10-03 07:30:00,-5,686561400,18.3,4.12,35.0,26.6,40.4,17.8,18.0
2021-10-03 07:40:00,-5,686562000,18.8,4.12,35.0,26.6,40.4,17.7,18.0
2021-10-03 07:50:00,-5,686562600,19.3,4.12,35.0,26.6,40.3,17.8,18.0
2021-10-03 08:00:00,-5,686563200,19.3,4.14,35.0,26.6,40.4,17.7,18.0
2021-10-03 08:10:00,-5,686563800,21.3,4.14,35.1,26.6,40.3,17.7,18.0
2021-10-03 08:20:00,-5,686564400,23.3,4.15,35.0,26.6,40.3,17.8,18.1
2021-10-03 08:30:00,-5,686565000,25.0,4.15,35.1,26.6,40.3,17.7,18.0
2021-10-03 08:40:00,-5,686565600,27.5,4.15,35.1,26.5,40.3,17.7,18.0
2021-10-03 08:50:00,-5,686566200,26.8,4.15,35.1,26.5,40.3,17.7,18.1
2021-10-03 09:00:00,-5,686566800,30.0,4.15,35.1,26.5,40.4,17.7,18.1
2021-10-03 09:10:00,-5,686567400,33.5,4.17,35.1,26.5,40.3,17.8,18.1
2021-10-03 09:20:00,-5,686568000,37.8,4.15,35.1,26.5,40.3,17.8,18.1
2021-10-03 09:30:00,-5,686568600,40.5,4.15,35.1,26.5,40.3,17.8,18.1
2021-10-03 09:40:00,-5,686569200,42.3,4.15,35.1,26.5,40.3,17.7,18.0
2021-10-03 09:50:00,-5,686569800,43.3,4.15,35.1,26.5,40.3,17.8,18.0
2021-10-03 10:00:00,-5,686570400,43.5,4.15,35.1,26.5,40.3,17.8,18.0
2021-10-03 10:10:00,-5,686571000,44.5,4.15,35.1,26.5,40.3,17.6,18.0
2021-10-03 10:20:00,-5,686571600,41.5,4.15,35.1,26.5,40.3,17.8,18.0
2021-10-03 10:30:00,-5,686572200,43.8,4.15,35.2,26.5,40.3,17.8,17.7
2021-10-03 10:40:00,-5,686572800,44.0,4.15,35.2,26.5,40.3,17.7,18.1
2021-10-03 10:50:00,-5,686573400,46.0,4.15,35.2,26.5,40.3,17.8,18.0
2021-10-03 11:00:00,-5,686574000,46.0,4.15,35.2,26.5,40.3,18.1,18.0
2021-10-03 11:10:00,-5,686574600,45.5,4.15,35.2,26.5,40.3,17.8,18.0
2021-10-03 11:20:00,-5,686575200,41.5,4.15,35.2,26.5,40.3,17.8,18.1
2021-10-03 11:30:00,-5,686575800,43.0,4.15,35.2,26.5,40.3,17.8,18.1
2021-10-03 11:40:00,-5,686576400,44.5,4.15,35.2,26.5,40.3,18.1,18.1
2021-10-03 11:50:00,-5,686577000,44.8,4.15,35.2,26.5,40.3,18.1,18.0
2021-10-03 12:00:00,-5,686577600,45.5,4.15,35.2,26.5,40.3,18.1,17.7
2021-10-03 12:10:00,-5,686578200,45.3,4.15,35.2,26.5,40.3,18.0,17.7
2021-10-03 12:20:00,-5,686578800,45.3,4.15,35.3,26.5,40.3,18.0,18.1
2021-10-03 12:30:00,-5,686579400,42.3,4.17,35.3,26.5,40.3,18.1,18.0
2021-10-03 12:40:00,-5,686580000,38.8,4.17,35.3,26.5,40.3,18.0,18.0
2021-10-03 12:50:00,-5,686580600,39.3,4.17,35.3,26.5,40.3,18.1,18.0
2021-10-03 13:00:00,-5,686581200,41.0,4.17,35.3,26.5,40.3,18.0,17.7
2021-10-03 13:10:00,-5,686581800,44.0,4.15,35.3,26.5,40.3,18.1,18.0
2021-10-03 13:20:00,-5,686582400,43.5,4.15,35.3,26.5,40.3,18.0,18.0
2021-10-03 13:30:00,-5,686583000,43.8,4.17,35.3,26.5,40.3,18.2,18.0
2021-10-03 13:40:00,-5,686583600,43.0,4.15,35.4,26.6,40.3,18.2,18.0
2021-10-03 13:50:00,-5,686584200,39.3,4.17,35.4,26.6,40.2,18.1,18.0
2021-10-03 14:00:00,-5,686584800,39.3,4.17,35.4,26.6,40.3,18.2,18.0
2021-10-03 14:10:00,-5,686585400,39.5,4.17,35.4,26.6,40.3,18.2,18.0
2021-10-03 14:20:00,-5,686586000,36.8,4.17,35.4,26.6,40.3,18.2,18.1
2021-10-03 14:30:00,-5,686586600,34.8,4.17,35.4,26.6,40.3,18.2,18.1
2021-10-03 14:40:00,-5,686587200,33.3,4.17,35.4,26.6,40.3,18.3,18.1
2021-10-03 14:50:00,-5,686587800,34.3,4.17,35.4,26.6,40.3,18.3,18.1
2021-10-03 15:00:00,-5,686588400,34.3,4.17,35.5,26.6,40.2,18.3,18.1
2021-10-03 15:10:00,-5,686589000,35.3,4.17,35.5,26.6,40.3,18.3,18.1
2021-10-03 15:20:00,-5,686589600,35.0,4.17,35.5,26.6,40.2,18.5,18.2
2021-10-03 15:30:00,-5,686590200,31.8,4.17,35.5,26.7,40.3,18.5,18.0
2021-10-03 15:40:00,-5,686590800,31.0,4.17,35.5,26.7,40.2,18.5,18.1
2021-10-03 15:50:00,-5,686591400,30.8,4.17,35.5,26.7,40.2,18.5,18.1
2021-10-03 16:00:00,-5,686592000,30.8,4.17,35.5,26.7,40.2,18.6,18.1
2021-10-03 16:10:00,-5,686592600,30.3,4.17,35.5,26.7,40.2,18.6,18.0
2021-10-03 16:20:00,-5,686593200,30.0,4.17,35.5,26.7,40.2,18.6,18.2
2021-10-03 16:30:00,-5,686593800,29.8,4.17,35.5,26.7,40.2,18.7,18.1
2021-10-03 16:40:00,-5,686594400,28.0,4.17,35.5,26.7,40.3,18.8,18.1
2021-10-03 16:50:00,-5,686595000,26.8,4.17,35.5,26.7,40.3,18.8,18.1
2021-10-03 17:00:00,-5,686595600,25.5,4.17,35.5,26.8,40.2,18.8,18.1
2021-10-03 17:10:00,-5,686596200,24.8,4.17,35.5,26.8,40.3,18.8,18.2
2021-10-03 17:20:00,-5,686596800,23.8,4.17,35.5,26.7,40.3,19.1,18.0
2021-10-03 17:30:00,-5,686597400,22.5,4.17,35.5,26.8,40.3,18.7,18.0
2021-10-03 17:40:00,-5,686598000,21.5,4.17,35.5,26.8,40.3,19.0,18.1
2021-10-03 17:50:00,-5,686598600,20.5,4.17,35.5,26.8,40.3,19.1,18.2
2021-10-03 18:00:00,-5,686599200,20.0,4.17,35.5,26.8,40.3,19.1,18.3
2021-10-03 18:10:00,-5,686599800,19.8,4.17,35.5,26.8,40.3,19.0,18.1
2021-10-03 18:20:00,-5,686600400,19.3,4.17,35.5,26.8,40.3,19.1,18.3
2021-10-03 18:30:00,-5,686601000,18.8,4.15,35.5,26.8,40.3,19.1,18.3
2021-10-03 18:40:00,-5,686601600,18.8,4.15,35.5,26.8,40.3,19.1,18.2
2021-10-03 18:50:00,-5,686602200,18.3,4.15,35.5,26.9,40.2,19.1,18.3
2021-10-03 19:00:00,-5,686602800,18.0,4.15,35.5,26.9,40.2,19.0,18.2
2021-10-03 19:10:00,-5,686603400,17.8,4.15,35.5,26.9,40.3,19.1,18.3
2021-10-03 19:20:00,-5,686604000,17.5,4.15,35.5,26.9,40.3,19.2,18.3
2021-10-03 19:30:00,-5,686604600,17.5,4.15,35.5,26.9,40.2,19.0,18.3
2021-10-03 19:40:00,-5,686605200,17.3,4.15,35.5,26.9,40.3,19.1,18.3
2021-10-03 19:50:00,-5,686605800,17.0,4.15,35.5,26.9,40.3,19.1,18.3
2021-10-03 20:00:00,-5,686606400,17.3,4.15,35.5,26.9,40.3,19.2,18.3
2021-10-03 20:10:00,-5,686607000,17.3,4.15,35.5,26.9,40.3,19.0,18.3
2021-10-03 20:20:00,-5,686607600,17.3,4.15,35.5,26.9,40.3,19.2,18.3
2021-10-03 20:30:00,-5,686608200,17.0,4.15,35.5,26.9,40.3,19.1,18.4
2021-10-03 20:40:00,-5,686608800,17.3,4.15,35.5,26.9,40.3,19.3,18.3
2021-10-03 20:50:00,-5,686609400,17.0,4.15,35.4,26.9,40.3,19.2,18.4
2021-10-03 21:00:00,-5,686610000,17.3,4.15,35.4,26.9,40.3,19.2,18.3
2021-10-03 21:10:00,-5,686610600,17.8,4.15,35.4,26.9,40.3,19.2,18.4
2021-10-03 21:20:00,-5,686611200,18.0,4.15,35.4,26.9,40.2,19.3,18.3
2021-10-03 21:30:00,-5,686611800,17.8,4.15,35.4,26.9,40.3,19.2,18.4
2021-10-03 21:40:00,-5,686612400,17.8,4.15,35.4,26.9,40.3,19.2,18.5
2021-10-03 21:50:00,-5,686613000,17.5,4.15,35.4,27.0,40.3,19.2,18.5
2021-10-03 22:00:00,-5,686613600,17.5,4.15,35.4,27.0,40.2,19.3,18.5
2021-10-03 22:10:00,-5,686614200,17.8,4.15,35.4,27.0,40.3,19.2,18.5
2021-10-03 22:20:00,-5,686614800,18.0,4.15,35.4,27.0,40.3,19.2,18.5
2021-10-03 22:30:00,-5,686615400,18.3,4.15,35.4,27.0,40.3,19.2,18.5
2021-10-03 22:40:00,-5,686616000,18.3,4.15,35.4,27.0,40.3,19.2,18.5
2021-10-03 22:50:00,-5,686616600,18.3,4.14,35.4,27.0,40.3,19.2,18.5
2021-10-03 23:00:00,-5,686617200,18.3,4.15,35.4,27.0,40.3,19.2,18.4
2021-10-03 23:10:00,-5,686617800,18.3,4.14,35.4,27.0,40.3,19.3,18.6
2021-10-03 23:20:00,-5,686618400,18.3,4.14,35.3,26.9,40.3,19.1,18.5
2021-10-03 23:30:00,-5,686619000,18.3,4.14,35.3,27.0,40.3,19.2,18.6
2021-10-03 23:40:00,-5,686619600,18.5,4.14,35.3,27.0,40.2,19.2,18.4
2021-10-03 23:50:00,-5,686620200,18.3,4.14,35.3,27.0,40.2,19.2,18.5
2021-10-04 00:00:00,-5,686620800,18.5,4.14,35.3,27.0,40.3,19.2,18.6
2021-10-04 00:10:00,-5,686621400,18.8,4.14,35.3,27.0,40.2,19.2,18.6
2021-10-04 00:20:00,-5,686622000,18.5,4.14,35.3,27.0,40.2,19.1,18.5
2021-10-04 00:30:00,-5,686622600,18.5,4.14,35.3,27.0,40.3,19.2,18.5
2021-10-04 00:40:00,-5,686623200,18.5,4.14,35.3,27.0,40.3,19.1,18.5
2021-10-04 00:50:00,-5,686623800,18.5,4.14,35.3,27.0,40.2,19.2,18.4
2021-10-04 01:00:00,-5,686624400,18.5,4.14,35.3,26.9,40.3,19.2,18.5
2021-10-04 01:10:00,-5,686625000,18.3,4.14,35.3,26.9,40.2,19.2,18.6
2021-10-04 01:20:00,-5,686625600,18.3,4.14,35.3,26.9,40.2,19.1,18.5
2021-10-04 01:30:00,-5,686626200,18.3,4.14,35.3,27.0,40.2,19.1,18.6
2021-10-04 01:40:00,-5,686626800,18.3,4.14,35.3,26.9,40.2,19.1,18.6
2021-10-04 01:50:00,-5,686627400,18.3,4.14,35.3,26.9,40.2,19.1,18.6
2021-10-04 02:00:00,-5,686628000,18.0,4.14,35.3,26.9,40.2,19.2,18.6
2021-10-04 02:10:00,-5,686628600,18.3,4.14,35.3,27.0,40.2,19.1,18.6
2021-10-04 02:20:00,-5,686629200,18.0,4.14,35.3,26.9,40.2,19.2,18.6
2021-10-04 02:30:00,-5,686629800,18.3,4.14,35.3,27.0,40.2,19.2,18.6
2021-10-04 02:40:00,-5,686630400,18.3,4.14,35.3,26.9,40.2,19.1,18.5
2021-10-04 02:50:00,-5,686631000,18.0,4.14,35.3,26.9,40.2,19.1,18.6
2021-10-04 03:00:00,-5,686631600,17.8,4.14,35.3,26.9,40.2,19.2,18.5
2021-10-04 03:10:00,-5,686632200,17.8,4.14,35.3,26.9,40.2,19.2,18.7
2021-10-04 03:20:00,-5,686632800,18.0,4.14,35.3,26.9,40.2,19.1,18.7
2021-10-04 03:30:00,-5,686633400,17.8,4.14,35.3,26.9,40.2,19.1,18.6
2021-10-04 03:40:00,-5,686634000,17.5,4.14,35.3,26.9,40.2,19.2,18.7
2021-10-04 03:50:00,-5,686634600,17.5,4.14,35.3,26.9,40.2,19.1,18.6
2021-10-04 04:00:00,-5,686635200,17.3,4.12,35.3,26.9,40.2,19.3,18.6
2021-10-04 04:10:00,-5,686635800,17.3,4.12,35.2,26.9,40.2,19.2,18.6
2021-10-04 04:20:00,-5,686636400,17.3,4.12,35.3,26.9,40.2,19.1,18.6
2021-10-04 04:30:00,-5,686637000,17.5,4.12,35.2,26.9,40.2,19.2,18.5
2021-10-04 04:40:00,-5,686637600,17.8,4.12,35.2,26.9,40.2,19.2,18.6
2021-10-04 04:50:00,-5,686638200,17.5,4.12,35.2,26.9,40.2,19.1,18.7
2021-10-04 05:00:00,-5,686638800,17.8,4.12,35.2,26.9,40.2,19.2,18.6
2021-10-04 05:10:00,-5,686639400,17.8,4.12,35.2,26.9,40.3,19.2,18.6
2021-10-04 05:20:00,-5,686640000,18.0,4.12,35.2,26.9,40.2,19.2,18.7
2021-10-04 05:30:00,-5,686640600,18.3,4.12,35.2,26.9,40.2,19.2,18.7
2021-10-04 05:40:00,-5,686641200,18.5,4.12,35.2,26.9,40.2,19.1,18.6
2021-10-04 05:50:00,-5,686641800,18.5,4.12,35.2,26.9,40.2,19.1,18.6
2021-10-04 06:00:00,-5,686642400,18.5,4.12,35.2,26.9,40.2,19.1,18.6
2021-10-04 06:10:00,-5,686643000,18.5,4.12,35.2,26.9,40.2,19.1,18.7
2021-10-04 06:20:00,-5,686643600,18.3,4.12,35.2,26.9,40.2,19.1,18.7
2021-10-04 06:30:00,-5,686644200,18.5,4.12,35.2,26.9,40.2,19.1,18.6
2021-10-04 06:40:00,-5,686644800,19.0,4.12,35.2,26.9,40.2,19.1,18.7
2021-10-04 06:50:00,-5,686645400,19.8,4.12,35.2,26.9,40.2,19.1,18.7
2021-10-04 07:00:00,-5,686646000,20.5,4.12,35.2,26.9,40.2,19.1,18.7
2021-10-04 07:10:00,-5,686646600,21.3,4.12,35.2,26.9,40.2,19.2,18.6
2021-10-04 07:20:00,-5,686647200,21.8,4.12,35.2,26.9,40.2,19.1,18.6
2021-10-04 07:30:00,-5,686647800,22.5,4.12,35.2,26.9,40.2,19.2,18.6
2021-10-04 07:40:00,-5,686648400,23.5,4.14,35.2,26.9,40.2,19.1,18.6
2021-10-04 07:50:00,-5,686649000,23.8,4.12,35.2,26.9,40.2,19.2,18.7
2021-10-04 08:00:00,-5,686649600,23.5,4.14,35.2,26.9,40.2,19.1,18.7
2021-10-04 08:10:00,-5,686650200,24.5,4.14,35.2,26.9,40.2,19.0,18.6
2021-10-04 08:20:00,-5,686650800,24.8,4.14,35.2,26.9,40.2,19.1,18.8
2021-10-04 08:30:00,-5,686651400,25.5,4.14,35.2,26.9,40.2,19.1,18.7
2021-10-04 08:40:00,-5,686652000,26.8,4.14,35.2,26.9,40.2,19.1,18.7
2021-10-04 08:50:00,-5,686652600,27.5,4.14,35.2,26.9,40.2,19.1,18.7
2021-10-04 09:00:00,-5,686653200,27.5,4.14,35.2,26.9,40.2,19.2,18.7
2021-10-04 09:10:00,-5,686653800,28.5,4.14,35.2,26.9,40.2,19.1,18.7
2021-10-04 09:20:00,-5,686654400,29.0,4.15,35.2,26.9,40.2,19.2,18.6
2021-10-04 09:30:00,-5,686655000,33.8,4.15,35.2,26.9,40.2,19.0,18.7
2021-10-04 09:40:00,-5,686655600,38.5,4.15,35.2,26.9,40.2,19.2,18.6
2021-10-04 09:50:00,-5,686656200,41.0,4.15,35.3,26.9,40.2,19.1,18.7
2021-10-04 10:00:00,-5,686656800,42.0,4.15,35.2,26.9,40.2,19.1,18.7
2021-10-04 10:10:00,-5,686657400,37.0,4.15,35.3,26.9,40.2,19.3,18.6
2021-10-04 10:20:00,-5,686658000,39.3,4.15,35.3,26.9,40.2,19.2,18.6
2021-10-04 10:30:00,-5,686658600,37.3,4.15,35.3,26.9,40.2,19.1,18.6
2021-10-04 10:40:00,-5,686659200,35.5,4.17,35.3,26.9,40.2,19.2,18.6
2021-10-04 10:50:00,-5,686659800,36.3,4.17,35.3,26.9,40.2,19.2,18.7
2021-10-04 11:00:00,-5,686660400,37.8,4.17,35.3,26.9,40.2,19.1,18.7
2021-10-04 11:10:00,-5,686661000,37.5,4.17,35.3,26.9,40.2,19.2,18.7
2021-10-04 11:20:00,-5,686661600,33.8,4.17,35.3,26.9,40.2,19.2,18.7
2021-10-04 11:30:00,-5,686662200,37.0,4.17,35.3,26.9,40.2,19.2,18.6
2021-10-04 11:40:00,-5,686662800,41.8,4.17,35.3,26.9,40.2,19.3,18.7
2021-10-04 11:50:00,-5,686663400,43.3,4.17,35.3,26.9,40.2,19.2,18.6
2021-10-04 12:00:00,-5,686664000,45.3,4.17,35.3,26.9,40.2,19.2,18.7
2021-10-04 12:10:00,-5,686664600,44.0,4.17,35.3,26.9,40.2,19.3,18.8
2021-10-04 12:20:00,-5,686665200,44.0,4.17,35.3,26.9,40.1,19.2,18.7
2021-10-04 12:30:00,-5,686665800,42.0,4.17,35.3,26.9,40.1,19.2,18.7
2021-10-04 12:40:00,-5,686666400,37.5,4.17,35.4,26.9,40.2,19.3,18.7
2021-10-04 12:50:00,-5,686667000,34.8,4.17,35.4,26.9,40.1,19.3,18.6
2021-10-04 13:00:00,-5,686667600,35.3,4.17,35.4,26.9,40.2,19.3,18.7
2021-10-04 13:10:00,-5,686668200,37.3,4.17,35.4,26.9,40.2,19.4,18.6
2021-10-04 13:20:00,-5,686668800,36.5,4.17,35.4,26.9,40.1,19.4,18.7
2021-10-04 13:30:00,-5,686669400,33.3,4.17,35.4,26.9,40.2,19.5,18.8
2021-10-04 13:40:00,-5,686670000,33.0,4.17,35.4,26.9,40.2,19.5,18.7
2021-10-04 13:50:00,-5,686670600,37.3,4.17,35.4,26.9,40.1,19.6,18.6
2021-10-04 14:00:00,-5,686671200,38.8,4.17,35.4,26.9,40.1,19.5,18.7
2021-10-04 14:10:00,-5,686671800,38.5,4.17,35.4,26.9,40.1,19.6,18.7
2021-10-04 14:20:00,-5,686672400,35.3,4.17,35.4,26.9,40.1,19.7,18.7
2021-10-04 14:30:00,-5,686673000,35.3,4.17,35.4,26.9,40.1,19.6,18.6
2021-10-04 14:40:00,-5,686673600,36.5,4.17,35.4,26.9,40.1,19.6,18.7
2021-10-04 14:50:00,-5,686674200,36.5,4.17,35.4,27.0,40.1,19.7,18.8
2021-10-04 15:00:00,-5,686674800,35.3,4.17,35.4,27.0,40.1,19.7,18.7
2021-10-04 15:10:00,-5,686675400,34.5,4.17,35.5,27.0,40.1,19.6,18.7
2021-10-04 15:20:00,-5,686676000,34.3,4.17,35.5,27.0,40.1,19.7,18.8
2021-10-04 15:30:00,-5,686676600,34.5,4.17,35.5,27.0,40.1,19.8,18.7
2021-10-04 15:40:00,-5,686677200,35.0,4.17,35.5,27.0,40.1,19.8,18.7
2021-10-04 15:50:00,-5,686677800,35.0,4.17,35.5,27.0,40.1,19.8,18.8
2021-10-04 16:00:00,-5,686678400,34.3,4.17,35.5,27.0,40.1,19.7,18.8
2021-10-04 16:10:00,-5,686679000,33.5,4.17,35.5,27.0,40.1,19.6,18.7
2021-10-04 16:20:00,-5,686679600,32.5,4.17,35.5,27.0,40.1,19.7,18.8
2021-10-04 16:30:00,-5,686680200,30.0,4.17,35.5,27.0,40.1,19.8,18.8
2021-10-04 16:40:00,-5,686680800,26.8,4.17,35.5,27.0,40.1,19.8,18.8
2021-10-04 16:50:00,-5,686681400,25.0,4.17,35.5,27.0,40.1,19.8,18.8
2021-10-04 17:00:00,-5,686682000,23.8,4.17,35.5,27.1,40.1,19.7,18.7
2021-10-04 17:10:00,-5,686682600,22.5,4.17,35.5,27.1,40.1,19.8,19.0
2021-10-04 17:20:00,-5,686683200,21.5,4.17,35.5,27.1,40.1,20.0,18.8
2021-10-04 17:30:00,-5,686683800,20.8,4.17,35.5,27.1,40.1,19.7,19.0
2021-10-04 17:40:00,-5,686684400,20.5,4.17,35.5,27.1,40.1,20.1,18.8
2021-10-04 17:50:00,-5,686685000,19.5,4.17,35.5,27.1,40.1,20.0,18.8
2021-10-04 18:00:00,-5,686685600,19.0,4.17,35.5,27.1,40.1,20.0,19.0
2021-10-04 18:10:00,-5,686686200,19.0,4.15,35.5,27.1,40.1,20.2,18.8
2021-10-04 18:20:00,-5,686686800,19.5,4.15,35.5,27.1,40.1,20.0,19.0
2021-10-04 18:30:00,-5,686687400,19.8,4.15,35.5,27.1,40.1,20.1,18.8
2021-10-04 18:40:00,-5,686688000,19.5,4.15,35.4,27.1,40.1,20.2,18.8
2021-10-04 18:50:00,-5,686688600,19.0,4.15,35.4,27.1,40.1,20.0,18.8
2021-10-04 19:00:00,-5,686689200,18.5,4.15,35.4,27.1,40.1,20.1,18.8
2021-10-04 19:10:00,-5,686689800,18.5,4.15,35.4,27.2,40.1,20.1,19.0
2021-10-04 19:20:00,-5,686690400,18.3,4.15,35.4,27.2,40.1,20.0,18.7
2021-10-04 19:30:00,-5,686691000,18.0,4.15,35.4,27.2,40.1,20.2,18.7
2021-10-04 19:40:00,-5,686691600,17.8,4.15,35.4,27.2,40.1,20.1,18.8
2021-10-04 19:50:00,-5,686692200,17.8,4.15,35.4,27.1,40.2,20.1,18.7
2021-10-04 20:00:00,-5,686692800,17.8,4.15,35.4,27.2,40.1,20.1,19.0
2021-10-04 20:10:00,-5,686693400,17.5,4.15,35.4,27.2,40.1,20.1,18.8
2021-10-04 20:20:00,-5,686694000,17.5,4.15,35.4,27.2,40.1,20.0,19.0
2021-10-04 20:30:00,-5,686694600,18.0,4.15,35.4,27.2,40.1,20.0,19.0
2021-10-04 20:40:00,-5,686695200,17.5,4.15,35.3,27.2,40.1,20.1,18.7
2021-10-04 20:50:00,-5,686695800,17.3,4.15,35.3,27.2,40.1,20.2,19.0
2021-10-04 21:00:00,-5,686696400,17.0,4.15,35.3,27.2,40.1,20.1,19.0
2021-10-04 21:10:00,-5,686697000,17.0,4.15,35.3,27.2,40.1,20.1,19.0
2021-10-04 21:20:00,-5,686697600,17.0,4.15,35.3,27.2,40.1,20.1,19.0
2021-10-04 21:30:00,-5,686698200,17.3,4.15,35.3,27.2,40.1,20.2,18.7
2021-10-04 21:40:00,-5,686698800,17.8,4.15,35.3,27.2,40.1,20.1,19.0
2021-10-04 21:50:00,-5,686699400,18.3,4.15,35.3,27.2,40.1,20.2,19.0
2021-10-04 22:00:00,-5,686700000,18.8,4.15,35.3,27.2,40.1,20.0,18.7
2021-10-04 22:10:00,-5,686700600,19.0,4.15,35.3,27.2,40.1,20.0,19.0
2021-10-04 22:20:00,-5,686701200,19.0,4.15,35.3,27.2,40.1,20.1,19.0
2021-10-04 22:30:00,-5,686701800,19.3,4.15,35.3,27.2,40.1,20.1,19.0
2021-10-04 22:40:00,-5,686702400,19.3,4.15,35.2,27.2,40.1,20.0,19.0
2021-10-04 22:50:00,-5,686703000,19.5,4.14,35.2,27.2,40.1,20.1,19.0
2021-10-04 23:00:00,-5,686703600,19.8,4.14,35.3,27.2,40.1,20.1,19.0
2021-10-04 23:10:00,-5,686704200,19.8,4.14,35.3,27.2,40.1,20.0,19.0
2021-10-04 23:20:00,-5,686704800,20.0,4.14,35.3,27.2,40.1,20.0,19.0
2021-10-04 23:30:00,-5,686705400,20.0,4.14,35.3,27.2,40.1,20.1,19.0
2021-10-04 23:40:00,-5,686706000,20.0,4.14,35.3,27.2,40.1,20.0,19.1
2021-10-04 23:50:00,-5,686706600,20.0,4.14,35.3,27.2,40.1,20.1,19.0
2021-10-05 00:00:00,-5,686707200,20.3,4.14,35.3,27.2,40.1,19.7,19.0
2021-10-05 00:10:00,-5,686707800,20.3,4.14,35.8,27.2,40.2,20.0,19.0
2021-10-05 00:20:00,-5,686708400,20.3,4.14,37.8,27.2,40.2,19.7,19.0
2021-10-05 00:30:00,-5,686709000,20.3,4.14,38.1,27.2,40.2,20.0,19.1
2021-10-05 00:40:00,-5,686709600,20.0,4.14,38.2,27.2,40.2,19.8,18.7
2021-10-05 00:50:00,-5,686710200,20.0,4.14,38.2,27.2,40.2,19.8,19.1
2021-10-05 01:00:00,-5,686710800,19.8,4.14,38.3,27.2,40.2,20.0,19.1
2021-10-05 01:10:00,-5,686711400,19.5,4.14,38.3,27.2,40.2,20.0,19.1
2021-10-05 01:20:00,-5,686712000,19.3,4.14,38.3,27.2,40.2,19.8,19.0
2021-10-05 01:30:00,-5,686712600,19.3,4.14,38.6,27.2,40.2,20.0,19.0
2021-10-05 01:40:00,-5,686713200,19.3,4.14,39.3,27.3,40.2,20.0,19.0
2021-10-05 01:50:00,-5,686713800,19.0,4.14,39.8,27.5,40.2,20.1,19.1
2021-10-05 02:00:00,-5,686714400,19.0,4.14,39.8,27.8,40.2,20.0,19.0
2021-10-05 02:10:00,-5,686715000,19.0,4.14,39.8,28.0,40.2,20.0,19.1
2021-10-05 02:20:00,-5,686715600,19.0,4.14,40.4,28.4,40.2,20.0,19.0
2021-10-05 02:30:00,-5,686716200,18.8,4.14,40.5,29.1,40.3,19.7,19.0
2021-10-05 02:40:00,-5,686716800,18.5,4.14,40.2,29.5,40.3,20.2,19.0
2021-10-05 02:50:00,-5,686717400,18.5,4.14,40.0,29.8,40.3,20.0,19.0
2021-10-05 03:00:00,-5,686718000,18.5,4.14,39.8,30.1,40.4,20.1,19.1
2021-10-05 03:10:00,-5,686718600,18.5,4.14,39.7,30.4,40.5,20.1,19.0
2021-10-05 03:20:00,-5,686719200,18.5,4.14,39.6,30.5,40.6,20.0,19.1
2021-10-05 03:30:00,-5,686719800,18.3,4.14,39.5,30.7,40.7,20.2,19.1
2021-10-05 03:40:00,-5,686720400,18.5,4.14,39.5,30.9,40.9,20.0,19.1
2021-10-05 03:50:00,-5,686721000,18.3,4.12,39.4,31.1,41.3,20.1,19.1
2021-10-05 04:00:00,-5,686721600,18.3,4.12,39.4,31.2,41.6,19.7,19.1
2021-10-05 04:10:00,-5,686722200,18.3,4.12,39.4,31.3,41.8,20.0,19.1
2021-10-05 04:20:00,-5,686722800,18.0,4.12,39.3,31.3,41.9,19.8,19.1
2021-10-05 04:30:00,-5,686723400,18.3,4.12,39.3,31.4,42.0,20.0,19.1
2021-10-05 04:40:00,-5,686724000,18.5,4.12,39.3,31.4,42.1,20.1,19.3
2021-10-05 04:50:00,-5,686724600,18.8,4.12,39.2,31.4,42.1,20.0,19.1
2021-10-05 05:00:00,-5,686725200,18.8,4.12,39.1,31.3,42.2,19.7,19.2
2021-10-05 05:10:00,-5,686725800,18.8,4.12,39.1,31.3,42.2,20.1,19.1
2021-10-05 05:20:00,-5,686726400,18.8,4.12,39.1,31.3,42.3,20.0,19.1
2021-10-05 05:30:00,-5,686727000,18.5,4.12,39.1,31.3,42.4,20.1,19.1
2021-10-05 05:40:00,-5,686727600,18.3,4.12,39.0,31.3,42.4,19.8,19.1
2021-10-05 05:50:00,-5,686728200,18.3,4.12,39.0,31.3,42.4,20.1,19.1
2021-10-05 06:00:00,-5,686728800,18.3,4.12,39.0,31.3,42.5,20.1,19.2
2021-10-05 06:10:00,-5,686729400,18.0,4.12,39.0,31.3,42.5,19.7,19.2
2021-10-05 06:20:00,-5,686730000,18.0,4.12,39.0,31.3,42.5,19.8,19.2
2021-10-05 06:30:00,-5,686730600,18.0,4.12,38.9,31.2,42.6,19.8,19.1
2021-10-05 06:40:00,-5,686731200,18.0,4.12,38.9,31.2,42.6,19.8,19.1
2021-10-05 06:50:00,-5,686731800,18.0,4.12,38.9,31.2,42.6,20.1,19.2
2021-10-05 07:00:00,-5,686732400,17.8,4.12,38.9,31.2,42.6,19.8,19.2
2021-10-05 07:10:00,-5,686733000,18.0,4.12,38.9,31.2,42.6,19.8,19.2
2021-10-05 07:20:00,-5,686733600,18.0,4.12,38.8,31.1,42.7,19.8,19.1
2021-10-05 07:30:00,-5,686734200,17.8,4.12,38.8,31.2,42.7,19.6,19.2
2021-10-05 07:40:00,-5,686734800,18.0,4.12,38.8,31.1,42.7,19.8,19.2
2021-10-05 07:50:00,-5,686735400,18.0,4.12,38.8,31.1,42.7,19.8,19.1
2021-10-05 08:00:00,-5,686736000,18.3,4.12,38.8,31.1,42.7,19.8,19.1
2021-10-05 08:10:00,-5,686736600,18.3,4.12,38.8,31.1,42.7,20.1,19.1
2021-10-05 08:20:00,-5,686737200,18.5,4.12,38.8,31.1,42.7,19.8,19.2
2021-10-05 08:30:00,-5,686737800,18.8,4.12,38.8,31.1,42.7,20.0,19.1
2021-10-05 08:40:00,-5,686738400,19.0,4.12,38.8,31.1,42.7,19.8,19.2
2021-10-05 08:50:00,-5,686739000,19.3,4.12,38.8,31.0,42.7,19.7,19.3
2021-10-05 09:00:00,-5,686739600,19.5,4.12,38.8,31.0,42.7,19.8,19.2
2021-10-05 09:10:00,-5,686740200,20.0,4.12,38.8,31.0,42.7,19.8,19.2
2021-10-05 09:20:00,-5,686740800,20.0,4.12,38.8,31.0,42.7,19.8,19.1
2021-10-05 09:30:00,-5,686741400,20.0,4.12,38.8,31.0,42.7,19.8,19.2
2021-10-05 09:40:00,-5,686742000,20.0,4.12,38.8,31.0,42.7,20.0,19.1
2021-10-05 09:50:00,-5,686742600,20.3,4.12,38.8,31.0,42.7,20.1,19.2
2021-10-05 10:00:00,-5,686743200,20.8,4.12,38.8,31.0,42.7,19.8,19.1
2021-10-05 10:10:00,-5,686743800,20.8,4.12,38.8,31.0,42.7,19.8,19.3
2021-10-05 10:20:00,-5,686744400,20.8,4.12,38.8,30.9,42.7,19.8,19.1
2021-10-05 10:30:00,-5,686745000,20.8,4.14,38.8,30.9,42.7,19.8,19.2
2021-10-05 10:40:00,-5,686745600,21.3,4.14,38.8,30.9,42.7,19.8,19.1
2021-10-05 10:50:00,-5,686746200,21.3,4.14,38.8,30.9,42.6,20.1,19.2
2021-10-05 11:00:00,-5,686746800,21.0,4.14,38.8,30.9,42.6,19.7,19.3
2021-10-05 11:10:00,-5,686747400,20.8,4.14,38.7,30.9,42.6,19.8,19.2
2021-10-05 11:20:00,-5,686748000,20.5,4.14,38.7,30.8,42.6,19.8,19.1
2021-10-05 11:30:00,-5,686748600,21.0,4.14,38.7,30.8,42.6,19.7,19.3
2021-10-05 11:40:00,-5,686749200,21.8,4.14,38.7,30.8,42.6,19.7,19.2
2021-10-05 11:50:00,-5,686749800,21.5,4.14,38.7,30.7,42.6,19.8,19.2
2021-10-05 12:00:00,-5,686750400,21.3,4.14,38.7,30.7,42.6,20.1,19.1
2021-10-05 12:10:00,-5,686751000,21.5,4.14,38.7,30.7,42.6,19.7,19.2
2021-10-05 12:20:00,-5,686751600,21.5,4.14,38.7,30.7,42.6,19.8,19.3
2021-10-05 12:30:00,-5,686752200,21.5,4.14,38.7,30.7,42.6,19.8,19.1
2021-10-05 12:40:00,-5,686752800,22.0,4.14,38.7,30.6,42.6,19.7,19.2
2021-10-05 12:50:00,-5,686753400,22.0,4.14,38.7,30.6,42.6,20.1,19.1
2021-10-05 13:00:00,-5,686754000,21.5,4.14,38.7,30.6,42.6,19.8,19.3
2021-10-05 13:10:00,-5,686754600,21.0,4.14,38.7,30.6,42.6,20.1,19.2
2021-10-05 13:20:00,-5,686755200,21.3,4.14,38.7,30.6,42.6,19.7,19.2
2021-10-05 13:30:00,-5,686755800,22.3,4.14,38.7,30.6,42.5,19.8,19.1
2021-10-05 13:40:00,-5,686756400,22.3,4.14,38.7,30.6,42.5,19.8,19.2
2021-10-05 13:50:00,-5,686757000,21.5,4.14,38.7,30.6,42.5,19.7,19.2
2021-10-05 14:00:00,-5,686757600,21.8,4.14,38.7,30.6,42.5,19.8,19.2
2021-10-05 14:10:00,-5,686758200,21.8,4.14,38.7,30.6,42.5,19.8,19.2
2021-10-05 14:20:00,-5,686758800,21.0,4.14,38.7,30.5,42.5,19.8,19.1
2021-10-05 14:30:00,-5,686759400,20.8,4.14,38.7,30.5,42.5,19.8,19.1
2021-10-05 14:40:00,-5,686760000,21.0,4.14,38.7,30.5,42.5,19.8,19.1
2021-10-05 14:50:00,-5,686760600,21.0,4.14,38.7,30.5,42.5,19.7,19.2
2021-10-05 15:00:00,-5,686761200,20.8,4.14,38.7,30.5,42.5,19.8,19.2
2021-10-05 15:10:00,-5,686761800,20.3,4.14,38.7,30.5,42.5,19.8,19.3
2021-10-05 15:20:00,-5,686762400,20.3,4.14,38.6,30.5,42.5,19.8,19.3
2021-10-05 15:30:00,-5,686763000,20.3,4.14,38.6,30.5,42.5,19.8,19.2
2021-10-05 15:40:00,-5,686763600,20.0,4.14,38.6,30.5,42.5,19.7,19.1
2021-10-05 15:50:00,-5,686764200,19.8,4.14,38.6,30.5,42.5,19.8,19.1
2021-10-05 16:00:00,-5,686764800,19.5,4.14,38.7,30.5,42.4,19.8,19.3
2021-10-05 16:10:00,-5,686765400,19.8,4.14,38.7,30.5,42.4,20.1,19.1
2021-10-05 16:20:00,-5,686766000,19.8,4.14,38.7,30.5,42.4,19.8,19.1
2021-10-05 16:30:00,-5,686766600,19.8,4.14,38.7,30.5,42.4,19.8,19.2
2021-10-05 16:40:00,-5,686767200,19.5,4.14,38.7,30.5,42.4,20.0,19.3
2021-10-05 16:50:00,-5,686767800,19.3,4.14,38.7,30.5,42.4,20.1,19.1
2021-10-05 17:00:00,-5,686768400,19.3,4.14,38.7,30.5,42.4,20.0,19.2
2021-10-05 17:10:00,-5,686769000,19.3,4.14,38.7,30.5,42.4,19.8,19.1
2021-10-05 17:20:00,-5,686769600,19.0,4.14,38.7,30.5,42.4,20.1,19.2
2021-10-05 17:30:00,-5,686770200,18.8,4.14,38.7,30.5,42.4,20.1,19.3
2021-10-05 17:40:00,-5,686770800,18.5,4.14,38.7,30.5,42.4,20.1,19.1
2021-10-05 17:50:00,-5,686771400,18.5,4.14,38.7,30.5,42.4,19.7,19.3
2021-10-05 18:00:00,-5,686772000,18.3,4.14,38.6,30.5,42.4,19.8,19.1
2021-10-05 18:10:00,-5,686772600,18.3,4.14,38.6,30.5,42.4,20.1,19.1
2021-10-05 18:20:00,-5,686773200,18.5,4.14,38.6,30.5,42.4,19.7,19.1
2021-10-05 18:30:00,-5,686773800,18.3,4.14,38.6,30.5,42.4,19.8,19.2
2021-10-05 18:40:00,-5,686774400,18.3,4.14,38.7,30.5,42.4,19.7,19.3
2021-10-05 18:50:00,-5,686775000,18.3,4.14,38.6,30.5,42.4,20.1,19.2
2021-10-05 19:00:00,-5,686775600,18.3,4.14,38.6,30.5,42.4,19.8,19.2
2021-10-05 19:10:00,-5,686776200,18.3,4.14,38.6,30.5,42.4,19.8,19.2
2021-10-05 19:20:00,-5,686776800,18.3,4.14,38.6,30.5,42.4,20.1,19.3
2021-10-05 19:30:00,-5,686777400,18.3,4.12,38.6,30.5,42.4,19.7,19.2
2021-10-05 19:40:00,-5,686778000,18.0,4.12,38.6,30.4,42.4,20.1,19.3
2021-10-05 19:50:00,-5,686778600,18.3,4.12,38.6,30.4,42.4,19.7,19.1
2021-10-05 20:00:00,-5,686779200,18.0,4.12,38.6,30.4,42.4,19.7,19.1
2021-10-05 20:10:00,-5,686779800,18.0,4.12,38.6,30.4,42.4,20.1,19.3
2021-10-05 20:20:00,-5,686780400,18.0,4.12,38.6,30.4,42.3,20.1,19.2
2021-10-05 20:30:00,-5,686781000,18.3,4.12,38.6,30.4,42.3,20.1,19.3
2021-10-05 20:40:00,-5,686781600,18.0,4.12,38.6,30.4,42.3,19.8,19.3
2021-10-05 20:50:00,-5,686782200,18.0,4.12,38.6,30.4,42.3,19.8,19.3
2021-10-05 21:00:00,-5,686782800,18.0,4.12,38.6,30.4,42.3,20.0,19.2
2021-10-05 21:10:00,-5,686783400,18.0,4.12,38.6,30.4,42.3,20.1,19.1
2021-10-05 21:20:00,-5,686784000,18.0,4.12,38.6,30.4,42.3,20.0,19.2
2021-10-05 21:30:00,-5,686784600,18.0,4.12,38.6,30.4,42.3,19.8,19.3
2021-10-05 21:40:00,-5,686785200,18.0,4.12,38.6,30.4,42.3,20.1,19.3
2021-10-05 21:50:00,-5,686785800,18.0,4.12,38.6,30.4,42.3,19.8,19.2
2021-10-05 22:00:00,-5,686786400,18.0,4.12,38.6,30.4,42.3,19.8,19.3
2021-10-05 22:10:00,-5,686787000,18.0,4.12,38.6,30.4,42.3,20.0,19.3
2021-10-05 22:20:00,-5,686787600,17.8,4.12,38.6,30.4,42.3,19.8,19.3
2021-10-05 22:30:00,-5,686788200,17.8,4.12,38.6,30.4,42.3,19.7,19.2
2021-10-05 22:40:00,-5,686788800,17.8,4.12,38.6,30.4,42.3,19.7,19.2
2021-10-05 22:50:00,-5,686789400,17.8,4.12,38.6,30.4,42.3,20.0,19.2
2021-10-05 23:00:00,-5,686790000,17.8,4.12,38.6,30.4,42.3,20.1,19.2
2021-10-05 23:10:00,-5,686790600,17.8,4.12,38.6,30.4,42.3,19.8,19.2
2021-10-05 23:20:00,-5,686791200,17.8,4.12,38.6,30.3,42.3,19.7,19.2
2021-10-05 23:30:00,-5,686791800,17.8,4.12,38.6,30.3,42.3,19.8,19.3
2021-10-05 23:40:00,-5,686792400,17.8,4.12,38.6,30.3,42.3,19.8,19.3
2021-10-05 23:50:00,-5,686793000,17.8,4.12,38.6,30.3,42.3,19.6,19.1
2021-10-06 00:00:00,-5,686793600,17.8,4.12,38.5,30.3,42.3,19.8,19.3
2021-10-06 00:10:00,-5,686794200,17.8,4.12,38.5,30.3,42.3,19.8,19.3
2021-10-06 00:20:00,-5,686794800,17.8,4.12,38.5,30.3,42.3,19.7,19.2
2021-10-06 00:30:00,-5,686795400,17.8,4.11,38.5,30.3,42.3,19.7,19.2
2021-10-06 00:40:00,-5,686796000,17.5,4.11,38.5,30.3,42.2,19.7,19.3
2021-10-06 00:50:00,-5,686796600,17.5,4.11,38.5,30.3,42.3,19.7,19.1
2021-10-06 01:00:00,-5,686797200,17.5,4.11,38.5,30.3,42.3,19.7,19.3
2021-10-06 01:10:00,-5,686797800,17.5,4.11,38.5,30.3,42.2,19.7,19.3
2021-10-06 01:20:00,-5,686798400,17.3,4.11,38.5,30.3,42.3,19.8,19.1
2021-10-06 01:30:00,-5,686799000,17.5,4.11,38.5,30.3,42.3,19.7,19.2
2021-10-06 01:40:00,-5,686799600,17.3,4.11,38.5,30.2,42.3,19.8,19.1
2021-10-06 01:50:00,-5,686800200,17.3,4.11,38.5,30.3,42.2,19.8,19.2
2021-10-06 02:00:00,-5,686800800,17.3,4.11,38.5,30.3,42.2,19.8,19.1
2021-10-06 02:10:00,-5,686801400,17.5,4.11,38.5,30.3,42.2,19.8,19.3
2021-10-06 02:20:00,-5,686802000,17.3,4.11,38.5,30.2,42.3,19.8,19.2
2021-10-06 02:30:00,-5,686802600,17.5,4.11,38.5,30.2,42.2,19.6,19.3
2021-10-06 02:40:00,-5,686803200,17.3,4.11,38.5,30.3,42.2,19.7,19.3
2021-10-06 02:50:00,-5,686803800,17.3,4.11,38.5,30.3,42.2,19.6,19.3
2021-10-06 03:00:00,-5,686804400,17.3,4.11,38.5,30.2,42.2,19.8,19.3
2021-10-06 03:10:00,-5,686805000,17.3,4.11,38.5,30.2,42.2,19.7,19.2
2021-10-06 03:20:00,-5,686805600,17.3,4.11,38.5,30.2,42.2,19.6,19.1
2021-10-06 03:30:00,-5,686806200,17.3,4.11,38.5,30.2,42.2,19.7,19.2
2021-10-06 03:40:00,-5,686806800,17.3,4.11,38.5,30.2,42.2,19.7,19.3
2021-10-06 03:50:00,-5,686807400,17.3,4.11,38.5,30.2,42.2,19.8,19.3
2021-10-06 04:00:00,-5,686808000,17.3,4.11,38.5,30.2,42.2,19.8,19.2
2021-10-06 04:10:00,-5,686808600,17.0,4.11,38.5,30.2,42.2,19.5,19.3
2021-10-06 04:20:00,-5,686809200,17.3,4.11,38.5,30.2,42.2,19.8,19.2
2021-10-06 04:30:00,-5,686809800,17.3,4.11,38.5,30.1,42.2,19.7,19.3
2021-10-06 04:40:00,-5,686810400,17.3,4.11,38.5,30.2,42.2,19.7,19.3
2021-10-06 04:50:00,-5,686811000,17.0,4.11,38.5,30.2,42.2,19.7,19.3
2021-10-06 05:00:00,-5,686811600,17.3,4.11,38.5,30.2,42.2,19.7,19.3
2021-10-06 05:10:00,-5,686812200,17.0,4.11,38.5,30.2,42.2,19.8,19.3
2021-10-06 05:20:00,-5,686812800,17.3,4.11,38.5,30.2,42.2,19.7,19.1
2021-10-06 05:30:00,-5,686813400,17.3,4.11,38.5,30.1,42.2,19.8,19.2
2021-10-06 05:40:00,-5,686814000,17.3,4.11,38.5,30.1,42.2,19.8,19.3
2021-10-06 05:50:00,-5,686814600,17.3,4.11,38.4,30.1,42.2,19.8,19.2
2021-10-06 06:00:00,-5,686815200,17.3,4.11,38.4,30.1,42.2,19.7,19.1
2021-10-06 06:10:00,-5,686815800,17.3,4.11,38.4,30.1,42.2,19.7,19.3
2021-10-06 06:20:00,-5,686816400,17.3,4.09,38.4,30.1,42.2,19.7,19.1
2021-10-06 06:30:00,-5,686817000,17.5,4.09,38.4,30.1,42.2,19.7,19.3
2021-10-06 06:40:00,-5,686817600,17.5,4.09,38.4,30.1,42.2,19.7,19.3
2021-10-06 06:50:00,-5,686818200,18.0,4.09,38.4,30.1,42.2,19.8,19.3
2021-10-06 07:00:00,-5,686818800,18.3,4.09,38.4,30.1,42.2,19.7,19.1
2021-10-06 07:10:00,-5,686819400,18.5,4.09,38.4,30.1,42.1,19.7,19.2
2021-10-06 07:20:00,-5,686820000,19.0,4.09,38.4,30.1,42.2,19.7,19.3
2021-10-06 07:30:00,-5,686820600,19.3,4.09,38.4,30.1,42.2,19.7,19.3
2021-10-06 07:40:00,-5,686821200,19.3,4.09,38.4,30.1,42.1,19.6,19.3
2021-10-06 07:50:00,-5,686821800,19.3,4.11,38.4,30.1,42.1,19.8,19.1
2021-10-06 08:00:00,-5,686822400,19.5,4.09,38.4,30.1,42.1,19.7,19.1
2021-10-06 08:10:00,-5,686823000,20.0,4.11,38.4,30.1,42.1,19.6,19.3
2021-10-06 08:20:00,-5,686823600,20.5,4.11,38.4,30.1,42.1,19.7,19.2
2021-10-06 08:30:00,-5,686824200,21.3,4.11,38.4,30.1,42.1,19.7,19.3
2021-10-06 08:40:00,-5,686824800,22.5,4.11,38.4,30.1,42.1,19.6,19.3
2021-10-06 08:50:00,-5,686825400,23.5,4.11,38.4,30.1,42.1,19.7,19.3
2021-10-06 09:00:00,-5,686826000,23.3,4.11,38.4,30.0,42.1,19.6,19.1
2021-10-06 09:10:00,-5,686826600,23.3,4.11,38.4,30.0,42.1,19.7,19.3
2021-10-06 09:20:00,-5,686827200,23.3,4.11,38.4,30.0,42.1,19.6,19.3
2021-10-06 09:30:00,-5,686827800,22.8,4.11,38.4,30.0,42.1,19.7,19.1
2021-10-06 09:40:00,-5,686828400,22.8,4.11,38.4,30.0,42.1,19.7,19.3
2021-10-06 09:50:00,-5,686829000,22.8,4.11,38.4,30.0,42.1,19.7,19.2
2021-10-06 10:00:00,-5,686829600,23.5,4.11,38.4,30.0,42.1,19.7,19.2
2021-10-06 10:10:00,-5,686830200,23.8,4.11,38.4,30.0,42.1,19.7,19.3
2021-10-06 10:20:00,-5,686830800,23.0,4.11,38.4,30.0,42.1,19.7,19.1
2021-10-06 10:30:00,-5,686831400,24.0,4.11,38.4,30.0,42.1,19.7,19.2
2021-10-06 10:40:00,-5,686832000,24.5,4.11,38.4,30.0,42.1,19.7,19.2
2021-10-06 10:50:00,-5,686832600,24.5,4.12,38.4,30.0,42.1,19.7,19.3
2021-10-06 11:00:00,-5,686833200,26.8,4.12,38.4,30.0,42.1,19.7,19.3
2021-10-06 11:10:00,-5,686833800,26.8,4.12,38.4,30.0,42.1,19.7,19.3
2021-10-06 11:20:00,-5,686834400,26.8,4.12,38.4,30.0,42.1,19.7,19.1
2021-10-06 11:30:00,-5,686835000,26.5,4.12,38.4,30.0,42.1,19.7,19.2
2021-10-06 11:40:00,-5,686835600,25.8,4.12,38.4,30.0,42.1,19.7,19.3
2021-10-06 11:50:00,-5,686836200,25.5,4.12,38.4,30.0,42.1,19.7,19.3
2021-10-06 12:00:00,-5,686836800,26.0,4.12,38.4,29.9,42.1,19.7,19.1
2021-10-06 12:10:00,-5,686837400,26.0,4.12,38.4,30.0,42.1,19.7,19.1
2021-10-06 12:20:00,-5,686838000,26.0,4.12,38.4,30.0,42.1,19.7,19.3
2021-10-06 12:30:00,-5,686838600,25.0,4.12,38.4,30.0,42.1,19.7,19.3
2021-10-06 12:40:00,-5,686839200,24.5,4.12,38.4,30.0,42.1,19.8,19.3
2021-10-06 12:50:00,-5,686839800,24.3,4.12,38.4,30.0,42.1,19.7,19.1
2021-10-06 13:00:00,-5,686840400,24.5,4.14,38.4,30.0,42.1,19.7,19.1
2021-10-06 13:10:00,-5,686841000,24.8,4.14,38.4,30.0,42.1,19.7,19.3
2021-10-06 13:20:00,-5,686841600,25.3,4.14,38.4,30.0,42.1,19.7,19.2
2021-10-06 13:30:00,-5,686842200,25.3,4.14,38.4,30.0,42.1,19.7,19.2
2021-10-06 13:40:00,-5,686842800,26.0,4.14,38.4,30.0,42.1,19.8,19.2
2021-10-06 13:50:00,-5,686843400,26.3,4.14,38.4,30.0,42.1,19.7,19.2
2021-10-06 14:00:00,-5,686844000,26.8,4.14,38.4,30.0,42.1,19.7,19.3
2021-10-06 14:10:00,-5,686844600,26.3,4.14,38.4,30.0,42.1,19.7,19.2
2021-10-06 14:20:00,-5,686845200,25.5,4.14,38.4,30.0,42.1,19.8,19.1
2021-10-06 14:30:00,-5,686845800,25.3,4.14,38.4,30.0,42.1,19.6,19.2
2021-10-06 14:40:00,-5,686846400,25.5,4.14,38.4,30.0,42.1,19.8,19.3
2021-10-06 14:50:00,-5,686847000,25.3,4.14,38.4,30.0,42.1,19.8,19.2
2021-10-06 15:00:00,-5,686847600,25.8,4.14,38.4,30.0,42.1,19.7,19.3
2021-10-06 15:10:00,-5,686848200,25.8,4.14,38.4,30.0,42.1,19.7,19.3
2021-10-06 15:20:00,-5,686848800,25.8,4.14,38.4,30.0,42.1,19.7,19.2
2021-10-06 15:30:00,-5,686849400,25.8,4.14,38.4,30.0,42.0,19.7,19.1
2021-10-06 15:40:00,-5,686850000,26.8,4.14,38.4,30.0,42.0,19.7,19.2
2021-10-06 15:50:00,-5,686850600,26.3,4.14,38.4,30.0,42.1,19.8,19.1
2021-10-06 16:00:00,-5,686851200,25.0,4.14,38.4,30.0,42.0,19.8,19.1
2021-10-06 16:10:00,-5,686851800,24.8,4.14,38.4,30.0,42.1,19.8,19.3
2021-10-06 16:20:00,-5,686852400,24.3,4.14,38.4,30.0,42.0,19.8,19.1
2021-10-06 16:30:00,-5,686853000,23.8,4.14,38.4,30.0,42.0,19.8,19.3
2021-10-06 16:40:00,-5,686853600,23.3,4.14,38.4,30.0,42.1,19.7,19.3
2021-10-06 16:50:00,-5,686854200,22.5,4.14,38.4,30.0,42.0,19.8,19.1
2021-10-06 17:00:00,-5,686854800,21.3,4.14,38.4,30.0,42.1,19.8,19.2
2021-10-06 17:10:00,-5,686855400,20.8,4.14,38.4,30.0,42.0,19.8,19.3
2021-10-06 17:20:00,-5,686856000,20.5,4.14,38.4,30.0,42.0,19.8,19.3
2021-10-06 17:30:00,-5,686856600,19.8,4.14,38.4,30.0,42.0,19.8,19.2
2021-10-06 17:40:00,-5,686857200,19.3,4.14,38.4,30.0,42.0,20.0,19.2
2021-10-06 17:50:00,-5,686857800,18.5,4.14,38.5,30.0,42.0,19.8,19.2
2021-10-06 18:00:00,-5,686858400,18.3,4.14,38.4,30.0,42.0,19.8,19.3
2021-10-06 18:10:00,-5,686859000,18.3,4.14,38.4,30.0,42.0,19.8,19.2
2021-10-06 18:20:00,-5,686859600,18.0,4.14,38.4,30.0,42.0,19.7,19.1
2021-10-06 18:30:00,-5,686860200,18.0,4.14,38.4,30.0,42.0,19.7,19.1
2021-10-06 18:40:00,-5,686860800,18.0,4.14,38.4,30.0,42.0,19.8,19.3
2021-10-06 18:50:00,-5,686861400,17.8,4.14,38.4,30.0,42.0,20.1,19.2
2021-10-06 19:00:00,-5,686862000,17.0,4.14,38.4,30.0,42.0,20.0,19.3
2021-10-06 19:10:00,-5,686862600,16.3,4.14,38.4,30.0,42.0,19.7,19.2
2021-10-06 19:20:00,-5,686863200,15.8,4.14,38.4,30.0,42.0,19.8,19.2
2021-10-06 19:30:00,-5,686863800,15.5,4.14,38.4,30.0,42.0,20.1,19.3
2021-10-06 19:40:00,-5,686864400,15.3,4.14,38.4,30.0,42.0,19.7,19.2
2021-10-06 19:50:00,-5,686865000,15.3,4.14,38.4,30.0,42.0,20.0,19.2
2021-10-06 20:00:00,-5,686865600,15.3,4.14,38.4,30.0,42.0,20.0,19.3
2021-10-06 20:10:00,-5,686866200,15.8,4.12,38.4,30.0,42.0,20.0,19.3
2021-10-06 20:20:00,-5,686866800,16.0,4.12,38.4,30.0,42.0,20.0,19.3
2021-10-06 20:30:00,-5,686867400,16.0,4.12,38.4,30.0,42.0,20.0,19.3
2021-10-06 20:40:00,-5,686868000,16.3,4.12,38.4,30.0,42.0,20.1,19.3
2021-10-06 20:50:00,-5,686868600,16.5,4.12,38.4,30.0,42.0,19.8,19.2
2021-10-06 21:00:00,-5,686869200,16.8,4.12,38.3,30.0,42.0,20.1,19.3
2021-10-06 21:10:00,-5,686869800,17.0,4.12,38.3,30.0,42.0,19.7,19.2
2021-10-06 21:20:00,-5,686870400,17.0,4.12,38.3,30.0,42.0,20.0,19.3
2021-10-06 21:30:00,-5,686871000,17.3,4.12,38.3,30.0,42.0,20.2,19.3
2021-10-06 21:40:00,-5,686871600,17.3,4.12,38.3,30.0,42.0,20.0,19.3
2021-10-06 21:50:00,-5,686872200,17.5,4.12,38.3,30.0,42.0,20.1,19.2
2021-10-06 22:00:00,-5,686872800,17.3,4.12,38.3,30.0,42.0,20.2,19.3
2021-10-06 22:10:00,-5,686873400,17.5,4.12,38.3,29.9,42.0,20.0,19.3
2021-10-06 22:20:00,-5,686874000,17.3,4.12,38.3,30.0,42.0,19.8,19.3
2021-10-06 22:30:00,-5,686874600,17.3,4.12,38.3,29.9,42.0,20.0,19.3
2021-10-06 22:40:00,-5,686875200,17.3,4.12,38.3,29.9,42.0,19.8,19.3
2021-10-06 22:50:00,-5,686875800,17.3,4.12,38.3,29.9,42.0,19.8,19.3
2021-10-06 23:00:00,-5,686876400,17.0,4.12,38.3,29.9,42.0,20.1,19.3
2021-10-06 23:10:00,-5,686877000,17.0,4.12,38.3,29.9,42.0,19.7,19.2
2021-10-06 23:20:00,-5,686877600,16.5,4.12,38.3,29.9,42.0,19.8,19.1
2021-10-06 23:30:00,-5,686878200,16.3,4.12,38.3,29.9,42.0,19.8,19.3
2021-10-06 23:40:00,-5,686878800,16.5,4.12,38.3,29.9,42.0,19.8,19.3
2021-10-06 23:50:00,-5,686879400,16.5,4.12,38.3,29.9,42.0,19.8,19.3
2021-10-07 00:00:00,-5,686880000,16.5,4.12,38.3,29.9,42.0,19.8,19.3
2021-10-07 00:10:00,-5,686880600,16.5,4.12,38.3,29.9,42.0,19.8,19.3
2021-10-07 00:20:00,-5,686881200,16.8,4.12,38.3,29.9,42.0,20.1,19.3
2021-10-07 00:30:00,-5,686881800,16.8,4.12,38.3,29.9,42.0,19.7,19.3
2021-10-07 00:40:00,-5,686882400,16.8,4.12,38.3,29.9,42.0,19.8,19.3
2021-10-07 00:50:00,-5,686883000,16.8,4.12,38.3,29.9,42.0,19.8,19.3
2021-10-07 01:00:00,-5,686883600,17.0,4.12,38.3,29.9,42.0,19.8,19.3
2021-10-07 01:10:00,-5,686884200,17.0,4.12,38.3,29.9,42.0,19.8,19.3
2021-10-07 01:20:00,-5,686884800,17.0,4.11,38.3,29.9,42.0,19.8,19.1
2021-10-07 01:30:00,-5,686885400,17.0,4.11,38.3,29.9,42.0,20.0,19.3
2021-10-07 01:40:00,-5,686886000,16.8,4.11,38.2,29.9,42.0,19.8,19.3
2021-10-07 01:50:00,-5,686886600,17.0,4.11,38.2,29.8,42.0,20.1,19.2
2021-10-07 02:00:00,-5,686887200,16.8,4.11,38.3,29.9,42.0,19.8,19.3
2021-10-07 02:10:00,-5,686887800,16.5,4.11,38.2,29.9,42.0,19.8,19.2
2021-10-07 02:20:00,-5,686888400,16.5,4.11,38.2,29.9,42.0,19.7,19.2
2021-10-07 02:30:00,-5,686889000,16.5,4.11,38.2,29.9,42.0,19.6,19.4
2021-10-07 02:40:00,-5,686889600,16.5,4.11,38.2,29.9,42.0,19.6,19.2
2021-10-07 02:50:00,-5,686890200,16.5,4.11,38.2,29.9,42.0,19.6,19.2
2021-10-07 03:00:00,-5,686890800,16.8,4.11,38.2,29.8,42.0,19.7,19.3
2021-10-07 03:10:00,-5,686891400,16.8,4.11,38.2,29.8,42.0,19.7,19.2
2021-10-07 03:20:00,-5,686892000,16.8,4.11,38.2,29.8,42.0,20.1,19.3
2021-10-07 03:30:00,-5,686892600,16.8,4.11,38.2,29.8,42.0,19.8,19.3
2021-10-07 03:40:00,-5,686893200,17.0,4.11,38.2,29.8,42.0,19.8,19.2
2021-10-07 03:50:00,-5,686893800,17.0,4.11,38.2,29.8,42.0,19.8,19.4
2021-10-07 04:00:00,-5,686894400,17.0,4.11,38.2,29.8,42.0,19.8,19.1
2021-10-07 04:10:00,-5,686895000,17.0,4.11,38.2,29.8,42.0,19.7,19.3
2021-10-07 04:20:00,-5,686895600,17.0,4.11,38.2,29.8,42.0,19.8,19.3
2021-10-07 04:30:00,-5,686896200,16.8,4.11,38.2,29.8,42.0,19.7,19.3
2021-10-07 04:40:00,-5,686896800,16.8,4.11,38.2,29.8,42.0,19.7,19.3
2021-10-07 04:50:00,-5,686897400,16.5,4.11,38.2,29.8,42.0,19.7,19.3
2021-10-07 05:00:00,-5,686898000,16.5,4.11,38.2,29.8,42.0,19.8,19.4
2021-10-07 05:10:00,-5,686898600,16.5,4.11,38.2,29.8,42.0,19.7,19.3
2021-10-07 05:20:00,-5,686899200,16.3,4.11,38.2,29.8,42.0,19.8,19.3
2021-10-07 05:30:00,-5,686899800,16.3,4.11,38.2,29.8,42.0,19.6,19.2
2021-10-07 05:40:00,-5,686900400,16.3,4.11,38.2,29.8,41.9,19.7,19.3
2021-10-07 05:50:00,-5,686901000,16.0,4.11,38.2,29.8,41.9,19.8,19.2
2021-10-07 06:00:00,-5,686901600,16.0,4.11,38.2,29.8,42.0,19.7,19.2
2021-10-07 06:10:00,-5,686902200,16.3,4.11,38.2,29.8,41.9,19.7,19.2
2021-10-07 06:20:00,-5,686902800,16.5,4.11,38.2,29.8,41.9,19.8,19.1
2021-10-07 06:30:00,-5,686903400,16.5,4.11,38.2,29.8,42.0,19.7,19.3
2021-10-07 06:40:00,-5,686904000,17.0,4.11,38.1,29.8,42.0,19.7,19.2
2021-10-07 06:50:00,-5,686904600,17.5,4.11,38.1,29.8,41.9,19.8,19.3
2021-10-07 07:00:00,-5,686905200,18.3,4.11,38.1,29.8,41.9,19.7,19.1
2021-10-07 07:10:00,-5,686905800,18.8,4.11,38.1,29.8,42.0,19.7,19.3
2021-10-07 07:20:00,-5,686906400,19.5,4.11,38.1,29.7,41.9,19.7,19.3
2021-10-07 07:30:00,-5,686907000,19.8,4.11,38.1,29.7,41.9,19.7,19.2
2021-10-07 07:40:00,-5,686907600,20.3,4.11,38.1,29.7,41.9,19.7,19.1
2021-10-07 07:50:00,-5,686908200,20.5,4.11,38.1,29.7,41.9,19.6,19.3
2021-10-07 08:00:00,-5,686908800,21.3,4.11,38.1,29.7,41.9,19.7,19.3
2021-10-07 08:10:00,-5,686909400,23.5,4.12,38.1,29.7,41.9,19.7,19.2
2021-10-07 08:20:00,-5,686910000,25.5,4.12,38.1,29.7,41.9,19.7,19.3
2021-10-07 08:30:00,-5,686910600,26.3,4.12,38.1,29.7,41.9,19.6,19.2
2021-10-07 08:40:00,-5,686911200,28.5,4.12,38.1,29.7,41.9,19.7,19.3
2021-10-07 08:50:00,-5,686911800,28.8,4.12,38.1,29.7,41.9,19.7,19.1
