SL227 - Mayfly GPLP3 Logger
DateTime_EST,TZ-Offset,Loggertime,BoardTemp_C,Battery_V,Segment1_percent,Segment2_percent,Segment3_percent,T1_degC,T2_degC
2021-09-29 09:40:00,-5,686223600,32.3,3.94,54.0,64.1,64.5,19.0,19.8
2021-09-29 09:50:00,-5,686224200,35.5,4.11,54.0,64.1,64.6,18.8,19.7
2021-09-29 10:00:00,-5,686224800,37.8,4.11,54.0,64.1,64.5,19.0,20.0
2021-09-29 10:10:00,-5,686225400,39.3,4.11,54.0,64.0,64.6,19.0,19.8
2021-09-29 10:20:00,-5,686226000,38.8,4.11,54.0,64.0,64.6,18.8,20.0
2021-09-29 10:30:00,-5,686226600,40.3,4.11,54.1,64.0,64.6,19.0,19.7
2021-09-29 10:40:00,-5,686227200,41.8,4.11,54.1,64.1,64.5,18.7,19.7
2021-09-29 10:50:00,-5,686227800,42.3,4.11,54.1,64.0,64.5,18.7,19.8
2021-09-29 11:00:00,-5,686228400,42.8,4.11,54.1,64.0,64.6,19.0,19.7
2021-09-29 11:10:00,-5,686229000,44.3,4.11,54.1,64.0,64.6,18.8,20.0
2021-09-29 11:20:00,-5,686229600,44.3,4.11,54.1,64.0,64.6,19.0,19.8
2021-09-29 11:30:00,-5,686230200,43.8,4.11,54.2,64.0,64.5,19.1,19.8
2021-09-29 11:40:00,-5,686230800,44.3,4.11,54.2,64.0,64.5,19.1,19.7
2021-09-29 11:50:00,-5,686231400,45.3,4.11,54.2,64.0,64.5,19.0,19.8
2021-09-29 12:00:00,-5,686232000,46.5,4.11,54.3,64.0,64.5,19.0,19.7
2021-09-29 12:10:00,-5,686232600,46.5,4.11,54.3,64.0,64.5,19.3,19.8
2021-09-29 12:20:00,-5,686233200,47.5,4.11,54.4,64.0,64.5,19.1,19.8
2021-09-29 12:30:00,-5,686233800,47.3,4.11,54.4,64.0,64.5,19.3,19.8
2021-09-29 12:40:00,-5,686234400,47.0,4.11,54.4,64.1,64.5,19.2,19.7
2021-09-29 12:50:00,-5,686235000,45.8,4.11,54.5,64.1,64.5,19.3,19.8
2021-09-29 13:00:00,-5,686235600,41.8,4.09,54.5,64.1,64.5,19.3,19.8
2021-09-29 13:10:00,-5,686236200,40.3,4.11,54.6,64.1,64.5,19.3,19.8
2021-09-29 13:20:00,-5,686236800,41.5,4.11,54.6,64.1,64.5,19.5,19.8
2021-09-29 13:30:00,-5,686237400,36.8,4.09,54.6,64.1,64.5,19.3,19.8
2021-09-29 13:40:00,-5,686238000,32.3,4.09,54.7,64.1,64.5,19.4,19.8
2021-09-29 13:50:00,-5,686238600,34.5,4.11,54.7,64.1,64.5,19.4,19.8
2021-09-29 14:00:00,-5,686239200,33.3,4.11,54.7,64.1,64.5,19.5,19.7
2021-09-29 14:10:00,-5,686239800,39.8,4.11,54.7,64.1,64.4,19.5,19.8
2021-09-29 14:20:00,-5,686240400,40.0,4.11,54.7,64.1,64.5,19.6,19.8
2021-09-29 14:30:00,-5,686241000,39.0,4.11,54.7,64.1,64.5,19.6,19.8
2021-09-29 14:40:00,-5,686241600,40.3,4.11,54.7,64.1,64.5,19.6,19.8
2021-09-29 14:50:00,-5,686242200,40.3,4.11,54.7,64.2,64.5,19.6,19.8
2021-09-29 15:00:00,-5,686242800,38.0,4.11,54.7,64.2,64.4,19.8,19.7
2021-09-29 15:10:00,-5,686243400,35.0,4.11,54.7,64.2,64.5,19.7,19.8
2021-09-29 15:20:00,-5,686244000,36.3,4.11,54.7,64.2,64.5,19.8,19.8
2021-09-29 15:30:00,-5,686244600,36.5,4.11,54.7,64.2,64.5,19.8,19.8
2021-09-29 15:40:00,-5,686245200,35.5,4.11,54.7,64.2,64.5,19.7,19.8
2021-09-29 15:50:00,-5,686245800,34.8,4.11,54.7,64.2,64.3,19.8,19.8
2021-09-29 16:00:00,-5,686246400,34.0,4.11,54.7,64.2,64.4,19.8,19.8
2021-09-29 16:10:00,-5,686247000,32.0,4.11,54.7,64.2,64.4,19.7,19.7
2021-09-29 16:20:00,-5,686247600,30.3,4.11,54.7,64.2,64.5,20.0,20.1
2021-09-29 16:30:00,-5,686248200,28.3,4.11,54.7,64.3,64.5,19.8,19.8
2021-09-29 16:40:00,-5,686248800,26.3,4.11,54.7,64.3,64.4,19.8,19.8
2021-09-29 16:50:00,-5,686249400,23.3,4.11,54.7,64.3,64.5,19.7,19.8
2021-09-29 17:00:00,-5,686250000,21.0,4.09,54.7,64.3,64.5,20.0,20.0
2021-09-29 17:10:00,-5,686250600,19.5,4.09,54.7,64.3,64.4,20.1,19.8
2021-09-29 17:20:00,-5,686251200,17.8,4.09,54.7,64.3,64.5,20.1,19.8
2021-09-29 17:30:00,-5,686251800,15.5,4.09,54.7,64.3,64.5,20.1,19.8
2021-09-29 17:40:00,-5,686252400,14.0,4.09,54.6,64.3,64.4,20.0,20.1
2021-09-29 17:50:00,-5,686253000,12.8,4.09,54.6,64.3,64.4,20.1,20.0
2021-09-29 18:00:00,-5,686253600,11.8,4.09,54.6,64.3,64.4,20.1,20.0
2021-09-29 18:10:00,-5,686254200,10.8,4.09,54.6,64.3,64.4,20.1,20.0
2021-09-29 18:20:00,-5,686254800,10.3,4.09,54.5,64.3,64.4,20.1,19.8
2021-09-29 18:30:00,-5,686255400,10.3,4.09,54.5,64.3,64.4,20.0,20.0
2021-09-29 18:40:00,-5,686256000,10.0,4.09,54.5,64.4,64.5,20.0,19.8
2021-09-29 18:50:00,-5,686256600,10.5,4.09,54.5,64.3,64.4,20.1,19.8
2021-09-29 19:00:00,-5,686257200,11.0,4.09,54.4,64.3,64.4,20.1,20.0
2021-09-29 19:10:00,-5,686257800,11.5,4.09,54.4,64.3,64.5,20.0,20.0
2021-09-29 19:20:00,-5,686258400,12.0,4.09,54.4,64.4,64.4,20.1,20.0
2021-09-29 19:30:00,-5,686259000,12.3,4.09,54.3,64.4,64.3,20.0,20.0
2021-09-29 19:40:00,-5,686259600,12.3,4.09,54.3,64.3,64.5,20.0,20.1
2021-09-29 19:50:00,-5,686260200,12.3,4.09,54.3,64.3,64.5,20.0,20.0
2021-09-29 20:00:00,-5,686260800,12.5,4.09,54.3,64.4,64.4,20.1,20.0
2021-09-29 20:10:00,-5,686261400,12.5,4.09,54.2,64.4,64.4,20.1,19.7
2021-09-29 20:20:00,-5,686262000,12.3,4.09,54.3,64.4,64.4,20.0,20.0
2021-09-29 20:30:00,-5,686262600,12.5,4.09,54.2,64.3,64.5,19.8,20.1
2021-09-29 20:40:00,-5,686263200,12.5,4.09,54.2,64.3,64.5,19.8,20.1
2021-09-29 20:50:00,-5,686263800,12.3,4.09,54.2,64.3,64.5,20.0,20.1
2021-09-29 21:00:00,-5,686264400,12.5,4.09,54.1,64.3,64.5,20.0,20.1
2021-09-29 21:10:00,-5,686265000,12.5,4.09,54.1,64.3,64.5,20.0,20.0
2021-09-29 21:20:00,-5,686265600,12.3,4.09,54.1,64.3,64.5,19.8,19.7
2021-09-29 21:30:00,-5,686266200,12.3,4.09,54.1,64.3,64.5,20.0,20.1
2021-09-29 21:40:00,-5,686266800,12.3,4.09,54.1,64.3,64.5,19.8,20.1
2021-09-29 21:50:00,-5,686267400,12.5,4.09,54.1,64.3,64.5,20.0,20.2
2021-09-29 22:00:00,-5,686268000,12.5,4.09,54.1,64.3,64.5,19.8,20.2
2021-09-29 22:10:00,-5,686268600,12.3,4.09,54.1,64.3,64.5,19.8,20.1
2021-09-29 22:20:00,-5,686269200,12.3,4.09,54.1,64.3,64.4,19.8,20.1
2021-09-29 22:30:00,-5,686269800,12.3,4.09,54.1,64.3,64.5,19.8,20.1
2021-09-29 22:40:00,-5,686270400,12.3,4.09,54.0,64.3,64.4,19.6,20.1
2021-09-29 22:50:00,-5,686271000,12.3,4.09,54.0,64.3,64.5,19.8,20.0
2021-09-29 23:00:00,-5,686271600,12.5,4.09,54.0,64.3,64.4,19.7,20.1
2021-09-29 23:10:00,-5,686272200,12.5,4.08,54.0,64.3,64.5,19.6,20.1
2021-09-29 23:20:00,-5,686272800,12.3,4.09,54.0,64.3,64.5,19.6,20.1
2021-09-29 23:30:00,-5,686273400,12.5,4.08,54.0,64.3,64.5,19.6,20.1
2021-09-29 23:40:00,-5,686274000,12.3,4.08,53.9,64.3,64.5,19.6,20.0
2021-09-29 23:50:00,-5,686274600,12.5,4.08,53.9,64.3,64.5,19.7,20.2
2021-09-30 00:00:00,-5,686275200,12.3,4.08,53.9,64.3,64.4,19.8,20.0
2021-09-30 00:10:00,-5,686275800,12.0,4.08,53.9,64.3,64.5,19.5,20.0
2021-09-30 00:20:00,-5,686276400,12.0,4.08,53.9,64.3,64.5,19.7,20.1
2021-09-30 00:30:00,-5,686277000,11.8,4.08,53.9,64.3,64.5,19.5,20.0
2021-09-30 00:40:00,-5,686277600,12.0,4.08,53.9,64.3,64.5,19.5,20.1
2021-09-30 00:50:00,-5,686278200,12.0,4.08,53.9,64.3,64.5,19.6,20.2
2021-09-30 01:00:00,-5,686278800,12.0,4.08,53.8,64.2,64.5,19.6,20.1
2021-09-30 01:10:00,-5,686279400,12.0,4.08,53.8,64.2,64.5,19.6,20.2
2021-09-30 01:20:00,-5,686280000,12.0,4.08,53.8,64.2,64.5,19.4,20.0
2021-09-30 01:30:00,-5,686280600,12.0,4.08,53.8,64.2,64.5,19.5,20.0
2021-09-30 01:40:00,-5,686281200,12.0,4.08,53.8,64.2,64.5,19.5,20.0
2021-09-30 01:50:00,-5,686281800,12.0,4.08,53.7,64.2,64.5,19.5,20.0
2021-09-30 02:00:00,-5,686282400,12.0,4.08,53.7,64.2,64.5,19.5,20.2
2021-09-30 02:10:00,-5,686283000,12.0,4.08,53.7,64.2,64.4,19.5,20.0
2021-09-30 02:20:00,-5,686283600,12.0,4.08,53.7,64.2,64.5,19.3,20.1
2021-09-30 02:30:00,-5,686284200,12.0,4.08,53.7,64.2,64.5,19.4,20.1
2021-09-30 02:40:00,-5,686284800,12.0,4.08,53.7,64.2,64.5,19.4,20.1
2021-09-30 02:50:00,-5,686285400,12.0,4.08,53.7,64.2,64.5,19.4,20.0
2021-09-30 03:00:00,-5,686286000,12.0,4.08,53.7,64.2,64.5,19.3,20.0
2021-09-30 03:10:00,-5,686286600,12.0,4.08,53.7,64.2,64.5,19.4,20.2
2021-09-30 03:20:00,-5,686287200,11.5,4.08,53.6,64.2,64.5,19.3,20.0
2021-09-30 03:30:00,-5,686287800,10.8,4.08,53.6,64.2,64.4,19.4,20.1
2021-09-30 03:40:00,-5,686288400,10.0,4.08,53.6,64.2,64.5,19.2,20.1
2021-09-30 03:50:00,-5,686289000,9.5,4.08,53.7,64.2,64.5,19.3,20.0
2021-09-30 04:00:00,-5,686289600,9.0,4.08,53.6,64.1,64.5,19.3,20.1
2021-09-30 04:10:00,-5,686290200,8.5,4.08,53.6,64.1,64.5,19.4,20.1
2021-09-30 04:20:00,-5,686290800,8.3,4.08,53.6,64.1,64.4,19.4,20.0
2021-09-30 04:30:00,-5,686291400,8.0,4.08,53.6,64.1,64.5,19.4,19.8
2021-09-30 04:40:00,-5,686292000,7.5,4.08,53.5,64.1,64.5,19.3,20.1
2021-09-30 04:50:00,-5,686292600,7.3,4.08,53.5,64.1,64.5,19.3,20.1
2021-09-30 05:00:00,-5,686293200,6.8,4.08,53.5,64.1,64.5,19.1,19.8
2021-09-30 05:10:00,-5,686293800,6.5,4.08,53.5,64.1,64.5,19.3,20.0
2021-09-30 05:20:00,-5,686294400,6.8,4.08,53.4,64.1,64.5,19.3,19.7
2021-09-30 05:30:00,-5,686295000,6.8,4.08,53.4,64.1,64.5,19.1,20.0
2021-09-30 05:40:00,-5,686295600,7.0,4.08,53.4,64.1,64.5,19.1,19.7
2021-09-30 05:50:00,-5,686296200,7.0,4.08,53.4,64.1,64.5,19.3,19.8
2021-09-30 06:00:00,-5,686296800,6.8,4.08,53.4,64.1,64.5,19.0,20.1
2021-09-30 06:10:00,-5,686297400,7.0,4.08,53.3,64.1,64.5,19.1,19.7
2021-09-30 06:20:00,-5,686298000,7.0,4.08,53.3,64.0,64.5,19.1,19.8
2021-09-30 06:30:00,-5,686298600,7.0,4.08,53.3,64.1,64.5,19.0,19.7
2021-09-30 06:40:00,-5,686299200,7.3,4.08,53.3,64.0,64.5,19.0,19.8
2021-09-30 06:50:00,-5,686299800,8.0,4.08,53.3,64.0,64.5,18.8,19.8
2021-09-30 07:00:00,-5,686300400,11.0,4.08,53.2,64.0,64.5,19.0,20.0
2021-09-30 07:10:00,-5,686301000,12.0,4.08,53.2,64.0,64.5,19.0,20.1
2021-09-30 07:20:00,-5,686301600,12.0,4.08,53.2,64.0,64.5,19.1,19.7
2021-09-30 07:30:00,-5,686302200,13.0,4.08,53.2,64.0,64.5,18.8,19.8
2021-09-30 07:40:00,-5,686302800,17.8,4.08,53.2,64.0,64.4,19.0,19.8
2021-09-30 07:50:00,-5,686303400,20.5,4.09,53.1,64.0,64.5,18.8,19.8
2021-09-30 08:00:00,-5,686304000,24.0,4.09,53.1,64.0,64.5,18.8,19.8
2021-09-30 08:10:00,-5,686304600,25.5,4.09,53.1,64.0,64.5,18.8,19.8
2021-09-30 08:20:00,-5,686305200,27.0,4.09,53.1,64.0,64.5,18.8,19.7
2021-09-30 08:30:00,-5,686305800,28.3,4.09,53.1,64.0,64.5,18.8,19.8
2021-09-30 08:40:00,-5,686306400,31.0,4.09,53.1,64.0,64.5,18.6,19.8
2021-09-30 08:50:00,-5,686307000,32.8,4.09,53.1,63.9,64.5,18.6,19.8
2021-09-30 09:00:00,-5,686307600,34.8,4.11,53.1,63.9,64.5,18.6,19.8
2021-09-30 09:10:00,-5,686308200,36.0,4.11,53.1,63.9,64.5,18.7,19.8
2021-09-30 09:20:00,-5,686308800,37.3,4.11,53.2,63.9,64.5,18.7,19.8
2021-09-30 09:30:00,-5,686309400,37.8,4.11,53.2,63.9,64.5,18.6,19.7
2021-09-30 09:40:00,-5,686310000,38.8,4.11,53.2,63.9,64.4,18.6,19.7
2021-09-30 09:50:00,-5,686310600,40.3,4.11,53.2,63.9,64.5,18.8,19.8
2021-09-30 10:00:00,-5,686311200,38.3,4.11,53.3,63.9,64.4,18.8,19.7
2021-09-30 10:10:00,-5,686311800,40.8,4.11,53.3,63.9,64.4,18.7,19.7
2021-09-30 10:20:00,-5,686312400,41.5,4.11,53.4,63.9,64.4,18.8,19.7
2021-09-30 10:30:00,-5,686313000,42.0,4.11,53.4,63.9,64.4,18.7,19.7
2021-09-30 10:40:00,-5,686313600,43.8,4.11,53.4,63.9,64.4,18.8,19.6
2021-09-30 10:50:00,-5,686314200,43.0,4.11,53.5,63.9,64.4,18.7,19.7
2021-09-30 11:00:00,-5,686314800,35.8,4.11,53.5,64.0,64.3,18.8,19.6
2021-09-30 11:10:00,-5,686315400,38.3,4.11,53.5,64.0,64.4,18.7,19.6
2021-09-30 11:20:00,-5,686316000,36.5,4.11,53.5,64.0,64.4,18.8,19.7
2021-09-30 11:30:00,-5,686316600,41.0,4.11,53.6,63.9,64.4,18.8,19.7
2021-09-30 11:40:00,-5,686317200,37.5,4.11,53.6,63.9,64.3,19.0,19.7
2021-09-30 11:50:00,-5,686317800,32.5,4.11,53.6,63.9,64.4,18.8,19.6
2021-09-30 12:00:00,-5,686318400,35.3,4.11,53.7,63.9,64.4,18.8,19.6
2021-09-30 12:10:00,-5,686319000,30.0,4.11,53.7,63.9,64.4,19.0,19.7
2021-09-30 12:20:00,-5,686319600,29.3,4.11,53.7,63.9,64.4,18.7,19.6
2021-09-30 12:30:00,-5,686320200,33.5,4.11,53.7,63.9,64.3,19.1,19.7
2021-09-30 12:40:00,-5,686320800,30.8,4.11,53.7,63.9,64.3,19.1,19.6
2021-09-30 12:50:00,-5,686321400,29.5,4.11,53.7,63.9,64.4,19.0,19.6
2021-09-30 13:00:00,-5,686322000,29.8,4.11,53.7,63.9,64.4,19.1,19.5
2021-09-30 13:10:00,-5,686322600,28.8,4.11,53.7,63.9,64.4,19.1,19.6
2021-09-30 13:20:00,-5,686323200,27.5,4.11,53.7,63.9,64.4,19.1,19.7
2021-09-30 13:30:00,-5,686323800,25.0,4.11,53.8,63.9,64.4,19.2,19.6
2021-09-30 13:40:00,-5,686324400,23.8,4.11,53.8,63.9,64.4,19.3,19.6
2021-09-30 13:50:00,-5,686325000,23.3,4.11,53.8,63.9,64.4,19.4,19.7
2021-09-30 14:00:00,-5,686325600,32.8,4.11,53.7,63.9,64.4,19.3,19.7
2021-09-30 14:10:00,-5,686326200,33.0,4.11,53.7,63.9,64.4,19.3,19.6
2021-09-30 14:20:00,-5,686326800,27.5,4.11,53.7,64.0,64.4,19.3,19.6
2021-09-30 14:30:00,-5,686327400,25.5,4.11,53.7,64.0,64.4,19.3,19.6
2021-09-30 14:40:00,-5,686328000,29.5,4.11,53.7,64.0,64.4,19.4,19.6
2021-09-30 14:50:00,-5,686328600,32.8,4.11,53.7,64.0,64.4,19.3,19.6
2021-09-30 15:00:00,-5,686329200,31.5,4.11,53.7,64.0,64.3,19.3,19.6
2021-09-30 15:10:00,-5,686329800,26.0,4.11,53.7,64.0,64.3,19.3,19.7
2021-09-30 15:20:00,-5,686330400,23.5,4.11,53.7,64.0,64.4,19.4,19.6
2021-09-30 15:30:00,-5,686331000,22.3,4.11,53.7,64.0,64.3,19.4,19.5
2021-09-30 15:40:00,-5,686331600,22.3,4.11,53.7,64.0,64.3,19.5,19.6
2021-09-30 15:50:00,-5,686332200,21.3,4.11,53.7,64.0,64.3,19.3,19.7
2021-09-30 16:00:00,-5,686332800,20.0,4.11,53.6,64.0,64.3,19.5,19.6
2021-09-30 16:10:00,-5,686333400,20.3,4.11,53.6,64.0,64.3,19.3,19.6
2021-09-30 16:20:00,-5,686334000,20.0,4.11,53.6,64.0,64.2,19.5,19.6
2021-09-30 16:30:00,-5,686334600,19.8,4.11,53.6,64.0,64.3,19.4,19.6
2021-09-30 16:40:00,-5,686335200,19.3,4.11,53.6,64.0,64.3,19.5,19.7
2021-09-30 16:50:00,-5,686335800,19.0,4.11,53.6,64.0,64.3,19.5,19.7
2021-09-30 17:00:00,-5,686336400,18.0,4.11,53.6,64.0,64.3,19.6,19.6
2021-09-30 17:10:00,-5,686337000,17.0,4.11,53.7,64.0,64.3,19.5,19.6
2021-09-30 17:20:00,-5,686337600,15.8,4.09,53.6,64.0,64.3,19.6,19.7
2021-09-30 17:30:00,-5,686338200,14.3,4.09,53.5,64.0,64.3,19.5,19.7
2021-09-30 17:40:00,-5,686338800,12.8,4.09,53.5,64.0,64.3,19.5,19.7
2021-09-30 17:50:00,-5,686339400,11.8,4.09,53.5,64.0,64.3,19.5,19.6
2021-09-30 18:00:00,-5,686340000,11.3,4.09,53.5,64.0,64.3,19.4,19.6
2021-09-30 18:10:00,-5,686340600,11.0,4.09,53.5,64.0,64.3,19.6,19.7
2021-09-30 18:20:00,-5,686341200,11.0,4.09,53.4,64.1,64.3,19.5,19.6
2021-09-30 18:30:00,-5,686341800,11.3,4.09,53.4,64.0,64.3,19.4,19.7
2021-09-30 18:40:00,-5,686342400,11.3,4.09,53.4,64.0,64.3,19.5,19.6
2021-09-30 18:50:00,-5,686343000,11.5,4.09,53.4,64.0,64.3,19.4,19.8
2021-09-30 19:00:00,-5,686343600,11.8,4.09,53.4,64.0,64.3,19.5,19.7
2021-09-30 19:10:00,-5,686344200,11.5,4.09,53.3,64.1,64.3,19.4,19.6
2021-09-30 19:20:00,-5,686344800,11.0,4.09,53.4,64.1,64.2,19.5,19.6
2021-09-30 19:30:00,-5,686345400,10.5,4.09,53.3,64.0,64.3,19.5,19.7
2021-09-30 19:40:00,-5,686346000,9.8,4.09,53.3,64.0,64.3,19.5,19.7
2021-09-30 19:50:00,-5,686346600,9.0,4.09,53.3,64.0,64.3,19.5,19.6
2021-09-30 20:00:00,-5,686347200,8.5,4.09,53.2,64.0,64.3,19.4,19.8
2021-09-30 20:10:00,-5,686347800,8.5,4.09,53.2,64.0,64.3,19.4,19.6
2021-09-30 20:20:00,-5,686348400,8.8,4.09,53.2,64.0,64.3,19.4,19.7
2021-09-30 20:30:00,-5,686349000,8.3,4.09,53.2,64.0,64.3,19.5,19.8
2021-09-30 20:40:00,-5,686349600,7.8,4.09,53.1,64.0,64.3,19.4,19.7
2021-09-30 20:50:00,-5,686350200,7.3,4.09,53.1,64.0,64.3,19.3,19.7
2021-09-30 21:00:00,-5,686350800,6.8,4.09,53.1,64.0,64.3,19.3,19.7
2021-09-30 21:10:00,-5,686351400,6.8,4.09,53.1,64.0,64.3,19.3,19.8
2021-09-30 21:20:00,-5,686352000,6.5,4.09,53.1,64.0,64.3,19.3,19.8
2021-09-30 21:30:00,-5,686352600,6.0,4.09,53.0,64.0,64.3,19.2,19.7
2021-09-30 21:40:00,-5,686353200,6.3,4.09,53.0,64.0,64.3,19.3,19.7
2021-09-30 21:50:00,-5,686353800,6.5,4.09,53.0,64.0,64.3,19.4,19.7
2021-09-30 22:00:00,-5,686354400,6.0,4.09,53.1,64.0,64.3,19.2,19.7
2021-09-30 22:10:00,-5,686355000,6.0,4.09,53.0,64.1,64.3,19.3,19.6
2021-09-30 22:20:00,-5,686355600,5.8,4.09,53.0,64.1,64.3,19.3,19.7
2021-09-30 22:30:00,-5,686356200,5.8,4.09,53.0,64.0,64.3,19.2,19.7
2021-09-30 22:40:00,-5,686356800,5.8,4.09,52.9,64.0,64.3,19.1,19.7
2021-09-30 22:50:00,-5,686357400,6.0,4.09,52.9,64.1,64.3,19.1,19.6
2021-09-30 23:00:00,-5,686358000,5.5,4.08,52.9,64.0,64.3,19.1,19.7
2021-09-30 23:10:00,-5,686358600,5.5,4.08,52.8,64.1,64.3,19.1,19.7
2021-09-30 23:20:00,-5,686359200,5.3,4.08,52.8,64.1,64.3,19.1,19.7
2021-09-30 23:30:00,-5,686359800,5.3,4.08,52.8,64.1,64.3,19.1,19.7
2021-09-30 23:40:00,-5,686360400,5.3,4.08,52.7,64.0,64.3,19.1,19.7
2021-09-30 23:50:00,-5,686361000,5.5,4.08,52.7,64.0,64.3,19.1,19.7
2021-10-01 00:00:00,-5,686361600,5.5,4.08,52.7,64.0,64.3,19.0,19.8
2021-10-01 00:10:00,-5,686362200,5.3,4.08,52.7,64.0,64.3,19.0,19.6
2021-10-01 00:20:00,-5,686362800,5.8,4.08,52.6,64.0,64.3,19.0,19.6
2021-10-01 00:30:00,-5,686363400,5.8,4.08,52.6,64.0,64.3,18.7,19.6
2021-10-01 00:40:00,-5,686364000,5.5,4.08,52.6,64.0,64.3,19.0,19.7
2021-10-01 00:50:00,-5,686364600,5.0,4.08,52.6,64.0,64.3,19.0,19.7
2021-10-01 01:00:00,-5,686365200,5.0,4.08,52.6,63.9,64.3,19.0,19.6
2021-10-01 01:10:00,-5,686365800,4.8,4.08,52.5,63.9,64.3,19.1,19.7
2021-10-01 01:20:00,-5,686366400,5.0,4.08,52.4,63.9,64.3,18.6,19.6
2021-10-01 01:30:00,-5,686367000,4.8,4.08,52.4,63.8,64.3,18.8,19.7
2021-10-01 01:40:00,-5,686367600,4.3,4.08,52.3,63.8,64.3,18.7,19.6
2021-10-01 01:50:00,-5,686368200,4.3,4.08,52.3,63.8,64.3,18.6,19.7
2021-10-01 02:00:00,-5,686368800,4.0,4.08,52.4,63.8,64.3,18.6,19.5
2021-10-01 02:10:00,-5,686369400,4.0,4.08,52.4,63.8,64.3,18.6,19.5
2021-10-01 02:20:00,-5,686370000,4.0,4.08,52.4,63.8,64.3,18.6,19.5
2021-10-01 02:30:00,-5,686370600,3.8,4.08,52.3,63.8,64.3,18.6,19.6
2021-10-01 02:40:00,-5,686371200,4.0,4.08,52.3,63.8,64.3,18.5,19.7
2021-10-01 02:50:00,-5,686371800,3.8,4.08,52.3,63.8,64.3,18.6,19.7
2021-10-01 03:00:00,-5,686372400,3.3,4.08,52.2,63.7,64.3,18.5,19.6
2021-10-01 03:10:00,-5,686373000,3.0,4.08,52.2,63.7,64.3,18.3,19.6
2021-10-01 03:20:00,-5,686373600,3.0,4.08,52.2,63.7,64.3,18.4,19.5
2021-10-01 03:30:00,-5,686374200,3.0,4.08,52.1,63.7,64.3,18.3,19.7
2021-10-01 03:40:00,-5,686374800,2.8,4.08,52.1,63.7,64.3,18.5,19.6
2021-10-01 03:50:00,-5,686375400,3.0,4.08,52.1,63.7,64.3,18.3,19.7
2021-10-01 04:00:00,-5,686376000,3.0,4.08,52.0,63.7,64.3,18.3,19.6
2021-10-01 04:10:00,-5,686376600,3.3,4.08,52.0,63.7,64.3,18.3,19.6
2021-10-01 04:20:00,-5,686377200,3.0,4.08,52.0,63.7,64.3,18.3,19.6
2021-10-01 04:30:00,-5,686377800,2.8,4.08,52.0,63.6,64.3,18.2,19.5
2021-10-01 04:40:00,-5,686378400,2.5,4.08,51.9,63.6,64.3,18.1,19.5
2021-10-01 04:50:00,-5,686379000,2.8,4.08,51.9,63.6,64.3,18.1,19.5
2021-10-01 05:00:00,-5,686379600,2.5,4.08,51.8,63.6,64.3,18.1,19.5
2021-10-01 05:10:00,-5,686380200,2.5,4.08,51.8,63.6,64.3,18.1,19.3
2021-10-01 05:20:00,-5,686380800,2.3,4.08,51.8,63.6,64.3,18.1,19.5
2021-10-01 05:30:00,-5,686381400,2.3,4.08,51.7,63.6,64.3,18.1,19.6
2021-10-01 05:40:00,-5,686382000,2.3,4.08,51.7,63.6,64.2,18.0,19.3
2021-10-01 05:50:00,-5,686382600,2.3,4.08,51.7,63.6,64.3,18.0,19.3
2021-10-01 06:00:00,-5,686383200,2.0,4.08,51.8,63.5,64.3,18.1,19.3
2021-10-01 06:10:00,-5,686383800,2.3,4.08,51.6,63.5,64.3,18.0,19.3
2021-10-01 06:20:00,-5,686384400,3.0,4.08,51.6,63.5,64.3,18.0,19.3
2021-10-01 06:30:00,-5,686385000,3.5,4.08,51.6,63.5,64.3,17.8,19.3
2021-10-01 06:40:00,-5,686385600,3.8,4.08,51.6,63.5,64.3,17.8,19.3
2021-10-01 06:50:00,-5,686386200,4.0,4.08,51.5,63.5,64.3,17.8,19.5
2021-10-01 07:00:00,-5,686386800,5.8,4.08,51.5,63.5,64.3,17.8,19.3
2021-10-01 07:10:00,-5,686387400,8.0,4.08,51.5,63.5,64.3,17.8,19.3
2021-10-01 07:20:00,-5,686388000,7.8,4.08,51.5,63.4,64.3,17.6,19.3
2021-10-01 07:30:00,-5,686388600,8.8,4.08,51.5,63.4,64.3,17.6,19.3
2021-10-01 07:40:00,-5,686389200,14.3,4.08,51.4,63.4,64.3,17.6,19.3
2021-10-01 07:50:00,-5,686389800,17.3,4.09,51.4,63.4,64.2,17.5,19.2
2021-10-01 08:00:00,-5,686390400,20.3,4.09,51.4,63.4,64.3,17.6,19.3
2021-10-01 08:10:00,-5,686391000,23.5,4.09,51.4,63.4,64.2,17.6,19.3
2021-10-01 08:20:00,-5,686391600,26.3,4.09,51.4,63.4,64.2,17.5,19.2
2021-10-01 08:30:00,-5,686392200,28.3,4.09,51.4,63.4,64.2,17.5,19.3
2021-10-01 08:40:00,-5,686392800,30.0,4.11,51.4,63.3,64.2,17.5,19.3
2021-10-01 08:50:00,-5,686393400,32.0,4.11,51.4,63.3,64.2,17.5,19.2
2021-10-01 09:00:00,-5,686394000,33.8,4.11,51.4,63.3,64.2,17.5,19.3
2021-10-01 09:10:00,-5,686394600,35.0,4.11,51.4,63.3,64.2,17.5,19.3
2021-10-01 09:20:00,-5,686395200,35.8,4.11,51.5,63.3,64.2,17.3,19.1
2021-10-01 09:30:00,-5,686395800,37.0,4.11,51.5,63.3,64.2,17.5,19.3
2021-10-01 09:40:00,-5,686396400,38.3,4.11,51.5,63.3,64.2,17.4,19.2
2021-10-01 09:50:00,-5,686397000,39.5,4.11,51.5,63.3,64.2,17.5,19.2
2021-10-01 10:00:00,-5,686397600,39.5,4.11,51.6,63.3,64.2,17.3,19.2
2021-10-01 10:10:00,-5,686398200,40.5,4.11,51.6,63.3,64.2,17.5,19.1
2021-10-01 10:20:00,-5,686398800,41.5,4.11,51.6,63.3,64.2,17.3,19.2
2021-10-01 10:30:00,-5,686399400,41.8,4.11,51.6,63.2,64.2,17.4,19.1
2021-10-01 10:40:00,-5,686400000,43.3,4.11,51.7,63.2,64.2,17.4,19.1
2021-10-01 10:50:00,-5,686400600,43.0,4.11,51.7,63.2,64.2,17.5,19.1
2021-10-01 11:00:00,-5,686401200,43.0,4.11,51.8,63.2,64.2,17.5,19.2
2021-10-01 11:10:00,-5,686401800,44.5,4.11,51.8,63.2,64.2,17.5,19.1
2021-10-01 11:20:00,-5,686402400,44.8,4.11,51.8,63.2,64.1,17.5,19.1
2021-10-01 11:30:00,-5,686403000,41.0,4.11,51.9,63.2,64.1,17.5,19.1
2021-10-01 11:40:00,-5,686403600,42.3,4.11,52.0,63.2,64.1,17.6,19.1
2021-10-01 11:50:00,-5,686404200,44.8,4.11,52.1,63.2,64.1,17.6,19.1
2021-10-01 12:00:00,-5,686404800,45.3,4.11,52.1,63.2,64.1,17.6,19.2
2021-10-01 12:10:00,-5,686405400,45.0,4.11,52.1,63.2,64.1,17.6,19.1
2021-10-01 12:20:00,-5,686406000,43.0,4.11,52.2,63.2,64.1,17.6,19.1
2021-10-01 12:30:00,-5,686406600,44.3,4.11,52.2,63.2,64.1,17.7,19.1
2021-10-01 12:40:00,-5,686407200,44.8,4.11,52.2,63.2,64.1,17.8,19.0
2021-10-01 12:50:00,-5,686407800,45.3,4.11,52.3,63.2,64.1,17.7,19.0
2021-10-01 13:00:00,-5,686408400,45.0,4.11,52.3,63.2,64.1,17.8,19.0
2021-10-01 13:10:00,-5,686409000,43.0,4.11,52.3,63.2,64.1,17.7,19.1
2021-10-01 13:20:00,-5,686409600,44.0,4.11,52.4,63.2,64.1,17.8,19.1
2021-10-01 13:30:00,-5,686410200,43.3,4.11,52.4,63.3,64.1,18.1,19.0
2021-10-01 13:40:00,-5,686410800,41.8,4.11,52.4,63.3,64.1,18.0,19.0
2021-10-01 13:50:00,-5,686411400,41.8,4.11,52.4,63.3,63.9,18.0,19.1
2021-10-01 14:00:00,-5,686412000,42.3,4.11,52.5,63.3,64.1,18.1,19.0
2021-10-01 14:10:00,-5,686412600,41.5,4.11,52.5,63.3,64.1,18.1,19.1
2021-10-01 14:20:00,-5,686413200,40.8,4.11,52.6,63.3,64.1,18.1,19.1
2021-10-01 14:30:00,-5,686413800,40.3,4.11,52.6,63.3,64.1,18.2,19.0
2021-10-01 14:40:00,-5,686414400,38.8,4.11,52.6,63.3,64.1,18.3,19.1
2021-10-01 14:50:00,-5,686415000,38.3,4.11,52.6,63.3,64.0,18.4,19.0
2021-10-01 15:00:00,-5,686415600,36.8,4.11,52.6,63.3,64.0,18.4,19.0
2021-10-01 15:10:00,-5,686416200,36.3,4.11,52.6,63.3,64.0,18.3,19.0
2021-10-01 15:20:00,-5,686416800,35.8,4.11,52.6,63.4,64.0,18.4,19.0
2021-10-01 15:30:00,-5,686417400,34.5,4.11,52.6,63.4,64.0,18.4,19.0
2021-10-01 15:40:00,-5,686418000,33.0,4.11,52.6,63.4,64.0,18.5,19.1
2021-10-01 15:50:00,-5,686418600,32.3,4.11,52.6,63.4,64.0,18.5,19.0
2021-10-01 16:00:00,-5,686419200,31.3,4.11,52.5,63.4,64.0,18.5,19.0
2021-10-01 16:10:00,-5,686419800,29.8,4.11,52.6,63.4,64.0,18.7,19.1
2021-10-01 16:20:00,-5,686420400,27.8,4.11,52.6,63.4,64.0,18.6,19.1
2021-10-01 16:30:00,-5,686421000,26.8,4.11,52.6,63.4,64.0,18.6,19.0
2021-10-01 16:40:00,-5,686421600,24.8,4.11,52.6,63.4,64.0,18.7,19.0
2021-10-01 16:50:00,-5,686422200,21.5,4.11,52.5,63.4,64.0,18.5,19.0
2021-10-01 17:00:00,-5,686422800,18.8,4.09,52.5,63.4,64.0,18.6,19.0
2021-10-01 17:10:00,-5,686423400,16.8,4.09,52.5,63.4,64.0,18.6,19.0
2021-10-01 17:20:00,-5,686424000,14.8,4.09,52.5,63.4,64.0,18.6,19.0
2021-10-01 17:30:00,-5,686424600,13.3,4.09,52.5,63.5,63.9,18.7,19.0
2021-10-01 17:40:00,-5,686425200,12.0,4.09,52.4,63.4,64.0,18.7,19.1
2021-10-01 17:50:00,-5,686425800,11.3,4.09,52.4,63.5,64.0,18.6,19.1
2021-10-01 18:00:00,-5,686426400,10.3,4.09,52.3,63.5,64.0,18.7,19.0
2021-10-01 18:10:00,-5,686427000,10.0,4.09,52.3,63.5,64.0,18.7,19.0
2021-10-01 18:20:00,-5,686427600,9.5,4.09,52.3,63.5,64.0,18.7,19.1
2021-10-01 18:30:00,-5,686428200,8.8,4.09,52.3,63.5,64.0,18.7,19.2
2021-10-01 18:40:00,-5,686428800,8.5,4.09,52.2,63.5,64.0,18.8,19.2
2021-10-01 18:50:00,-5,686429400,8.3,4.09,52.2,63.5,64.0,18.8,19.1
2021-10-01 19:00:00,-5,686430000,7.5,4.09,52.2,63.5,64.0,18.9,19.0
2021-10-01 19:10:00,-5,686430600,7.5,4.09,52.1,63.5,64.0,18.7,19.1
2021-10-01 19:20:00,-5,686431200,7.3,4.09,52.1,63.5,64.0,18.7,19.1
2021-10-01 19:30:00,-5,686431800,7.0,4.09,52.0,63.5,64.0,18.8,19.0
2021-10-01 19:40:00,-5,686432400,6.8,4.09,52.1,63.5,64.0,18.8,19.1
2021-10-01 19:50:00,-5,686433000,6.8,4.09,52.0,63.5,64.0,18.8,19.1
2021-10-01 20:00:00,-5,686433600,7.3,4.09,52.0,63.5,64.0,18.7,19.1
2021-10-01 20:10:00,-5,686434200,7.0,4.09,52.0,63.5,64.0,18.7,19.1
2021-10-01 20:20:00,-5,686434800,6.8,4.09,52.0,63.5,64.0,18.7,19.1
2021-10-01 20:30:00,-5,686435400,6.5,4.09,51.9,63.5,64.0,18.6,19.1
2021-10-01 20:40:00,-5,686436000,6.3,4.09,51.9,63.5,64.0,18.8,19.1
2021-10-01 20:50:00,-5,686436600,6.3,4.09,51.8,63.5,64.0,18.6,19.1
2021-10-01 21:00:00,-5,686437200,6.5,4.09,51.8,63.5,64.0,18.6,19.1
2021-10-01 21:10:00,-5,686437800,6.3,4.09,51.7,63.4,64.0,18.6,19.1
2021-10-01 21:20:00,-5,686438400,6.0,4.09,51.7,63.4,64.0,18.6,19.1
2021-10-01 21:30:00,-5,686439000,6.0,4.08,51.7,63.4,64.0,18.7,19.1
2021-10-01 21:40:00,-5,686439600,6.0,4.08,51.6,63.4,64.0,18.6,19.1
2021-10-01 21:50:00,-5,686440200,6.0,4.08,51.6,63.4,64.0,18.5,19.2
2021-10-01 22:00:00,-5,686440800,5.5,4.08,51.6,63.4,64.0,18.5,19.2
2021-10-01 22:10:00,-5,686441400,5.3,4.08,51.5,63.4,64.0,18.5,19.2
2021-10-01 22:20:00,-5,686442000,5.5,4.08,51.5,63.4,64.0,18.5,19.1
2021-10-01 22:30:00,-5,686442600,5.5,4.08,51.5,63.4,64.0,18.3,19.2
2021-10-01 22:40:00,-5,686443200,5.0,4.08,51.5,63.4,64.0,18.4,19.1
2021-10-01 22:50:00,-5,686443800,5.0,4.08,51.5,63.4,64.0,18.3,19.1
2021-10-01 23:00:00,-5,686444400,5.0,4.08,51.5,63.4,64.0,18.4,19.1
2021-10-01 23:10:00,-5,686445000,5.0,4.08,51.4,63.4,64.0,18.3,19.1
2021-10-01 23:20:00,-5,686445600,4.8,4.08,51.4,63.4,64.0,18.2,19.2
2021-10-01 23:30:00,-5,686446200,4.8,4.08,51.3,63.4,64.0,18.3,19.1
2021-10-01 23:40:00,-5,686446800,4.8,4.08,51.3,63.3,64.0,18.2,19.1
2021-10-01 23:50:00,-5,686447400,4.5,4.08,51.3,63.4,64.0,18.2,19.1
2021-10-02 00:00:00,-5,686448000,4.5,4.08,51.3,63.3,64.0,18.1,19.1
2021-10-02 00:10:00,-5,686448600,4.5,4.08,51.2,63.3,64.0,18.1,19.1
2021-10-02 00:20:00,-5,686449200,4.5,4.08,51.3,63.3,64.0,18.2,19.1
2021-10-02 00:30:00,-5,686449800,4.5,4.08,51.2,63.3,64.0,18.1,19.1
2021-10-02 00:40:00,-5,686450400,4.5,4.08,51.2,63.3,64.0,18.1,19.1
2021-10-02 00:50:00,-5,686451000,4.8,4.08,51.2,63.3,64.0,18.1,19.2
2021-10-02 01:00:00,-5,686451600,4.8,4.08,51.1,63.3,64.0,18.0,19.1
2021-10-02 01:10:00,-5,686452200,4.8,4.08,51.1,63.3,64.0,18.0,19.1
2021-10-02 01:20:00,-5,686452800,4.5,4.08,51.1,63.3,64.0,18.0,19.1
2021-10-02 01:30:00,-5,686453400,4.5,4.08,51.1,63.3,64.0,18.0,19.1
2021-10-02 01:40:00,-5,686454000,4.3,4.08,51.1,63.3,64.0,18.0,19.1
2021-10-02 01:50:00,-5,686454600,4.3,4.08,51.0,63.2,64.0,17.7,19.2
2021-10-02 02:00:00,-5,686455200,4.3,4.08,51.0,63.2,64.0,18.0,19.2
2021-10-02 02:10:00,-5,686455800,4.3,4.08,51.0,63.2,64.0,17.8,19.1
2021-10-02 02:20:00,-5,686456400,4.0,4.08,51.0,63.2,64.0,17.8,19.1
2021-10-02 02:30:00,-5,686457000,4.0,4.08,51.0,63.2,64.0,17.7,19.2
2021-10-02 02:40:00,-5,686457600,4.0,4.08,51.0,63.2,63.9,17.7,19.1
2021-10-02 02:50:00,-5,686458200,4.0,4.08,51.0,63.2,64.0,17.7,19.1
2021-10-02 03:00:00,-5,686458800,4.0,4.08,51.0,63.2,64.0,17.8,19.1
2021-10-02 03:10:00,-5,686459400,3.8,4.08,50.9,63.2,64.0,17.6,19.1
2021-10-02 03:20:00,-5,686460000,4.0,4.08,50.9,63.1,64.0,17.6,19.0
2021-10-02 03:30:00,-5,686460600,4.0,4.08,50.9,63.2,64.0,17.6,19.1
2021-10-02 03:40:00,-5,686461200,4.3,4.08,50.9,63.1,64.0,17.6,19.1
2021-10-02 03:50:00,-5,686461800,4.0,4.08,50.8,63.1,64.0,17.6,19.1
2021-10-02 04:00:00,-5,686462400,4.0,4.08,50.8,63.1,64.0,17.6,19.0
2021-10-02 04:10:00,-5,686463000,3.8,4.08,50.8,63.1,64.0,17.6,19.1
2021-10-02 04:20:00,-5,686463600,3.8,4.08,50.7,63.1,64.0,17.5,19.1
2021-10-02 04:30:00,-5,686464200,3.5,4.08,50.7,63.1,64.0,17.5,19.0
2021-10-02 04:40:00,-5,686464800,3.8,4.08,50.7,63.1,64.0,17.5,19.1
2021-10-02 04:50:00,-5,686465400,3.8,4.08,50.7,63.1,64.0,17.5,19.0
2021-10-02 05:00:00,-5,686466000,3.8,4.08,50.6,63.0,64.0,17.5,19.0
2021-10-02 05:10:00,-5,686466600,3.8,4.08,50.6,63.0,64.0,17.5,19.0
2021-10-02 05:20:00,-5,686467200,3.5,4.08,50.6,63.0,63.9,17.4,19.1
2021-10-02 05:30:00,-5,686467800,3.5,4.08,50.6,63.0,64.0,17.3,19.0
2021-10-02 05:40:00,-5,686468400,3.3,4.08,50.6,63.0,64.0,17.3,19.0
2021-10-02 05:50:00,-5,686469000,3.3,4.08,50.6,63.0,64.0,17.1,18.8
2021-10-02 06:00:00,-5,686469600,3.0,4.06,50.6,63.0,64.0,17.2,19.0
2021-10-02 06:10:00,-5,686470200,3.5,4.06,50.6,63.0,64.0,17.3,19.1
2021-10-02 06:20:00,-5,686470800,3.5,4.06,50.5,63.0,63.9,17.2,18.7
2021-10-02 06:30:00,-5,686471400,3.8,4.06,50.5,63.0,63.8,17.1,19.0
2021-10-02 06:40:00,-5,686472000,4.3,4.06,50.5,62.9,63.9,17.2,18.8
2021-10-02 06:50:00,-5,686472600,4.8,4.06,50.5,62.9,64.0,17.1,19.2
2021-10-02 07:00:00,-5,686473200,6.0,4.08,50.5,62.9,63.8,17.1,18.5
2021-10-02 07:10:00,-5,686473800,8.0,4.08,50.5,62.9,63.9,17.1,19.1
2021-10-02 07:20:00,-5,686474400,8.0,4.08,50.5,62.9,63.8,17.0,19.1
2021-10-02 07:30:00,-5,686475000,9.0,4.08,50.5,62.9,63.8,17.0,18.8
2021-10-02 07:40:00,-5,686475600,13.3,4.08,50.4,62.9,63.9,17.0,19.1
2021-10-02 07:50:00,-5,686476200,16.5,4.09,50.4,62.9,63.9,17.0,19.0
2021-10-02 08:00:00,-5,686476800,20.5,4.09,50.4,62.9,63.9,17.0,18.7
2021-10-02 08:10:00,-5,686477400,23.5,4.09,50.4,62.8,63.9,17.0,18.8
2021-10-02 08:20:00,-5,686478000,25.5,4.09,50.4,62.8,63.9,17.0,18.7
2021-10-02 08:30:00,-5,686478600,27.8,4.09,50.4,62.8,63.9,17.0,18.6
2021-10-02 08:40:00,-5,686479200,29.8,4.09,50.4,62.8,63.9,16.8,18.6
2021-10-02 08:50:00,-5,686479800,32.8,4.09,50.4,62.8,63.9,16.8,18.7
2021-10-02 09:00:00,-5,686480400,33.5,4.11,50.4,62.8,63.9,16.8,18.7
2021-10-02 09:10:00,-5,686481000,33.8,4.11,50.5,62.8,63.9,16.8,18.7
2021-10-02 09:20:00,-5,686481600,35.3,4.11,50.5,62.8,63.8,16.8,18.7
2021-10-02 09:30:00,-5,686482200,37.5,4.11,50.5,62.8,63.9,16.8,18.7
2021-10-02 09:40:00,-5,686482800,38.8,4.11,50.5,62.8,63.9,16.7,18.8
2021-10-02 09:50:00,-5,686483400,37.8,4.11,50.6,62.8,63.8,16.8,18.7
2021-10-02 10:00:00,-5,686484000,38.0,4.11,50.6,62.7,63.9,16.8,18.7
2021-10-02 10:10:00,-5,686484600,39.0,4.11,50.6,62.7,63.8,16.8,18.5
2021-10-02 10:20:00,-5,686485200,40.0,4.11,50.7,62.7,63.8,17.0,18.5
2021-10-02 10:30:00,-5,686485800,40.0,4.11,50.7,62.7,63.9,16.8,18.7
2021-10-02 10:40:00,-5,686486400,40.5,4.11,50.7,62.7,63.9,17.0,18.3
2021-10-02 10:50:00,-5,686487000,41.8,4.11,50.8,62.7,63.9,17.1,18.6
2021-10-02 11:00:00,-5,686487600,42.0,4.11,50.8,62.7,63.7,17.0,18.7
2021-10-02 11:10:00,-5,686488200,42.0,4.11,50.8,62.7,63.9,17.0,18.6
2021-10-02 11:20:00,-5,686488800,41.5,4.11,50.9,62.7,63.8,17.0,18.7
2021-10-02 11:30:00,-5,686489400,39.3,4.11,50.9,62.7,63.8,17.1,18.6
2021-10-02 11:40:00,-5,686490000,40.0,4.11,51.0,62.7,63.8,16.7,18.7
2021-10-02 11:50:00,-5,686490600,41.3,4.11,51.0,62.7,63.8,17.0,18.5
2021-10-02 12:00:00,-5,686491200,44.3,4.11,51.0,62.7,63.8,17.0,18.5
2021-10-02 12:10:00,-5,686491800,44.3,4.11,51.1,62.7,63.8,17.1,18.6
2021-10-02 12:20:00,-5,686492400,44.5,4.11,51.1,62.7,63.8,17.1,18.6
2021-10-02 12:30:00,-5,686493000,44.8,4.11,51.2,62.7,63.8,17.1,18.6
2021-10-02 12:40:00,-5,686493600,45.3,4.11,51.2,62.7,63.8,17.2,18.3
2021-10-02 12:50:00,-5,686494200,46.3,4.11,51.2,62.7,63.8,17.3,18.5
2021-10-02 13:00:00,-5,686494800,46.0,4.11,51.3,62.7,63.8,17.3,18.5
2021-10-02 13:10:00,-5,686495400,45.0,4.11,51.3,62.7,63.8,17.3,18.6
2021-10-02 13:20:00,-5,686496000,46.0,4.11,51.3,62.7,63.8,17.5,18.5
2021-10-02 13:30:00,-5,686496600,43.3,4.11,51.4,62.7,63.8,17.5,18.3
2021-10-02 13:40:00,-5,686497200,42.3,4.11,51.5,62.8,63.6,17.6,18.6
2021-10-02 13:50:00,-5,686497800,43.5,4.11,51.5,62.8,63.8,17.6,18.5
2021-10-02 14:00:00,-5,686498400,42.8,4.11,51.5,62.8,63.8,17.6,18.6
2021-10-02 14:10:00,-5,686499000,41.8,4.11,51.5,62.8,63.8,17.6,18.5
2021-10-02 14:20:00,-5,686499600,39.8,4.11,51.5,62.8,63.7,17.7,18.5
2021-10-02 14:30:00,-5,686500200,39.0,4.11,51.5,62.8,63.8,17.8,18.4
2021-10-02 14:40:00,-5,686500800,36.3,4.11,51.5,62.8,63.8,17.8,18.4
2021-10-02 14:50:00,-5,686501400,36.0,4.11,51.5,62.8,63.7,17.8,18.5
2021-10-02 15:00:00,-5,686502000,38.3,4.11,51.6,62.8,63.7,18.1,18.5
2021-10-02 15:10:00,-5,686502600,38.3,4.11,51.7,62.8,63.7,18.0,18.5
2021-10-02 15:20:00,-5,686503200,37.8,4.11,51.7,62.9,63.7,18.1,18.6
2021-10-02 15:30:00,-5,686503800,37.5,4.11,51.7,62.9,63.7,18.0,18.5
2021-10-02 15:40:00,-5,686504400,35.8,4.11,51.6,62.9,63.7,18.1,18.5
2021-10-02 15:50:00,-5,686505000,35.5,4.11,51.6,62.9,63.7,18.1,18.5
2021-10-02 16:00:00,-5,686505600,34.8,4.11,51.7,62.9,63.7,18.3,18.7
2021-10-02 16:10:00,-5,686506200,32.3,4.11,51.6,62.9,63.7,18.2,18.7
2021-10-02 16:20:00,-5,686506800,31.3,4.11,51.7,62.9,63.7,18.2,18.3
2021-10-02 16:30:00,-5,686507400,30.3,4.11,51.6,62.9,63.7,18.3,18.5
2021-10-02 16:40:00,-5,686508000,28.5,4.11,51.6,62.9,63.7,18.3,18.5
2021-10-02 16:50:00,-5,686508600,25.3,4.11,51.7,62.9,63.7,18.4,18.5
2021-10-02 17:00:00,-5,686509200,23.3,4.11,51.6,63.0,63.7,18.3,18.7
2021-10-02 17:10:00,-5,686509800,22.0,4.09,51.7,63.0,63.7,18.3,18.6
2021-10-02 17:20:00,-5,686510400,20.8,4.09,51.7,63.0,63.7,18.4,18.6
2021-10-02 17:30:00,-5,686511000,19.3,4.09,51.7,63.0,63.7,18.4,18.6
2021-10-02 17:40:00,-5,686511600,18.0,4.09,51.8,63.0,63.7,18.6,18.6
2021-10-02 17:50:00,-5,686512200,17.5,4.09,51.7,63.0,63.7,18.5,18.6
2021-10-02 18:00:00,-5,686512800,16.8,4.09,51.7,63.0,63.7,18.5,18.6
2021-10-02 18:10:00,-5,686513400,16.3,4.09,51.5,63.0,63.7,18.6,18.6
2021-10-02 18:20:00,-5,686514000,15.8,4.09,51.5,63.0,63.7,18.6,18.7
2021-10-02 18:30:00,-5,686514600,15.5,4.09,51.5,63.0,63.7,18.5,18.7
2021-10-02 18:40:00,-5,686515200,15.3,4.09,51.5,63.0,63.7,18.6,18.6
2021-10-02 18:50:00,-5,686515800,14.8,4.09,51.5,63.0,63.7,18.6,18.6
2021-10-02 19:00:00,-5,686516400,14.3,4.09,51.5,63.1,63.7,18.6,18.5
2021-10-02 19:10:00,-5,686517000,14.0,4.09,51.5,63.0,63.7,18.6,18.5
2021-10-02 19:20:00,-5,686517600,13.5,4.09,51.4,63.1,63.6,18.6,18.7
2021-10-02 19:30:00,-5,686518200,12.8,4.09,51.4,63.1,63.7,18.7,18.6
2021-10-02 19:40:00,-5,686518800,12.3,4.09,51.3,63.1,63.7,18.6,18.8
2021-10-02 19:50:00,-5,686519400,11.8,4.09,51.3,63.1,63.7,18.6,18.6
2021-10-02 20:00:00,-5,686520000,11.5,4.09,51.3,63.1,63.7,18.6,18.7
2021-10-02 20:10:00,-5,686520600,11.5,4.09,51.4,63.1,63.7,18.6,18.7
2021-10-02 20:20:00,-5,686521200,11.8,4.09,51.3,63.1,63.7,18.6,18.7
2021-10-02 20:30:00,-5,686521800,11.5,4.09,51.3,63.1,63.7,18.6,18.7
2021-10-02 20:40:00,-5,686522400,11.3,4.09,51.2,63.1,63.7,18.6,18.7
2021-10-02 20:50:00,-5,686523000,11.3,4.09,51.2,63.1,63.7,18.6,18.8
2021-10-02 21:00:00,-5,686523600,11.3,4.09,51.2,63.1,63.7,18.6,18.5
2021-10-02 21:10:00,-5,686524200,11.3,4.09,51.1,63.1,63.7,18.6,18.8
2021-10-02 21:20:00,-5,686524800,10.8,4.09,51.1,63.1,63.7,18.6,18.8
2021-10-02 21:30:00,-5,686525400,10.5,4.09,51.1,63.1,63.7,18.6,18.7
2021-10-02 21:40:00,-5,686526000,10.8,4.09,51.1,63.1,63.7,18.6,18.8
2021-10-02 21:50:00,-5,686526600,10.8,4.09,51.0,63.1,63.7,18.6,18.7
2021-10-02 22:00:00,-5,686527200,10.8,4.09,51.0,63.1,63.7,18.7,18.7
2021-10-02 22:10:00,-5,686527800,10.5,4.09,51.0,63.1,63.7,18.6,18.8
2021-10-02 22:20:00,-5,686528400,10.3,4.09,51.0,63.1,63.8,18.5,18.8
2021-10-02 22:30:00,-5,686529000,9.8,4.08,50.9,63.1,63.7,18.6,18.8
2021-10-02 22:40:00,-5,686529600,9.8,4.08,50.9,63.1,63.8,18.5,18.8
2021-10-02 22:50:00,-5,686530200,9.5,4.08,50.9,63.1,63.8,18.6,18.8
2021-10-02 23:00:00,-5,686530800,9.3,4.08,50.9,63.1,63.8,18.5,18.7
2021-10-02 23:10:00,-5,686531400,9.5,4.08,50.9,63.1,63.8,18.5,18.8
2021-10-02 23:20:00,-5,686532000,9.3,4.08,50.8,63.1,63.8,18.5,18.8
2021-10-02 23:30:00,-5,686532600,9.0,4.08,50.8,63.1,63.6,18.3,19.1
2021-10-02 23:40:00,-5,686533200,9.0,4.08,50.8,63.1,63.8,18.3,18.8
2021-10-02 23:50:00,-5,686533800,8.8,4.08,50.8,63.0,63.7,18.4,18.8
2021-10-03 00:00:00,-5,686534400,9.0,4.08,50.7,63.0,63.8,18.4,18.7
2021-10-03 00:10:00,-5,686535000,9.3,4.08,50.7,63.1,63.6,18.3,18.8
2021-10-03 00:20:00,-5,686535600,9.5,4.08,50.7,63.0,63.8,18.3,18.8
2021-10-03 00:30:00,-5,686536200,9.8,4.08,50.7,63.0,63.7,18.3,18.8
2021-10-03 00:40:00,-5,686536800,9.5,4.08,50.7,63.0,63.8,18.3,18.7
2021-10-03 00:50:00,-5,686537400,9.8,4.08,50.6,63.0,63.6,18.3,19.0
2021-10-03 01:00:00,-5,686538000,10.0,4.08,50.6,63.0,63.6,18.3,18.8
2021-10-03 01:10:00,-5,686538600,10.8,4.08,50.6,63.0,63.8,18.2,18.7
2021-10-03 01:20:00,-5,686539200,11.3,4.08,50.6,63.0,63.8,18.1,19.0
2021-10-03 01:30:00,-5,686539800,11.8,4.08,50.6,63.0,63.8,18.3,18.8
2021-10-03 01:40:00,-5,686540400,12.3,4.08,50.5,63.0,63.8,18.1,18.8
2021-10-03 01:50:00,-5,686541000,12.5,4.08,50.5,63.0,63.8,18.1,18.8
2021-10-03 02:00:00,-5,686541600,12.5,4.08,50.5,63.0,63.8,18.1,19.1
2021-10-03 02:10:00,-5,686542200,12.8,4.08,50.5,63.0,63.6,18.1,18.8
2021-10-03 02:20:00,-5,686542800,12.8,4.08,50.5,63.0,63.8,18.1,19.1
2021-10-03 02:30:00,-5,686543400,13.0,4.08,50.6,63.0,63.6,18.1,19.1
2021-10-03 02:40:00,-5,686544000,13.0,4.08,50.6,62.9,63.8,18.0,18.8
2021-10-03 02:50:00,-5,686544600,13.3,4.08,50.6,63.0,63.6,18.1,18.7
2021-10-03 03:00:00,-5,686545200,13.3,4.08,50.6,62.9,63.8,18.1,19.1
2021-10-03 03:10:00,-5,686545800,13.5,4.08,50.6,62.9,63.7,18.0,18.8
2021-10-03 03:20:00,-5,686546400,13.5,4.08,50.5,62.9,63.8,18.1,18.8
2021-10-03 03:30:00,-5,686547000,13.5,4.08,50.4,62.9,63.8,18.0,18.8
2021-10-03 03:40:00,-5,686547600,13.8,4.08,50.4,62.9,63.7,18.0,18.7
2021-10-03 03:50:00,-5,686548200,13.8,4.08,50.4,62.9,63.8,18.0,18.8
2021-10-03 04:00:00,-5,686548800,13.8,4.08,50.4,62.9,63.8,18.0,18.8
2021-10-03 04:10:00,-5,686549400,14.0,4.08,50.4,62.9,63.8,17.8,19.1
2021-10-03 04:20:00,-5,686550000,14.0,4.08,50.5,62.9,63.8,18.0,18.8
2021-10-03 04:30:00,-5,686550600,14.0,4.08,50.4,62.9,63.6,18.0,18.8
2021-10-03 04:40:00,-5,686551200,14.0,4.08,50.4,62.9,63.8,18.1,18.8
2021-10-03 04:50:00,-5,686551800,14.0,4.08,50.4,62.9,63.8,18.0,18.6
2021-10-03 05:00:00,-5,686552400,14.3,4.08,50.4,62.9,63.8,17.7,18.7
2021-10-03 05:10:00,-5,686553000,14.3,4.08,50.4,62.9,63.8,17.8,18.4
2021-10-03 05:20:00,-5,686553600,14.3,4.08,50.4,62.8,63.8,18.0,19.1
2021-10-03 05:30:00,-5,686554200,14.5,4.08,50.4,62.9,63.6,17.8,18.8
2021-10-03 05:40:00,-5,686554800,14.5,4.08,50.4,62.8,63.8,18.0,18.8
2021-10-03 05:50:00,-5,686555400,14.8,4.08,50.4,62.8,63.8,17.8,18.5
2021-10-03 06:00:00,-5,686556000,14.8,4.08,50.4,62.8,63.8,17.8,18.8
2021-10-03 06:10:00,-5,686556600,14.8,4.08,50.4,62.8,63.8,18.0,18.6
2021-10-03 06:20:00,-5,686557200,15.0,4.08,50.4,62.8,63.6,17.8,18.6
2021-10-03 06:30:00,-5,686557800,15.3,4.08,50.4,62.8,63.8,17.8,18.8
2021-10-03 06:40:00,-5,686558400,15.5,4.08,50.4,62.8,63.8,17.8,19.0
2021-10-03 06:50:00,-5,686559000,16.0,4.08,50.3,62.8,63.6,17.8,18.7
2021-10-03 07:00:00,-5,686559600,16.5,4.08,50.4,62.8,63.8,17.8,18.7
2021-10-03 07:10:00,-5,686560200,17.3,4.08,50.4,62.8,63.8,17.8,18.7
2021-10-03 07:20:00,-5,686560800,17.8,4.08,50.3,62.9,63.8,17.7,18.8
2021-10-03 07:30:00,-5,686561400,18.0,4.08,50.3,62.9,63.6,17.8,18.4
2021-10-03 07:40:00,-5,686562000,18.3,4.08,50.3,62.9,63.8,17.7,18.7
2021-10-03 07:50:00,-5,686562600,18.5,4.08,50.3,62.9,63.6,17.7,18.7
2021-10-03 08:00:00,-5,686563200,19.0,4.08,50.3,62.9,63.8,17.8,18.8
2021-10-03 08:10:00,-5,686563800,20.5,4.08,50.3,62.8,63.8,17.8,18.6
2021-10-03 08:20:00,-5,686564400,22.0,4.08,50.4,62.9,63.6,17.8,18.7
2021-10-03 08:30:00,-5,686565000,23.8,4.09,50.4,62.9,63.8,17.8,18.7
2021-10-03 08:40:00,-5,686565600,25.5,4.09,50.4,62.8,63.7,17.7,18.7
2021-10-03 08:50:00,-5,686566200,25.0,4.09,50.4,62.8,63.7,17.8,18.6
2021-10-03 09:00:00,-5,686566800,26.8,4.09,50.4,62.8,63.7,17.8,18.5
2021-10-03 09:10:00,-5,686567400,31.3,4.09,50.4,62.8,63.7,17.8,18.7
2021-10-03 09:20:00,-5,686568000,35.0,4.09,50.4,62.8,63.6,17.8,18.7
2021-10-03 09:30:00,-5,686568600,37.8,4.11,50.4,62.7,63.7,17.8,18.6
2021-10-03 09:40:00,-5,686569200,38.8,4.11,50.4,62.7,63.6,17.8,18.8
2021-10-03 09:50:00,-5,686569800,40.0,4.11,50.5,62.7,63.7,17.8,18.6
2021-10-03 10:00:00,-5,686570400,41.0,4.11,50.5,62.7,63.7,17.7,18.7
2021-10-03 10:10:00,-5,686571000,43.3,4.11,50.5,62.7,63.7,18.0,18.6
2021-10-03 10:20:00,-5,686571600,40.8,4.11,50.6,62.8,63.6,17.7,18.7
2021-10-03 10:30:00,-5,686572200,43.8,4.11,50.6,62.7,63.7,17.7,18.7
2021-10-03 10:40:00,-5,686572800,44.8,4.11,50.6,62.7,63.7,18.0,18.6
2021-10-03 10:50:00,-5,686573400,46.5,4.11,50.7,62.8,63.6,17.8,18.7
2021-10-03 11:00:00,-5,686574000,47.5,4.11,50.7,62.7,63.6,18.0,18.7
2021-10-03 11:10:00,-5,686574600,47.3,4.11,50.8,62.7,63.7,18.1,18.6
2021-10-03 11:20:00,-5,686575200,42.8,4.11,50.8,62.7,63.7,18.0,18.6
2021-10-03 11:30:00,-5,686575800,44.5,4.11,50.8,62.7,63.7,18.1,18.7
2021-10-03 11:40:00,-5,686576400,46.3,4.11,50.9,62.7,63.7,18.0,18.8
2021-10-03 11:50:00,-5,686577000,46.8,4.11,50.9,62.8,63.7,18.1,18.6
2021-10-03 12:00:00,-5,686577600,49.0,4.11,51.0,62.8,63.7,18.1,18.6
2021-10-03 12:10:00,-5,686578200,49.3,4.11,51.0,62.8,63.7,18.1,18.7
2021-10-03 12:20:00,-5,686578800,49.8,4.11,51.0,62.8,63.7,18.1,18.7
2021-10-03 12:30:00,-5,686579400,46.0,4.11,51.1,62.8,63.7,18.3,18.7
2021-10-03 12:40:00,-5,686580000,42.5,4.11,51.1,62.8,63.7,18.3,18.7
2021-10-03 12:50:00,-5,686580600,43.0,4.11,51.1,62.8,63.7,18.3,18.7
2021-10-03 13:00:00,-5,686581200,46.5,4.11,51.2,62.8,63.7,18.4,18.6
2021-10-03 13:10:00,-5,686581800,48.8,4.11,51.2,62.8,63.7,18.3,18.6
2021-10-03 13:20:00,-5,686582400,47.5,4.11,51.2,62.8,63.7,18.5,18.5
2021-10-03 13:30:00,-5,686583000,47.5,4.11,51.2,62.8,63.7,18.5,18.8
2021-10-03 13:40:00,-5,686583600,47.5,4.11,51.3,62.9,63.7,18.6,18.5
2021-10-03 13:50:00,-5,686584200,44.3,4.11,51.3,62.9,63.7,18.6,18.7
2021-10-03 14:00:00,-5,686584800,45.0,4.11,51.3,62.8,63.7,18.7,18.6
2021-10-03 14:10:00,-5,686585400,46.3,4.11,51.3,62.9,63.7,18.7,18.8
2021-10-03 14:20:00,-5,686586000,41.5,4.11,51.4,62.9,63.6,19.0,18.6
2021-10-03 14:30:00,-5,686586600,38.5,4.11,51.4,62.9,63.7,18.7,18.6
2021-10-03 14:40:00,-5,686587200,36.3,4.11,51.4,62.9,63.7,18.7,18.7
2021-10-03 14:50:00,-5,686587800,37.8,4.11,51.3,62.9,63.7,18.7,18.7
2021-10-03 15:00:00,-5,686588400,38.8,4.11,51.3,62.9,63.7,18.7,18.7
2021-10-03 15:10:00,-5,686589000,40.0,4.11,51.4,62.9,63.7,19.0,18.5
2021-10-03 15:20:00,-5,686589600,38.8,4.11,51.4,63.0,63.5,19.1,18.5
2021-10-03 15:30:00,-5,686590200,34.5,4.11,51.4,63.0,63.7,19.0,18.7
2021-10-03 15:40:00,-5,686590800,33.5,4.11,51.4,63.0,63.7,19.1,18.8
2021-10-03 15:50:00,-5,686591400,32.5,4.11,51.4,63.0,63.7,19.3,18.8
2021-10-03 16:00:00,-5,686592000,32.8,4.11,51.4,63.0,63.7,19.3,18.8
2021-10-03 16:10:00,-5,686592600,32.3,4.11,51.4,63.0,63.5,19.3,18.7
2021-10-03 16:20:00,-5,686593200,31.5,4.11,51.4,63.0,63.7,19.4,18.8
2021-10-03 16:30:00,-5,686593800,30.3,4.11,51.4,63.1,63.7,19.3,18.7
2021-10-03 16:40:00,-5,686594400,29.5,4.11,51.4,63.1,63.7,19.3,18.7
2021-10-03 16:50:00,-5,686595000,27.8,4.09,51.4,63.1,63.5,19.3,18.6
2021-10-03 17:00:00,-5,686595600,26.3,4.09,51.4,63.1,63.7,19.3,18.8
2021-10-03 17:10:00,-5,686596200,25.3,4.09,51.4,63.1,63.6,19.3,18.6
2021-10-03 17:20:00,-5,686596800,24.3,4.09,51.3,63.1,63.7,19.3,18.8
2021-10-03 17:30:00,-5,686597400,23.3,4.09,51.3,63.1,63.7,19.5,19.0
2021-10-03 17:40:00,-5,686598000,22.0,4.09,51.3,63.1,63.7,19.6,18.8
2021-10-03 17:50:00,-5,686598600,21.0,4.09,51.2,63.1,63.7,19.6,18.8
2021-10-03 18:00:00,-5,686599200,20.3,4.09,51.2,63.1,63.7,19.5,18.8
2021-10-03 18:10:00,-5,686599800,19.8,4.09,51.2,63.1,63.7,19.6,19.1
2021-10-03 18:20:00,-5,686600400,19.3,4.09,51.2,63.1,63.7,19.6,18.7
2021-10-03 18:30:00,-5,686601000,18.8,4.09,51.2,63.1,63.7,19.6,18.6
2021-10-03 18:40:00,-5,686601600,18.5,4.09,51.2,63.1,63.7,19.6,18.8
2021-10-03 18:50:00,-5,686602200,18.3,4.09,51.2,63.2,63.7,19.7,18.8
2021-10-03 19:00:00,-5,686602800,17.8,4.09,51.1,63.2,63.7,19.6,18.8
2021-10-03 19:10:00,-5,686603400,17.8,4.09,51.1,63.2,63.7,19.5,19.0
2021-10-03 19:20:00,-5,686604000,17.5,4.09,51.1,63.2,63.7,19.6,19.0
2021-10-03 19:30:00,-5,686604600,17.0,4.09,51.1,63.2,63.7,19.6,19.0
2021-10-03 19:40:00,-5,686605200,17.0,4.09,51.1,63.2,63.7,19.7,19.0
2021-10-03 19:50:00,-5,686605800,16.8,4.09,51.1,63.2,63.7,19.5,19.0
2021-10-03 20:00:00,-5,686606400,16.8,4.09,51.0,63.2,63.7,19.6,19.0
2021-10-03 20:10:00,-5,686607000,16.8,4.09,51.0,63.2,63.7,19.6,19.1
2021-10-03 20:20:00,-5,686607600,16.8,4.09,51.0,63.2,63.7,19.7,19.0
2021-10-03 20:30:00,-5,686608200,16.5,4.09,51.0,63.2,63.7,19.6,19.1
2021-10-03 20:40:00,-5,686608800,16.5,4.09,50.9,63.2,63.7,19.6,19.1
2021-10-03 20:50:00,-5,686609400,16.3,4.09,50.9,63.2,63.7,19.6,19.2
2021-10-03 21:00:00,-5,686610000,16.8,4.09,50.9,63.2,63.6,19.7,19.1
2021-10-03 21:10:00,-5,686610600,17.3,4.09,50.9,63.2,63.6,19.6,19.1
2021-10-03 21:20:00,-5,686611200,17.3,4.09,50.9,63.2,63.7,19.6,19.1
2021-10-03 21:30:00,-5,686611800,17.3,4.09,50.8,63.2,63.6,19.6,19.2
2021-10-03 21:40:00,-5,686612400,17.5,4.09,50.8,63.2,63.7,19.7,19.1
2021-10-03 21:50:00,-5,686613000,17.3,4.09,50.8,63.3,63.6,19.6,19.2
2021-10-03 22:00:00,-5,686613600,17.3,4.09,50.8,63.3,63.7,19.6,19.2
2021-10-03 22:10:00,-5,686614200,17.5,4.09,50.8,63.2,63.7,19.6,19.1
2021-10-03 22:20:00,-5,686614800,17.8,4.09,50.8,63.2,63.7,19.6,19.1
2021-10-03 22:30:00,-5,686615400,17.8,4.09,50.7,63.2,63.7,19.6,19.2
2021-10-03 22:40:00,-5,686616000,18.0,4.09,50.7,63.2,63.7,19.6,19.1
2021-10-03 22:50:00,-5,686616600,18.0,4.08,50.7,63.2,63.7,19.6,19.1
2021-10-03 23:00:00,-5,686617200,18.0,4.09,50.7,63.3,63.6,19.6,19.2
2021-10-03 23:10:00,-5,686617800,17.8,4.09,50.7,63.3,63.6,19.6,19.1
2021-10-03 23:20:00,-5,686618400,17.8,4.08,50.7,63.2,63.7,19.6,19.1
2021-10-03 23:30:00,-5,686619000,18.0,4.08,50.7,63.2,63.7,19.5,19.2
2021-10-03 23:40:00,-5,686619600,18.0,4.08,50.6,63.3,63.6,19.6,19.2
2021-10-03 23:50:00,-5,686620200,18.0,4.08,50.6,63.2,63.7,19.5,19.2
2021-10-04 00:00:00,-5,686620800,18.3,4.08,50.6,63.2,63.7,19.6,19.1
2021-10-04 00:10:00,-5,686621400,18.3,4.08,50.6,63.2,63.7,19.5,19.2
2021-10-04 00:20:00,-5,686622000,18.3,4.08,50.6,63.2,63.6,19.6,19.2
2021-10-04 00:30:00,-5,686622600,18.5,4.08,50.6,63.2,63.7,19.6,19.2
2021-10-04 00:40:00,-5,686623200,18.3,4.08,50.6,63.2,63.7,19.5,19.2
2021-10-04 00:50:00,-5,686623800,18.3,4.08,50.6,63.2,63.7,19.6,19.2
2021-10-04 01:00:00,-5,686624400,18.3,4.08,50.6,63.2,63.8,19.5,19.2
2021-10-04 01:10:00,-5,686625000,18.3,4.08,50.5,63.2,63.8,19.4,19.2
2021-10-04 01:20:00,-5,686625600,18.0,4.08,50.5,63.2,63.6,19.5,19.2
2021-10-04 01:30:00,-5,686626200,18.0,4.08,50.5,63.2,63.7,19.5,19.2
2021-10-04 01:40:00,-5,686626800,17.8,4.08,50.5,63.2,63.8,19.4,19.1
2021-10-04 01:50:00,-5,686627400,17.8,4.08,50.5,63.2,63.8,19.5,19.1
2021-10-04 02:00:00,-5,686628000,17.8,4.08,50.5,63.2,63.6,19.5,19.2
2021-10-04 02:10:00,-5,686628600,18.0,4.08,50.5,63.2,63.6,19.4,19.3
2021-10-04 02:20:00,-5,686629200,18.0,4.08,50.5,63.2,63.7,19.4,19.1
2021-10-04 02:30:00,-5,686629800,17.8,4.08,50.5,63.2,63.6,19.4,19.2
2021-10-04 02:40:00,-5,686630400,17.8,4.08,50.5,63.2,63.8,19.3,19.2
2021-10-04 02:50:00,-5,686631000,17.5,4.08,50.5,63.2,63.7,19.4,19.2
2021-10-04 03:00:00,-5,686631600,17.5,4.08,50.4,63.2,63.8,19.4,19.1
2021-10-04 03:10:00,-5,686632200,17.5,4.08,50.5,63.2,63.6,19.5,19.2
2021-10-04 03:20:00,-5,686632800,17.8,4.08,50.4,63.2,63.8,19.5,19.2
2021-10-04 03:30:00,-5,686633400,17.5,4.08,50.4,63.2,63.7,19.4,19.2
2021-10-04 03:40:00,-5,686634000,17.3,4.08,50.4,63.2,63.8,19.3,19.3
2021-10-04 03:50:00,-5,686634600,17.0,4.08,50.4,63.2,63.8,19.3,19.3
2021-10-04 04:00:00,-5,686635200,17.0,4.08,50.4,63.2,63.8,19.3,19.2
2021-10-04 04:10:00,-5,686635800,17.0,4.08,50.4,63.2,63.8,19.2,19.3
2021-10-04 04:20:00,-5,686636400,17.0,4.08,50.4,63.2,63.7,19.4,19.2
2021-10-04 04:30:00,-5,686637000,17.3,4.08,50.4,63.2,63.8,19.4,19.1
2021-10-04 04:40:00,-5,686637600,17.3,4.08,50.4,63.2,63.8,19.2,19.3
2021-10-04 04:50:00,-5,686638200,17.3,4.08,50.3,63.2,63.8,19.3,19.2
2021-10-04 05:00:00,-5,686638800,17.3,4.08,50.3,63.2,63.8,19.3,19.2
2021-10-04 05:10:00,-5,686639400,17.5,4.08,50.3,63.2,63.7,19.3,19.3
2021-10-04 05:20:00,-5,686640000,17.8,4.08,50.3,63.2,63.8,19.3,19.2
2021-10-04 05:30:00,-5,686640600,18.0,4.08,50.3,63.2,63.8,19.3,19.3
2021-10-04 05:40:00,-5,686641200,18.3,4.08,50.3,63.2,63.8,19.5,19.2
2021-10-04 05:50:00,-5,686641800,18.3,4.08,50.3,63.2,63.8,19.4,19.2
2021-10-04 06:00:00,-5,686642400,18.3,4.08,50.3,63.2,63.8,19.3,19.3
2021-10-04 06:10:00,-5,686643000,18.3,4.08,50.3,63.2,63.8,19.3,19.3
2021-10-04 06:20:00,-5,686643600,18.0,4.08,50.3,63.2,63.7,19.1,19.2
2021-10-04 06:30:00,-5,686644200,18.3,4.08,50.3,63.2,63.8,19.3,19.2
2021-10-04 06:40:00,-5,686644800,18.5,4.08,50.3,63.2,63.7,19.2,19.1
2021-10-04 06:50:00,-5,686645400,19.3,4.08,50.3,63.1,63.7,19.3,19.2
2021-10-04 07:00:00,-5,686646000,20.0,4.08,50.2,63.2,63.7,19.2,19.2
2021-10-04 07:10:00,-5,686646600,20.5,4.08,50.2,63.1,63.8,19.4,19.2
2021-10-04 07:20:00,-5,686647200,21.0,4.08,50.2,63.1,63.8,19.4,19.3
2021-10-04 07:30:00,-5,686647800,21.8,4.08,50.2,63.1,63.8,19.3,19.3
2021-10-04 07:40:00,-5,686648400,22.8,4.08,50.2,63.1,63.8,19.3,19.2
2021-10-04 07:50:00,-5,686649000,23.0,4.08,50.2,63.1,63.8,19.3,19.3
2021-10-04 08:00:00,-5,686649600,23.0,4.08,50.2,63.1,63.8,19.3,19.3
2021-10-04 08:10:00,-5,686650200,23.8,4.08,50.2,63.1,63.8,19.3,19.3
2021-10-04 08:20:00,-5,686650800,23.8,4.08,50.2,63.1,63.7,19.3,19.2
2021-10-04 08:30:00,-5,686651400,24.8,4.08,50.2,63.1,63.8,19.3,19.3
2021-10-04 08:40:00,-5,686652000,25.8,4.08,50.2,63.1,63.8,19.3,19.3
2021-10-04 08:50:00,-5,686652600,26.8,4.08,50.2,63.1,63.8,19.4,19.2
2021-10-04 09:00:00,-5,686653200,26.8,4.08,50.3,63.1,63.7,19.3,19.3
2021-10-04 09:10:00,-5,686653800,27.8,4.09,50.3,63.1,63.8,19.3,19.3
2021-10-04 09:20:00,-5,686654400,28.0,4.09,50.3,63.1,63.8,19.3,19.2
2021-10-04 09:30:00,-5,686655000,32.3,4.09,50.3,63.1,63.8,19.3,19.2
2021-10-04 09:40:00,-5,686655600,36.8,4.09,50.3,63.1,63.8,19.2,19.2
2021-10-04 09:50:00,-5,686656200,38.8,4.09,50.3,63.1,63.8,19.3,19.3
2021-10-04 10:00:00,-5,686656800,39.5,4.09,50.3,63.1,63.7,19.2,19.3
2021-10-04 10:10:00,-5,686657400,35.8,4.09,50.4,63.1,63.8,19.4,19.3
2021-10-04 10:20:00,-5,686658000,38.8,4.09,50.4,63.1,63.8,19.2,19.3
2021-10-04 10:30:00,-5,686658600,36.8,4.09,50.4,63.1,63.8,19.3,19.3
2021-10-04 10:40:00,-5,686659200,35.3,4.09,50.4,63.1,63.8,19.3,19.3
2021-10-04 10:50:00,-5,686659800,36.5,4.11,50.4,63.1,63.7,19.3,19.3
2021-10-04 11:00:00,-5,686660400,38.0,4.11,50.5,63.1,63.7,19.3,19.3
2021-10-04 11:10:00,-5,686661000,37.5,4.11,50.5,63.1,63.8,19.3,19.3
2021-10-04 11:20:00,-5,686661600,34.3,4.11,50.5,63.1,63.7,19.3,19.2
2021-10-04 11:30:00,-5,686662200,38.0,4.11,50.5,63.1,63.8,19.3,19.2
2021-10-04 11:40:00,-5,686662800,43.8,4.11,50.5,63.1,63.8,19.5,19.2
2021-10-04 11:50:00,-5,686663400,45.0,4.11,50.6,63.1,63.7,19.4,19.3
2021-10-04 12:00:00,-5,686664000,48.3,4.11,50.6,63.1,63.8,19.6,19.3
2021-10-04 12:10:00,-5,686664600,47.0,4.11,50.6,63.1,63.8,19.5,19.2
2021-10-04 12:20:00,-5,686665200,47.0,4.11,50.7,63.1,63.6,19.6,19.2
2021-10-04 12:30:00,-5,686665800,45.8,4.11,50.7,63.1,63.8,19.5,19.3
2021-10-04 12:40:00,-5,686666400,39.5,4.11,50.7,63.1,63.7,19.5,19.3
2021-10-04 12:50:00,-5,686667000,36.3,4.11,50.7,63.1,63.8,19.6,19.3
2021-10-04 13:00:00,-5,686667600,37.3,4.11,50.7,63.1,63.8,19.6,19.3
2021-10-04 13:10:00,-5,686668200,39.3,4.11,50.7,63.1,63.8,19.5,19.3
2021-10-04 13:20:00,-5,686668800,37.3,4.11,50.7,63.2,63.8,19.6,19.3
2021-10-04 13:30:00,-5,686669400,34.3,4.11,50.7,63.2,63.8,19.6,19.3
2021-10-04 13:40:00,-5,686670000,35.0,4.11,50.8,63.2,63.8,19.7,19.3
2021-10-04 13:50:00,-5,686670600,40.3,4.11,50.8,63.2,63.8,19.8,19.3
2021-10-04 14:00:00,-5,686671200,42.3,4.11,50.8,63.2,63.6,19.7,19.2
2021-10-04 14:10:00,-5,686671800,42.5,4.11,50.8,63.2,63.8,19.8,19.3
2021-10-04 14:20:00,-5,686672400,37.3,4.11,50.8,63.2,63.7,19.7,19.3
2021-10-04 14:30:00,-5,686673000,40.5,4.11,50.8,63.2,63.8,20.0,19.3
2021-10-04 14:40:00,-5,686673600,43.3,4.11,50.8,63.2,63.7,20.0,19.2
2021-10-04 14:50:00,-5,686674200,42.8,4.11,50.8,63.2,63.8,20.1,19.3
2021-10-04 15:00:00,-5,686674800,42.0,4.11,50.8,63.3,63.6,20.0,19.5
2021-10-04 15:10:00,-5,686675400,39.8,4.11,50.8,63.3,63.7,20.1,19.3
2021-10-04 15:20:00,-5,686676000,40.0,4.11,50.8,63.3,63.6,19.7,19.3
2021-10-04 15:30:00,-5,686676600,39.8,4.11,50.8,63.3,63.7,20.1,19.3
2021-10-04 15:40:00,-5,686677200,39.8,4.11,50.8,63.3,63.8,20.1,19.2
2021-10-04 15:50:00,-5,686677800,39.0,4.11,50.8,63.3,63.8,20.2,19.5
2021-10-04 16:00:00,-5,686678400,37.3,4.11,50.8,63.3,63.6,20.2,19.3
2021-10-04 16:10:00,-5,686679000,36.0,4.11,50.8,63.3,63.7,20.3,19.3
2021-10-04 16:20:00,-5,686679600,34.5,4.11,50.8,63.3,63.7,20.3,19.5
2021-10-04 16:30:00,-5,686680200,33.3,4.11,50.8,63.3,63.7,20.3,19.3
2021-10-04 16:40:00,-5,686680800,31.8,4.11,50.8,63.4,63.7,20.4,19.5
2021-10-04 16:50:00,-5,686681400,29.0,4.11,50.8,63.4,63.7,20.4,19.3
2021-10-04 17:00:00,-5,686682000,26.5,4.09,50.8,63.4,63.6,20.4,19.3
2021-10-04 17:10:00,-5,686682600,24.5,4.09,50.7,63.4,63.8,20.3,19.3
2021-10-04 17:20:00,-5,686683200,22.8,4.09,50.7,63.4,63.8,20.3,19.5
2021-10-04 17:30:00,-5,686683800,21.5,4.09,50.7,63.4,63.8,20.5,19.5
2021-10-04 17:40:00,-5,686684400,20.5,4.09,50.7,63.4,63.7,20.5,19.6
2021-10-04 17:50:00,-5,686685000,20.0,4.09,50.7,63.4,63.8,20.4,19.3
2021-10-04 18:00:00,-5,686685600,19.0,4.09,50.7,63.4,63.7,20.5,19.6
2021-10-04 18:10:00,-5,686686200,18.8,4.09,50.7,63.4,63.7,20.5,19.5
2021-10-04 18:20:00,-5,686686800,19.3,4.09,50.6,63.4,63.8,20.5,19.5
2021-10-04 18:30:00,-5,686687400,19.3,4.09,50.6,63.4,63.8,20.4,19.5
2021-10-04 18:40:00,-5,686688000,19.3,4.09,50.6,63.4,63.7,20.5,19.6
2021-10-04 18:50:00,-5,686688600,18.8,4.09,50.6,63.5,63.7,20.5,19.6
2021-10-04 19:00:00,-5,686689200,18.0,4.09,50.6,63.4,63.8,20.5,19.6
2021-10-04 19:10:00,-5,686689800,18.0,4.09,50.6,63.5,63.7,20.6,19.6
2021-10-04 19:20:00,-5,686690400,17.8,4.09,50.5,63.5,63.8,20.5,19.5
2021-10-04 19:30:00,-5,686691000,17.8,4.09,50.5,63.5,63.7,20.5,19.5
2021-10-04 19:40:00,-5,686691600,17.3,4.09,50.5,63.5,63.7,20.5,19.7
2021-10-04 19:50:00,-5,686692200,17.3,4.09,50.5,63.5,63.8,20.5,19.6
2021-10-04 20:00:00,-5,686692800,17.3,4.09,50.5,63.5,63.7,20.5,19.6
2021-10-04 20:10:00,-5,686693400,17.0,4.09,50.5,63.5,63.8,20.5,19.7
2021-10-04 20:20:00,-5,686694000,17.0,4.09,50.4,63.5,63.8,20.4,19.7
2021-10-04 20:30:00,-5,686694600,17.3,4.09,50.4,63.5,63.8,20.6,19.6
2021-10-04 20:40:00,-5,686695200,17.0,4.09,50.4,63.5,63.8,20.5,19.6
2021-10-04 20:50:00,-5,686695800,16.8,4.09,50.3,63.5,63.8,20.5,19.6
2021-10-04 21:00:00,-5,686696400,17.3,4.09,50.3,63.5,63.7,20.5,19.7
2021-10-04 21:10:00,-5,686697000,17.3,4.09,50.3,63.5,63.7,20.5,19.7
2021-10-04 21:20:00,-5,686697600,17.0,4.09,50.3,63.5,63.7,20.5,19.7
2021-10-04 21:30:00,-5,686698200,17.3,4.09,50.2,63.5,63.7,20.5,19.7
2021-10-04 21:40:00,-5,686698800,17.8,4.09,50.2,63.5,63.8,20.5,19.6
2021-10-04 21:50:00,-5,686699400,18.0,4.09,50.2,63.5,63.7,20.4,19.6
2021-10-04 22:00:00,-5,686700000,18.5,4.09,50.2,63.5,63.7,20.5,19.8
2021-10-04 22:10:00,-5,686700600,18.8,4.09,50.2,63.5,63.8,20.4,19.7
2021-10-04 22:20:00,-5,686701200,18.8,4.09,50.2,63.5,63.7,20.4,19.8
2021-10-04 22:30:00,-5,686701800,19.0,4.09,50.1,63.5,63.8,20.3,19.7
2021-10-04 22:40:00,-5,686702400,19.0,4.09,50.1,63.5,63.7,20.4,19.7
2021-10-04 22:50:00,-5,686703000,19.3,4.09,50.1,63.5,63.9,20.4,19.8
2021-10-04 23:00:00,-5,686703600,19.5,4.09,50.1,63.5,63.7,20.4,19.7
2021-10-04 23:10:00,-5,686704200,19.5,4.09,50.1,63.5,63.7,20.4,19.7
2021-10-04 23:20:00,-5,686704800,19.8,4.09,50.1,63.4,63.9,20.3,19.6
2021-10-04 23:30:00,-5,686705400,19.8,4.09,50.1,63.5,63.9,20.3,19.8
2021-10-04 23:40:00,-5,686706000,19.5,4.09,50.1,63.4,63.9,20.3,19.7
2021-10-04 23:50:00,-5,686706600,19.8,4.08,50.1,63.5,63.9,20.3,19.8
2021-10-05 00:00:00,-5,686707200,19.8,4.09,50.1,63.4,63.9,20.3,19.7
2021-10-05 00:10:00,-5,686707800,20.0,4.08,63.2,63.9,64.0,20.3,19.7
2021-10-05 00:20:00,-5,686708400,20.0,4.08,62.9,64.1,64.0,20.2,19.7
2021-10-05 00:30:00,-5,686709000,20.0,4.08,62.3,64.1,64.0,20.3,19.8
2021-10-05 00:40:00,-5,686709600,19.8,4.08,61.7,64.1,64.0,20.3,19.8
2021-10-05 00:50:00,-5,686710200,19.8,4.08,61.7,64.2,64.0,20.3,19.7
2021-10-05 01:00:00,-5,686710800,19.5,4.08,61.6,64.2,64.0,20.1,19.8
2021-10-05 01:10:00,-5,686711400,19.3,4.08,61.4,64.2,63.9,20.3,19.7
2021-10-05 01:20:00,-5,686712000,19.0,4.08,61.8,64.3,64.0,20.2,19.7
2021-10-05 01:30:00,-5,686712600,19.0,4.08,63.7,64.4,64.1,20.3,19.7
2021-10-05 01:40:00,-5,686713200,19.0,4.08,64.3,64.6,64.1,20.1,19.8
2021-10-05 01:50:00,-5,686713800,19.0,4.08,64.2,65.2,64.1,20.2,19.8
2021-10-05 02:00:00,-5,686714400,18.8,4.08,63.5,65.5,64.1,20.3,19.8
2021-10-05 02:10:00,-5,686715000,18.8,4.08,63.6,65.7,64.1,20.1,19.8
2021-10-05 02:20:00,-5,686715600,18.8,4.08,65.4,66.5,64.1,20.3,19.8
2021-10-05 02:30:00,-5,686716200,18.5,4.08,64.2,66.8,64.6,20.2,19.8
2021-10-05 02:40:00,-5,686716800,18.5,4.08,63.6,67.0,64.9,20.2,19.8
2021-10-05 02:50:00,-5,686717400,18.5,4.08,63.1,66.9,65.4,20.2,19.8
2021-10-05 03:00:00,-5,686718000,18.3,4.08,62.6,66.9,65.5,20.3,19.8
2021-10-05 03:10:00,-5,686718600,18.3,4.08,62.5,66.9,65.5,20.3,20.0
2021-10-05 03:20:00,-5,686719200,18.0,4.08,62.3,66.8,65.6,20.2,19.8
2021-10-05 03:30:00,-5,686719800,18.0,4.08,62.1,66.8,65.6,20.2,19.7
2021-10-05 03:40:00,-5,686720400,18.0,4.08,61.9,66.7,65.6,20.1,19.8
2021-10-05 03:50:00,-5,686721000,18.0,4.08,61.8,66.7,65.7,20.1,19.7
2021-10-05 04:00:00,-5,686721600,18.0,4.08,61.7,66.7,65.6,20.1,19.8
2021-10-05 04:10:00,-5,686722200,18.0,4.08,61.6,66.7,65.6,20.1,19.7
2021-10-05 04:20:00,-5,686722800,18.0,4.08,61.5,66.7,65.6,20.0,19.7
2021-10-05 04:30:00,-5,686723400,18.0,4.08,61.3,66.6,65.6,20.2,20.0
2021-10-05 04:40:00,-5,686724000,18.3,4.08,61.2,66.6,65.7,20.2,20.0
2021-10-05 04:50:00,-5,686724600,18.5,4.08,61.2,66.6,65.7,20.1,20.0
2021-10-05 05:00:00,-5,686725200,18.5,4.08,61.1,66.6,65.7,20.1,19.8
2021-10-05 05:10:00,-5,686725800,18.5,4.08,61.1,66.6,65.7,20.0,20.1
2021-10-05 05:20:00,-5,686726400,18.5,4.08,61.0,66.6,65.7,20.1,19.8
2021-10-05 05:30:00,-5,686727000,18.3,4.08,60.9,66.6,65.6,20.1,19.8
2021-10-05 05:40:00,-5,686727600,18.3,4.08,60.9,66.6,65.7,19.7,19.7
2021-10-05 05:50:00,-5,686728200,18.0,4.08,60.8,66.6,65.7,20.1,20.0
2021-10-05 06:00:00,-5,686728800,18.0,4.08,60.7,66.6,65.6,20.1,19.7
2021-10-05 06:10:00,-5,686729400,18.0,4.08,60.7,66.6,65.7,20.1,19.8
2021-10-05 06:20:00,-5,686730000,17.8,4.08,60.6,66.6,65.6,20.0,19.7
2021-10-05 06:30:00,-5,686730600,17.8,4.08,60.6,66.6,65.7,19.8,19.7
2021-10-05 06:40:00,-5,686731200,17.8,4.08,60.5,66.5,65.6,20.2,19.8
2021-10-05 06:50:00,-5,686731800,17.8,4.08,60.5,66.5,65.6,20.0,19.7
2021-10-05 07:10:00,-5,686733000,17.8,4.08,60.4,66.5,65.7,19.7,19.8
2021-10-05 07:20:00,-5,686733600,17.5,4.08,60.4,66.5,65.6,20.1,19.8
2021-10-05 07:30:00,-5,686734200,17.8,4.08,60.3,66.5,65.6,19.8,19.8
2021-10-05 07:40:00,-5,686734800,17.8,4.08,60.3,66.5,65.6,20.0,20.0
2021-10-05 07:50:00,-5,686735400,18.0,4.08,60.2,66.5,65.6,19.8,19.7
2021-10-05 08:00:00,-5,686736000,18.0,4.08,60.2,66.5,65.7,20.0,19.7
2021-10-05 08:10:00,-5,686736600,18.0,4.08,60.2,66.5,65.7,20.0,20.0
2021-10-05 08:20:00,-5,686737200,18.5,4.08,60.1,66.5,65.7,20.0,20.1
2021-10-05 08:30:00,-5,686737800,18.5,4.08,60.1,66.5,65.7,20.0,20.1
2021-10-05 08:40:00,-5,686738400,18.8,4.08,60.0,66.5,65.6,20.0,19.7
2021-10-05 08:50:00,-5,686739000,19.3,4.08,60.1,66.5,65.6,19.7,20.1
2021-10-05 09:00:00,-5,686739600,19.3,4.08,60.1,66.5,65.6,19.7,19.8
2021-10-05 09:10:00,-5,686740200,19.8,4.08,59.9,66.4,65.7,20.0,19.8
2021-10-05 09:20:00,-5,686740800,19.5,4.08,60.0,66.5,65.6,20.0,20.1
2021-10-05 09:30:00,-5,686741400,19.5,4.08,59.9,66.5,65.6,19.7,19.7
2021-10-05 09:40:00,-5,686742000,19.8,4.08,59.9,66.4,65.7,19.8,19.8
2021-10-05 09:50:00,-5,686742600,20.0,4.08,59.8,66.4,65.7,19.7,20.1
2021-10-05 10:00:00,-5,686743200,20.5,4.08,59.8,66.4,65.7,19.8,20.1
2021-10-05 10:10:00,-5,686743800,20.5,4.08,59.8,66.4,65.7,19.7,19.8
2021-10-05 10:20:00,-5,686744400,20.8,4.08,59.8,66.4,65.7,19.8,19.7
2021-10-05 10:30:00,-5,686745000,20.5,4.08,59.7,66.4,65.7,20.0,20.1
2021-10-05 10:40:00,-5,686745600,21.0,4.08,59.7,66.4,65.7,19.7,19.8
2021-10-05 10:50:00,-5,686746200,21.0,4.08,59.7,66.4,65.7,20.0,19.7
2021-10-05 11:00:00,-5,686746800,20.8,4.08,59.7,66.4,65.6,19.8,19.8
2021-10-05 11:10:00,-5,686747400,20.8,4.08,59.7,66.4,65.7,20.0,19.8
2021-10-05 11:20:00,-5,686748000,20.5,4.08,59.6,66.4,65.7,20.0,19.7
2021-10-05 11:30:00,-5,686748600,21.0,4.08,59.6,66.4,65.6,19.8,19.7
2021-10-05 11:40:00,-5,686749200,21.5,4.08,59.6,66.4,65.7,20.0,19.8
2021-10-05 11:50:00,-5,686749800,21.5,4.08,59.5,66.4,65.7,19.8,20.1
2021-10-05 12:00:00,-5,686750400,21.3,4.08,59.5,66.4,65.7,20.0,20.0
2021-10-05 12:10:00,-5,686751000,21.3,4.08,59.5,66.4,65.7,20.0,19.8
2021-10-05 12:20:00,-5,686751600,21.5,4.08,59.5,66.4,65.7,20.0,19.8
2021-10-05 12:30:00,-5,686752200,21.5,4.08,59.4,66.4,65.7,19.7,19.8
2021-10-05 12:40:00,-5,686752800,21.8,4.08,59.4,66.4,65.7,19.8,19.8
2021-10-05 12:50:00,-5,686753400,21.5,4.08,59.4,66.4,65.7,19.7,19.8
2021-10-05 13:00:00,-5,686754000,21.0,4.08,59.4,66.3,65.7,19.8,19.7
2021-10-05 13:10:00,-5,686754600,20.8,4.08,59.4,66.4,65.7,19.7,19.8
2021-10-05 13:20:00,-5,686755200,21.5,4.08,59.4,66.3,65.7,19.7,19.8
2021-10-05 13:30:00,-5,686755800,22.3,4.08,59.4,66.4,65.6,19.8,20.1
2021-10-05 13:40:00,-5,686756400,21.8,4.08,59.3,66.3,65.7,20.0,19.8
2021-10-05 13:50:00,-5,686757000,21.3,4.08,59.3,66.3,65.7,19.7,19.8
2021-10-05 14:00:00,-5,686757600,21.5,4.08,59.3,66.3,65.7,19.7,19.8
2021-10-05 14:10:00,-5,686758200,21.5,4.08,59.4,66.4,65.6,19.7,19.8
2021-10-05 14:20:00,-5,686758800,20.8,4.08,59.3,66.3,65.7,20.0,20.0
2021-10-05 14:30:00,-5,686759400,20.8,4.08,59.3,66.3,65.7,19.8,19.8
2021-10-05 14:40:00,-5,686760000,21.0,4.08,59.3,66.3,65.7,19.8,19.7
2021-10-05 14:50:00,-5,686760600,20.8,4.08,59.3,66.3,65.7,19.8,19.8
2021-10-05 15:00:00,-5,686761200,20.5,4.08,59.3,66.4,65.6,19.7,19.8
2021-10-05 15:10:00,-5,686761800,20.3,4.08,59.6,66.4,65.7,19.8,19.8
2021-10-05 15:20:00,-5,686762400,20.3,4.08,59.7,66.4,65.7,19.8,19.8
2021-10-05 15:30:00,-5,686763000,20.3,4.08,59.7,66.3,65.7,19.7,19.8
2021-10-05 15:40:00,-5,686763600,20.0,4.08,59.8,66.3,65.7,19.8,19.8
2021-10-05 15:50:00,-5,686764200,19.8,4.08,59.9,66.4,65.7,20.0,19.8
2021-10-05 16:00:00,-5,686764800,19.5,4.08,59.8,66.4,65.7,19.8,19.7
2021-10-05 16:10:00,-5,686765400,19.5,4.08,59.9,66.3,65.6,19.8,19.8
2021-10-05 16:20:00,-5,686766000,19.5,4.08,59.9,66.4,65.6,19.8,19.8
2021-10-05 16:30:00,-5,686766600,19.5,4.08,59.9,66.3,65.7,19.8,19.8
2021-10-05 16:40:00,-5,686767200,19.3,4.08,60.0,66.4,65.7,19.8,19.7
2021-10-05 16:50:00,-5,686767800,19.3,4.08,59.9,66.4,65.7,19.8,19.8
2021-10-05 17:00:00,-5,686768400,19.0,4.08,59.9,66.3,65.7,19.8,19.8
2021-10-05 17:10:00,-5,686769000,19.0,4.08,59.9,66.4,65.6,19.7,19.8
2021-10-05 17:20:00,-5,686769600,18.8,4.08,59.9,66.3,65.7,19.8,19.8
2021-10-05 17:30:00,-5,686770200,18.5,4.08,59.9,66.4,65.7,20.0,19.8
2021-10-05 17:40:00,-5,686770800,18.3,4.08,59.9,66.4,65.7,19.8,20.1
2021-10-05 17:50:00,-5,686771400,18.3,4.08,60.0,66.4,65.6,20.0,19.8
2021-10-05 18:00:00,-5,686772000,18.3,4.08,59.9,66.4,65.7,19.8,19.7
2021-10-05 18:10:00,-5,686772600,18.3,4.08,59.9,66.4,65.7,19.7,20.1
2021-10-05 18:20:00,-5,686773200,18.3,4.08,59.8,66.4,65.6,19.8,19.8
2021-10-05 18:30:00,-5,686773800,18.0,4.08,59.4,66.4,65.6,19.8,19.8
2021-10-05 18:40:00,-5,686774400,18.3,4.06,59.5,66.4,65.7,19.8,19.8
2021-10-05 18:50:00,-5,686775000,18.0,4.06,59.4,66.4,65.7,19.7,19.8
2021-10-05 19:00:00,-5,686775600,18.0,4.06,59.3,66.4,65.7,19.7,19.8
2021-10-05 19:10:00,-5,686776200,18.0,4.06,59.2,66.4,65.7,19.7,19.8
2021-10-05 19:20:00,-5,686776800,18.0,4.06,59.2,66.4,65.6,19.8,20.1
2021-10-05 19:30:00,-5,686777400,18.0,4.06,59.2,66.4,65.7,20.0,19.8
2021-10-05 19:40:00,-5,686778000,18.0,4.06,59.3,66.4,65.7,19.7,19.8
2021-10-05 19:50:00,-5,686778600,18.0,4.06,59.3,66.4,65.7,19.8,19.8
2021-10-05 20:00:00,-5,686779200,17.8,4.06,59.3,66.4,65.8,19.8,19.7
2021-10-05 20:10:00,-5,686779800,18.0,4.06,59.3,66.4,65.7,19.8,19.8
2021-10-05 20:20:00,-5,686780400,18.0,4.06,59.4,66.4,65.8,19.8,19.8
2021-10-05 20:30:00,-5,686781000,17.8,4.06,59.5,66.4,65.8,19.8,19.8
2021-10-05 20:40:00,-5,686781600,17.8,4.06,59.4,66.4,65.8,20.0,19.8
2021-10-05 20:50:00,-5,686782200,17.8,4.06,59.3,66.4,65.8,19.7,19.7
2021-10-05 21:00:00,-5,686782800,17.8,4.06,59.4,66.4,65.8,19.8,19.8
2021-10-05 21:10:00,-5,686783400,17.8,4.06,59.4,66.4,65.7,19.8,19.8
2021-10-05 21:20:00,-5,686784000,17.8,4.06,59.4,66.4,65.8,19.8,19.8
2021-10-05 21:30:00,-5,686784600,17.8,4.06,59.1,66.4,65.8,19.8,19.8
2021-10-05 21:40:00,-5,686785200,18.0,4.06,59.1,66.4,65.8,19.6,20.1
2021-10-05 21:50:00,-5,686785800,17.8,4.06,59.1,66.4,65.8,19.8,19.7
2021-10-05 22:00:00,-5,686786400,17.8,4.06,59.1,66.4,65.7,19.8,19.8
2021-10-05 22:10:00,-5,686787000,17.8,4.06,59.1,66.4,65.8,19.8,19.8
2021-10-05 22:20:00,-5,686787600,17.8,4.06,59.1,66.4,65.8,19.7,19.7
2021-10-05 22:30:00,-5,686788200,17.5,4.06,59.1,66.4,65.8,19.7,19.8
2021-10-05 22:40:00,-5,686788800,17.5,4.06,59.2,66.4,65.8,19.7,19.8
2021-10-05 22:50:00,-5,686789400,17.5,4.06,59.2,66.4,65.8,19.8,20.1
2021-10-05 23:00:00,-5,686790000,17.5,4.06,59.2,66.4,65.8,19.7,19.8
2021-10-05 23:10:00,-5,686790600,17.5,4.06,59.2,66.4,65.8,19.6,19.7
2021-10-05 23:20:00,-5,686791200,17.5,4.06,59.2,66.4,65.8,19.8,20.1
2021-10-05 23:30:00,-5,686791800,17.5,4.06,59.0,66.3,65.8,19.7,19.8
2021-10-05 23:40:00,-5,686792400,17.5,4.06,59.1,66.4,65.8,19.6,19.7
2021-10-05 23:50:00,-5,686793000,17.5,4.06,59.1,66.4,65.8,19.8,19.7
2021-10-06 00:00:00,-5,686793600,17.5,4.06,59.1,66.4,65.8,19.8,19.8
2021-10-06 00:10:00,-5,686794200,17.5,4.06,59.1,66.3,65.8,19.8,20.1
2021-10-06 00:20:00,-5,686794800,17.5,4.06,59.1,66.3,65.8,19.6,19.6
2021-10-06 00:30:00,-5,686795400,17.3,4.06,59.1,66.4,65.8,19.8,19.7
2021-10-06 00:40:00,-5,686796000,17.3,4.06,60.7,66.4,65.8,19.7,19.8
2021-10-06 00:50:00,-5,686796600,17.3,4.06,60.6,66.4,65.7,19.8,19.8
2021-10-06 01:00:00,-5,686797200,17.3,4.06,60.6,66.4,65.8,19.8,19.8
2021-10-06 01:10:00,-5,686797800,17.3,4.06,60.6,66.4,65.8,19.6,20.1
2021-10-06 01:20:00,-5,686798400,17.3,4.06,60.4,66.4,65.7,19.8,19.8
2021-10-06 01:30:00,-5,686799000,17.0,4.06,60.4,66.4,65.8,19.6,19.8
2021-10-06 01:40:00,-5,686799600,17.0,4.06,60.3,66.4,65.7,19.6,19.8
2021-10-06 01:50:00,-5,686800200,17.3,4.06,60.3,66.4,65.7,19.6,19.7
2021-10-06 02:00:00,-5,686800800,17.0,4.06,60.2,66.4,65.7,19.8,19.8
2021-10-06 02:10:00,-5,686801400,17.0,4.06,60.0,66.4,65.8,19.8,19.8
2021-10-06 02:20:00,-5,686802000,17.0,4.06,59.9,66.4,65.8,19.7,19.8
2021-10-06 02:30:00,-5,686802600,17.0,4.06,59.9,66.4,65.8,19.7,19.8
2021-10-06 02:40:00,-5,686803200,17.0,4.06,59.8,66.4,65.8,19.6,19.8
2021-10-06 02:50:00,-5,686803800,17.0,4.06,59.8,66.4,65.8,19.6,19.8
2021-10-06 03:00:00,-5,686804400,17.0,4.06,59.6,66.3,65.8,19.6,19.8
2021-10-06 03:10:00,-5,686805000,17.0,4.06,59.6,66.3,65.8,19.6,19.8
2021-10-06 03:20:00,-5,686805600,17.0,4.06,59.5,66.3,65.8,19.6,19.8
2021-10-06 03:30:00,-5,686806200,17.0,4.06,59.5,66.3,65.8,19.6,19.7
2021-10-06 03:40:00,-5,686806800,17.0,4.06,59.5,66.3,65.8,19.6,20.1
2021-10-06 03:50:00,-5,686807400,17.0,4.06,59.4,66.3,65.8,19.6,19.8
2021-10-06 04:00:00,-5,686808000,17.0,4.06,59.4,66.3,65.8,19.6,19.8
2021-10-06 04:10:00,-5,686808600,17.0,4.06,59.4,66.3,65.8,19.6,19.8
2021-10-06 04:20:00,-5,686809200,17.0,4.06,59.3,66.3,65.8,19.7,19.8
2021-10-06 04:30:00,-5,686809800,17.0,4.06,59.3,66.3,65.8,19.6,19.8
2021-10-06 04:40:00,-5,686810400,17.0,4.06,59.3,66.3,65.8,19.6,19.7
2021-10-06 04:50:00,-5,686811000,16.8,4.06,59.3,66.3,65.8,19.6,19.8
2021-10-06 05:00:00,-5,686811600,17.0,4.06,59.3,66.3,65.8,19.5,19.8
2021-10-06 05:10:00,-5,686812200,17.0,4.06,59.2,66.3,65.7,19.6,19.7
2021-10-06 05:20:00,-5,686812800,16.8,4.06,59.2,66.3,65.8,19.5,19.8
2021-10-06 05:30:00,-5,686813400,17.0,4.06,59.2,66.3,65.8,19.6,19.8
2021-10-06 05:40:00,-5,686814000,17.0,4.06,59.2,66.3,65.8,19.6,19.7
2021-10-06 05:50:00,-5,686814600,17.0,4.06,59.2,66.3,65.8,19.7,19.8
2021-10-06 06:00:00,-5,686815200,17.0,4.06,59.2,66.3,65.8,19.5,19.8
2021-10-06 06:10:00,-5,686815800,17.0,4.06,59.2,66.3,65.8,19.5,19.8
2021-10-06 06:20:00,-5,686816400,17.0,4.06,59.2,66.3,65.8,19.6,19.8
2021-10-06 06:30:00,-5,686817000,17.3,4.06,59.1,66.3,65.7,19.6,19.8
2021-10-06 06:40:00,-5,686817600,17.3,4.06,59.1,66.3,65.8,19.5,19.8
2021-10-06 06:50:00,-5,686818200,17.5,4.06,59.1,66.3,65.8,19.6,19.8
2021-10-06 07:00:00,-5,686818800,18.0,4.06,59.1,66.3,65.8,19.6,19.8
2021-10-06 07:10:00,-5,686819400,18.3,4.06,59.3,66.3,65.8,19.6,19.7
2021-10-06 07:20:00,-5,686820000,18.5,4.06,59.3,66.3,65.8,19.5,19.7
2021-10-06 07:30:00,-5,686820600,18.8,4.06,59.3,66.3,65.8,19.5,19.7
2021-10-06 07:40:00,-5,686821200,19.0,4.06,59.3,66.3,65.8,19.6,19.7
2021-10-06 07:50:00,-5,686821800,19.0,4.06,59.3,66.3,65.8,19.5,19.7
2021-10-06 08:00:00,-5,686822400,19.3,4.06,59.2,66.3,65.8,19.5,19.8
2021-10-06 08:10:00,-5,686823000,19.8,4.06,59.3,66.3,65.8,19.6,19.7
2021-10-06 08:20:00,-5,686823600,20.3,4.06,59.2,66.3,65.8,19.6,19.7
2021-10-06 08:30:00,-5,686824200,21.3,4.06,59.1,66.3,65.8,19.6,19.8
2021-10-06 08:40:00,-5,686824800,22.3,4.06,59.1,66.3,65.8,19.6,19.8
2021-10-06 08:50:00,-5,686825400,23.0,4.06,59.1,66.3,65.8,19.6,19.8
2021-10-06 09:00:00,-5,686826000,23.0,4.06,59.1,66.3,65.8,19.5,19.8
2021-10-06 09:10:00,-5,686826600,23.0,4.06,59.2,66.3,65.8,19.5,19.7
2021-10-06 09:20:00,-5,686827200,23.3,4.06,59.1,66.3,65.8,19.6,19.7
2021-10-06 09:30:00,-5,686827800,23.0,4.06,59.0,66.3,65.8,19.6,19.7
2021-10-06 09:40:00,-5,686828400,23.0,4.06,59.0,66.3,65.8,19.5,19.8
2021-10-06 09:50:00,-5,686829000,23.0,4.06,59.1,66.3,65.8,19.6,19.8
2021-10-06 10:00:00,-5,686829600,23.5,4.06,59.1,66.3,65.8,19.6,19.8
2021-10-06 10:10:00,-5,686830200,23.8,4.06,59.1,66.3,65.8,19.5,19.7
2021-10-06 10:20:00,-5,686830800,23.0,4.06,59.1,66.3,65.8,19.6,19.7
2021-10-06 10:30:00,-5,686831400,23.8,4.06,59.2,66.3,65.8,19.6,19.7
2021-10-06 10:40:00,-5,686832000,24.0,4.06,59.2,66.3,65.8,19.5,19.7
2021-10-06 10:50:00,-5,686832600,24.5,4.06,59.2,66.3,65.8,19.5,19.7
2021-10-06 11:00:00,-5,686833200,26.8,4.06,59.3,66.3,65.8,19.6,19.7
2021-10-06 11:10:00,-5,686833800,26.3,4.06,59.4,66.3,65.8,19.5,19.7
2021-10-06 11:20:00,-5,686834400,26.5,4.06,59.4,66.3,65.8,19.5,19.7
2021-10-06 11:30:00,-5,686835000,26.3,4.06,59.4,66.3,65.8,19.5,19.7
2021-10-06 11:40:00,-5,686835600,26.0,4.06,59.4,66.3,65.8,19.5,19.6
2021-10-06 11:50:00,-5,686836200,25.8,4.06,59.2,66.3,65.8,19.5,19.8
2021-10-06 12:00:00,-5,686836800,26.0,4.06,59.4,66.3,65.8,19.7,19.7
2021-10-06 12:10:00,-5,686837400,26.0,4.06,59.4,66.3,65.8,19.6,19.7
2021-10-06 12:20:00,-5,686838000,25.8,4.06,59.4,66.3,65.8,19.5,19.6
2021-10-06 12:30:00,-5,686838600,25.3,4.06,59.5,66.3,65.8,19.5,19.7
2021-10-06 12:40:00,-5,686839200,24.5,4.06,59.5,66.3,65.8,19.6,19.7
2021-10-06 12:50:00,-5,686839800,24.5,4.06,59.5,66.3,65.8,19.5,19.6
2021-10-06 13:00:00,-5,686840400,24.3,4.06,59.5,66.3,65.8,19.5,19.7
2021-10-06 13:10:00,-5,686841000,24.8,4.06,59.5,66.3,65.8,19.6,19.7
2021-10-06 13:20:00,-5,686841600,24.8,4.06,59.5,66.3,65.8,19.5,19.7
2021-10-06 13:30:00,-5,686842200,25.3,4.06,59.3,66.3,65.8,19.6,19.7
2021-10-06 13:40:00,-5,686842800,25.5,4.06,59.3,66.3,65.8,19.6,19.7
2021-10-06 13:50:00,-5,686843400,26.3,4.06,59.4,66.3,65.8,19.6,19.6
2021-10-06 14:00:00,-5,686844000,26.3,4.06,59.4,66.3,65.8,19.6,19.6
2021-10-06 14:10:00,-5,686844600,25.8,4.06,59.4,66.3,65.8,19.6,19.7
2021-10-06 14:20:00,-5,686845200,25.3,4.06,59.4,66.3,65.8,19.6,19.8
2021-10-06 14:30:00,-5,686845800,25.5,4.06,59.4,66.3,65.8,19.6,19.6
2021-10-06 14:40:00,-5,686846400,25.3,4.06,59.3,66.3,65.8,19.6,19.7
2021-10-06 14:50:00,-5,686847000,25.3,4.06,59.3,66.3,65.8,19.6,19.7
2021-10-06 15:00:00,-5,686847600,25.8,4.06,59.3,66.3,65.7,19.6,19.6
2021-10-06 15:10:00,-5,686848200,25.5,4.06,59.3,66.3,65.8,19.6,19.8
2021-10-06 15:20:00,-5,686848800,25.8,4.06,59.3,66.3,65.8,19.7,19.7
2021-10-06 15:30:00,-5,686849400,26.5,4.06,59.3,66.3,65.7,19.8,19.8
2021-10-06 15:40:00,-5,686850000,27.3,4.06,59.3,66.3,65.8,19.7,19.7
2021-10-06 15:50:00,-5,686850600,26.3,4.06,59.3,66.3,65.8,19.7,19.7
2021-10-06 16:00:00,-5,686851200,25.3,4.06,59.3,66.3,65.8,19.8,19.6
2021-10-06 16:10:00,-5,686851800,25.3,4.06,59.4,66.3,65.8,19.7,19.6
2021-10-06 16:20:00,-5,686852400,24.5,4.06,59.4,66.3,65.8,19.8,19.7
2021-10-06 16:30:00,-5,686853000,23.8,4.06,59.4,66.3,65.8,19.7,19.7
2021-10-06 16:40:00,-5,686853600,23.3,4.06,59.4,66.3,65.8,19.6,19.7
2021-10-06 16:50:00,-5,686854200,22.5,4.06,59.4,66.3,65.8,19.6,19.8
2021-10-06 17:00:00,-5,686854800,21.5,4.06,59.3,66.3,65.8,19.8,19.7
2021-10-06 17:10:00,-5,686855400,21.3,4.06,59.3,66.3,65.8,19.8,19.7
2021-10-06 17:20:00,-5,686856000,20.5,4.06,59.3,66.3,65.8,19.7,19.7
2021-10-06 17:30:00,-5,686856600,20.0,4.06,59.3,66.3,65.8,19.7,19.7
2021-10-06 17:40:00,-5,686857200,19.3,4.06,59.3,66.3,65.7,19.7,19.7
2021-10-06 17:50:00,-5,686857800,18.5,4.06,59.3,66.3,65.8,19.8,19.7
2021-10-06 18:00:00,-5,686858400,18.3,4.06,59.2,66.3,65.8,19.8,19.7
2021-10-06 18:10:00,-5,686859000,18.0,4.06,59.2,66.3,65.8,19.8,19.7
2021-10-06 18:20:00,-5,686859600,18.0,4.06,59.2,66.3,65.8,19.8,19.7
2021-10-06 18:30:00,-5,686860200,17.8,4.06,59.2,66.3,65.8,19.8,19.7
2021-10-06 18:40:00,-5,686860800,17.8,4.06,59.2,66.3,65.8,19.8,19.7
2021-10-06 18:50:00,-5,686861400,17.3,4.06,59.2,66.3,65.7,19.8,19.7
2021-10-06 19:00:00,-5,686862000,16.8,4.06,59.1,66.3,65.8,19.8,19.8
2021-10-06 19:10:00,-5,686862600,16.0,4.06,59.1,66.3,65.8,19.7,19.8
2021-10-06 19:20:00,-5,686863200,15.3,4.06,59.1,66.3,65.8,19.7,19.7
2021-10-06 19:30:00,-5,686863800,15.0,4.06,59.1,66.3,65.8,19.7,19.7
2021-10-06 19:40:00,-5,686864400,14.8,4.06,59.1,66.3,65.7,19.8,19.7
2021-10-06 19:50:00,-5,686865000,14.8,4.06,59.1,66.3,65.8,19.8,19.8
2021-10-06 20:00:00,-5,686865600,14.8,4.06,59.1,66.3,65.8,19.8,19.7
2021-10-06 20:10:00,-5,686866200,15.0,4.06,59.1,66.3,65.8,19.8,19.7
2021-10-06 20:20:00,-5,686866800,15.5,4.06,59.0,66.3,65.8,19.8,19.7
2021-10-06 20:30:00,-5,686867400,15.5,4.06,59.0,66.3,65.8,19.8,19.7
2021-10-06 20:40:00,-5,686868000,15.8,4.06,59.0,66.3,65.8,19.8,19.8
2021-10-06 20:50:00,-5,686868600,16.3,4.06,58.9,66.3,65.8,19.8,19.8
2021-10-06 21:00:00,-5,686869200,16.5,4.06,58.9,66.3,65.7,19.8,19.8
2021-10-06 21:10:00,-5,686869800,16.8,4.06,58.9,66.3,65.7,19.8,19.8
2021-10-06 21:20:00,-5,686870400,16.8,4.06,58.9,66.3,65.8,19.8,19.7
2021-10-06 21:30:00,-5,686871000,17.0,4.06,58.9,66.3,65.8,19.8,19.8
2021-10-06 21:40:00,-5,686871600,17.0,4.06,58.9,66.3,65.8,19.8,20.1
2021-10-06 21:50:00,-5,686872200,17.0,4.06,58.9,66.3,65.8,19.8,19.7
2021-10-06 22:00:00,-5,686872800,17.0,4.05,58.8,66.3,65.8,19.8,19.7
2021-10-06 22:10:00,-5,686873400,17.0,4.05,58.9,66.3,65.8,19.8,19.8
2021-10-06 22:20:00,-5,686874000,17.0,4.05,58.8,66.3,65.8,19.7,19.8
2021-10-06 22:30:00,-5,686874600,17.0,4.05,58.8,66.3,65.8,19.8,19.8
2021-10-06 22:40:00,-5,686875200,17.0,4.05,58.8,66.3,65.8,19.8,19.8
2021-10-06 22:50:00,-5,686875800,17.0,4.05,58.8,66.3,65.7,19.8,19.7
2021-10-06 23:00:00,-5,686876400,16.8,4.05,58.8,66.3,65.8,19.7,19.8
2021-10-06 23:10:00,-5,686877000,16.8,4.05,58.8,66.3,65.7,19.7,19.8
2021-10-06 23:20:00,-5,686877600,16.5,4.05,58.8,66.3,65.8,19.6,19.8
2021-10-06 23:30:00,-5,686878200,16.3,4.05,58.8,66.3,65.8,19.6,19.7
2021-10-06 23:40:00,-5,686878800,16.3,4.05,58.7,66.3,65.8,19.6,19.8
2021-10-06 23:50:00,-5,686879400,16.0,4.05,58.7,66.3,65.8,19.8,19.8
2021-10-07 00:00:00,-5,686880000,16.3,4.05,58.7,66.3,65.8,19.6,19.8
2021-10-07 00:10:00,-5,686880600,16.3,4.05,58.7,66.3,65.8,19.7,19.8
2021-10-07 00:20:00,-5,686881200,16.5,4.05,58.7,66.3,65.8,19.8,19.8
2021-10-07 00:30:00,-5,686881800,16.5,4.05,58.8,66.3,65.8,19.6,19.8
2021-10-07 00:40:00,-5,686882400,16.5,4.05,58.8,66.3,65.8,19.8,19.8
2021-10-07 00:50:00,-5,686883000,16.5,4.05,58.7,66.3,65.8,19.7,19.8
2021-10-07 01:00:00,-5,686883600,16.8,4.05,58.7,66.3,65.8,19.6,19.8
2021-10-07 01:10:00,-5,686884200,16.8,4.05,58.7,66.3,65.8,19.7,19.8
2021-10-07 01:20:00,-5,686884800,16.8,4.05,58.7,66.3,65.8,19.6,19.8
2021-10-07 01:30:00,-5,686885400,16.8,4.05,58.7,66.3,65.8,19.7,19.8
2021-10-07 01:40:00,-5,686886000,16.8,4.05,58.7,66.3,65.8,19.6,19.7
2021-10-07 01:50:00,-5,686886600,16.5,4.05,58.7,66.3,65.8,19.5,19.8
2021-10-07 02:00:00,-5,686887200,16.5,4.05,58.7,66.3,65.8,19.7,19.8
2021-10-07 02:10:00,-5,686887800,16.3,4.05,58.6,66.3,65.8,19.6,19.7
2021-10-07 02:20:00,-5,686888400,16.3,4.05,58.6,66.3,65.8,19.6,19.7
2021-10-07 02:30:00,-5,686889000,16.3,4.05,58.6,66.3,65.8,19.5,19.8
2021-10-07 02:40:00,-5,686889600,16.3,4.05,58.6,66.3,65.8,19.6,19.8
2021-10-07 02:50:00,-5,686890200,16.3,4.05,58.6,66.3,65.8,19.6,19.7
2021-10-07 03:00:00,-5,686890800,16.3,4.05,58.5,66.3,65.8,19.7,19.8
2021-10-07 03:10:00,-5,686891400,16.5,4.05,58.5,66.3,65.8,19.6,19.8
2021-10-07 03:20:00,-5,686892000,16.5,4.05,58.5,66.3,65.8,19.5,20.1
2021-10-07 03:30:00,-5,686892600,16.5,4.05,58.5,66.2,65.8,19.6,19.7
2021-10-07 03:40:00,-5,686893200,16.5,4.05,58.5,66.2,65.8,19.5,19.7
2021-10-07 03:50:00,-5,686893800,16.8,4.05,58.5,66.2,65.8,19.6,19.8
2021-10-07 04:00:00,-5,686894400,16.8,4.05,58.5,66.2,65.8,19.6,19.8
2021-10-07 04:10:00,-5,686895000,16.8,4.05,58.5,66.2,65.8,19.6,19.8
2021-10-07 04:20:00,-5,686895600,16.8,4.05,58.4,66.3,65.7,19.5,19.8
2021-10-07 04:30:00,-5,686896200,16.8,4.05,58.5,66.2,65.8,19.5,19.8
2021-10-07 04:40:00,-5,686896800,16.5,4.05,58.4,66.2,65.8,19.6,19.8
2021-10-07 04:50:00,-5,686897400,16.5,4.05,58.4,66.2,65.8,19.8,19.7
2021-10-07 05:00:00,-5,686898000,16.5,4.05,58.4,66.2,65.8,19.6,19.7
2021-10-07 05:10:00,-5,686898600,16.3,4.05,58.4,66.2,65.8,19.5,20.1
2021-10-07 05:20:00,-5,686899200,16.3,4.05,58.4,66.2,65.8,19.6,19.8
2021-10-07 05:30:00,-5,686899800,16.0,4.05,58.4,66.2,65.8,19.6,19.8
2021-10-07 05:40:00,-5,686900400,16.0,4.05,58.4,66.2,65.8,19.5,19.8
2021-10-07 05:50:00,-5,686901000,15.8,4.05,58.4,66.2,65.8,19.5,19.8
2021-10-07 06:00:00,-5,686901600,15.8,4.05,58.4,66.2,65.8,19.5,19.8
2021-10-07 06:10:00,-5,686902200,16.0,4.05,58.4,66.2,65.8,19.6,19.8
2021-10-07 06:20:00,-5,686902800,16.0,4.05,58.4,66.2,65.8,19.5,19.7
2021-10-07 06:30:00,-5,686903400,16.5,4.05,58.3,66.2,65.8,19.5,19.7
2021-10-07 06:40:00,-5,686904000,16.8,4.05,58.3,66.2,65.8,19.4,19.7
2021-10-07 06:50:00,-5,686904600,17.3,4.05,58.3,66.2,65.8,19.6,19.8
2021-10-07 07:00:00,-5,686905200,17.8,4.05,58.3,66.2,65.8,19.5,20.1
2021-10-07 07:10:00,-5,686905800,18.3,4.05,58.3,66.2,65.8,19.6,19.8
2021-10-07 07:20:00,-5,686906400,18.8,4.05,58.3,66.2,65.8,19.5,19.8
2021-10-07 07:30:00,-5,686907000,19.3,4.05,58.3,66.2,65.8,19.5,19.8
2021-10-07 07:40:00,-5,686907600,19.5,4.05,58.3,66.2,65.8,19.5,19.6
2021-10-07 07:50:00,-5,686908200,20.3,4.05,58.3,66.2,65.8,19.4,19.7
2021-10-07 08:00:00,-5,686908800,21.0,4.05,58.3,66.2,65.8,19.4,19.8
2021-10-07 08:10:00,-5,686909400,22.8,4.05,58.3,66.1,65.8,19.5,19.7
2021-10-07 08:20:00,-5,686910000,24.0,4.05,58.3,66.2,65.8,19.5,19.7
2021-10-07 08:30:00,-5,686910600,25.0,4.06,58.3,66.2,65.8,19.4,19.7
2021-10-07 08:40:00,-5,686911200,26.8,4.06,58.3,66.2,65.8,19.5,19.7
2021-10-07 08:50:00,-5,686911800,27.3,4.06,58.3,66.1,65.8,19.5,19.6
2021-10-07 09:00:00,-5,686912400,27.0,4.06,58.3,66.1,65.8,19.4,19.7
