SL208 - Mayfly GPLP3 Logger
DateTime_EST,TZ-Offset,Loggertime,BoardTemp_C,Battery_V,Segment1_percent,Segment2_percent,Segment3_percent,T1_degC,T2_degC
2020-07-30 09:50:00,-5,649417800,48.5,4.12,25.0,43.0,43.9,25.7,25.6
2020-07-30 10:50:00,-5,649421400,55.3,4.17,25.2,42.9,43.8,26.0,25.6
2020-07-30 11:50:00,-5,649425000,54.3,4.17,25.4,42.9,43.7,26.3,25.6
2020-07-30 12:00:00,-5,649425600,54.0,4.17,25.4,42.9,43.7,26.3,25.5
2020-07-30 12:10:00,-5,649426200,54.3,4.17,25.5,42.9,43.7,26.3,25.5
2020-07-30 12:30:00,-5,649427400,53.8,4.17,25.5,43.0,43.6,26.5,25.6
2020-07-30 12:40:00,-5,649428000,53.5,4.17,25.6,43.0,43.6,26.5,25.6
2020-07-30 12:50:00,-5,649428600,53.5,4.17,25.6,43.0,43.6,26.5,25.5
2020-07-30 14:00:00,-5,649432800,48.8,4.17,25.8,43.0,43.4,26.8,25.5
2020-07-30 14:20:00,-5,649434000,46.5,4.17,25.8,43.0,43.4,27.0,25.5
2020-07-30 14:30:00,-5,649434600,45.8,4.17,25.8,43.0,43.4,27.0,25.6
2020-07-30 15:00:00,-5,649436400,42.3,4.17,25.8,43.1,43.3,27.0,25.5
2020-07-30 15:10:00,-5,649437000,41.5,4.17,25.8,43.1,43.3,27.2,25.5
2020-07-30 15:30:00,-5,649438200,40.0,4.17,25.8,43.1,43.3,27.3,25.7
2020-07-30 15:50:00,-5,649439400,37.8,4.18,25.9,43.2,43.3,27.3,25.5
2020-07-30 16:00:00,-5,649440000,37.3,4.18,25.9,43.2,43.3,27.4,25.6
2020-07-30 16:10:00,-5,649440600,36.0,4.18,25.9,43.2,43.3,27.4,25.7
2020-07-30 16:20:00,-5,649441200,35.3,4.18,25.9,43.2,43.3,27.4,25.8
2020-07-30 16:30:00,-5,649441800,35.0,4.18,25.8,43.3,43.3,27.5,25.7
2020-07-30 16:40:00,-5,649442400,34.5,4.18,25.8,43.3,43.3,27.5,25.7
2020-07-30 16:50:00,-5,649443000,34.8,4.18,25.8,43.4,43.3,27.6,25.6
2020-07-30 17:00:00,-5,649443600,34.5,4.18,25.8,43.3,43.3,27.5,25.6
2020-07-30 17:10:00,-5,649444200,34.3,4.18,25.8,43.3,43.3,27.6,25.8
2020-07-30 17:20:00,-5,649444800,33.3,4.18,25.8,43.3,43.3,27.6,25.7
2020-07-30 17:30:00,-5,649445400,32.3,4.18,25.8,43.4,43.2,27.6,25.8
2020-07-30 17:50:00,-5,649446600,30.8,4.18,25.8,43.4,43.3,27.6,26.0
2020-07-30 18:00:00,-5,649447200,30.0,4.18,25.8,43.4,43.4,27.6,26.0
2020-07-30 18:10:00,-5,649447800,29.5,4.18,25.7,43.4,43.4,27.6,25.8
2020-07-30 18:20:00,-5,649448400,29.3,4.18,25.7,43.5,43.4,27.6,25.8
2020-07-30 18:30:00,-5,649449000,28.8,4.17,25.7,43.4,43.4,27.6,26.1
2020-07-30 22:30:00,-5,649463400,22.3,4.14,25.2,43.5,43.5,27.6,26.2
2020-07-30 22:40:00,-5,649464000,22.0,4.14,25.1,43.5,43.5,27.6,26.3
2020-07-30 22:50:00,-5,649464600,21.8,4.14,25.1,43.5,43.5,27.5,26.2
2020-07-30 23:00:00,-5,649465200,21.8,4.14,25.1,43.6,43.5,27.5,26.3
2020-07-30 23:10:00,-5,649465800,21.8,4.14,25.1,43.5,43.5,27.3,26.3
2020-07-30 23:20:00,-5,649466400,21.8,4.14,25.0,43.5,43.5,27.5,26.2
2020-07-30 23:30:00,-5,649467000,21.8,4.14,25.0,43.5,43.5,27.5,26.3
2020-07-31 00:00:00,-5,649468800,21.8,4.14,25.0,43.5,43.5,27.3,26.2
2020-07-31 00:10:00,-5,649469400,21.8,4.14,25.0,43.5,43.5,27.4,26.3
2020-07-31 00:20:00,-5,649470000,21.8,4.14,25.0,43.5,43.5,27.4,26.2
2020-07-31 00:30:00,-5,649470600,21.8,4.14,24.9,43.4,43.5,27.3,26.3
2020-07-31 00:40:00,-5,649471200,22.0,4.14,24.9,43.4,43.5,27.1,26.3
2020-07-31 00:50:00,-5,649471800,22.0,4.14,24.9,43.4,43.5,27.2,26.3
2020-07-31 01:00:00,-5,649472400,22.0,4.14,24.8,43.4,43.5,27.3,26.3
2020-07-31 01:10:00,-5,649473000,22.0,4.14,24.8,43.4,43.5,27.1,26.3
2020-07-31 01:20:00,-5,649473600,22.0,4.14,24.8,43.5,43.5,27.1,26.3
2020-07-31 01:40:00,-5,649474800,21.8,4.14,24.7,43.4,43.5,27.1,26.3
2020-07-31 02:10:00,-5,649476600,21.8,4.12,24.7,43.3,43.5,27.1,26.2
2020-07-31 02:30:00,-5,649477800,21.8,4.12,24.6,43.3,43.5,26.8,26.3
2020-07-31 02:40:00,-5,649478400,21.8,4.12,24.6,43.3,43.5,26.8,26.3
2020-07-31 02:50:00,-5,649479000,21.8,4.12,24.5,43.4,43.6,26.8,26.3
2020-07-31 03:10:00,-5,649480200,21.8,4.12,24.5,43.3,43.6,26.7,26.1
2020-07-31 03:20:00,-5,649480800,21.8,4.12,24.5,43.2,43.6,26.7,26.3
2020-07-31 03:40:00,-5,649482000,21.8,4.12,24.4,43.3,43.5,26.7,26.3
2020-07-31 03:50:00,-5,649482600,22.0,4.12,24.5,43.2,43.6,26.7,26.2
2020-07-31 04:00:00,-5,649483200,21.8,4.12,24.4,43.2,43.6,26.6,26.2
2020-07-31 04:10:00,-5,649483800,21.8,4.12,24.4,43.2,43.6,26.6,26.3
2020-07-31 04:20:00,-5,649484400,21.8,4.12,24.4,43.3,43.6,26.5,26.2
2020-07-31 04:30:00,-5,649485000,21.8,4.12,24.4,43.1,43.6,26.5,26.3
2020-07-31 04:40:00,-5,649485600,21.8,4.12,24.4,43.1,43.6,26.5,26.2
2020-07-31 04:50:00,-5,649486200,22.0,4.12,24.4,43.1,43.6,26.6,26.2
2020-07-31 05:00:00,-5,649486800,22.0,4.12,24.4,43.1,43.6,26.6,26.3
2020-07-31 05:10:00,-5,649487400,22.0,4.12,24.3,43.1,43.6,26.5,26.2
2020-07-31 05:20:00,-5,649488000,22.0,4.12,24.3,43.1,43.6,26.5,26.2
2020-07-31 05:30:00,-5,649488600,22.3,4.12,24.3,43.2,43.5,26.5,26.2
2020-07-31 05:40:00,-5,649489200,22.3,4.12,24.3,43.1,43.6,26.5,26.2
2020-07-31 05:50:00,-5,649489800,22.3,4.12,24.2,43.2,43.5,26.5,26.2
2020-07-31 06:00:00,-5,649490400,22.3,4.12,24.3,43.1,43.6,26.5,26.1
2020-07-31 06:10:00,-5,649491000,22.3,4.12,24.3,43.0,43.6,26.5,26.1
2020-07-31 06:20:00,-5,649491600,22.3,4.12,24.2,43.1,43.6,26.3,26.1
2020-07-31 06:30:00,-5,649492200,22.8,4.12,24.2,43.0,43.6,26.5,26.2
2020-07-31 06:40:00,-5,649492800,23.0,4.12,24.2,43.0,43.6,26.3,26.1
2020-07-31 06:50:00,-5,649493400,23.3,4.12,24.2,43.0,43.6,26.5,26.1
2020-07-31 07:00:00,-5,649494000,23.5,4.12,24.2,43.0,43.6,26.4,26.2
2020-07-31 07:10:00,-5,649494600,24.0,4.12,24.2,43.0,43.6,26.4,26.2
2020-07-31 07:20:00,-5,649495200,24.8,4.12,24.2,43.0,43.6,26.3,26.2
2020-07-31 07:30:00,-5,649495800,25.3,4.12,24.2,42.9,43.6,26.3,26.1
2020-07-31 07:40:00,-5,649496400,25.8,4.12,24.1,43.0,43.6,26.3,26.1
2020-07-31 07:50:00,-5,649497000,25.0,4.12,24.2,42.9,43.5,26.3,26.1
2020-07-31 08:00:00,-5,649497600,25.0,4.12,24.2,42.9,43.5,26.3,26.1
2020-07-31 08:20:00,-5,649498800,26.3,4.12,24.2,42.9,43.5,26.2,25.8
2020-07-31 08:30:00,-5,649499400,27.3,4.12,24.2,42.9,43.5,26.1,25.9
2020-07-31 08:40:00,-5,649500000,28.0,4.12,24.2,42.9,43.5,26.1,25.8
2020-07-31 08:50:00,-5,649500600,30.3,4.14,24.2,42.9,43.5,26.1,26.1
2020-07-31 09:00:00,-5,649501200,29.3,4.14,24.2,42.9,43.5,26.1,26.1
2020-07-31 09:20:00,-5,649502400,29.0,4.14,24.2,42.8,43.6,26.2,25.9
2020-07-31 09:30:00,-5,649503000,29.5,4.14,24.2,42.8,43.5,26.1,26.1
2020-07-31 09:40:00,-5,649503600,29.3,4.14,24.1,42.9,43.5,26.1,25.9
2020-07-31 09:50:00,-5,649504200,28.3,4.14,24.2,42.8,43.5,26.1,25.8
2020-07-31 10:30:00,-5,649506600,30.0,4.15,24.2,42.8,43.5,26.1,25.8
2020-07-31 11:40:00,-5,649510800,37.8,4.17,24.3,42.8,43.5,26.1,25.8
2020-07-31 11:50:00,-5,649511400,39.0,4.17,24.3,42.8,43.5,26.1,25.6
2020-07-31 12:00:00,-5,649512000,42.3,4.17,24.3,42.8,43.5,26.1,25.7
2020-07-31 12:10:00,-5,649512600,44.5,4.17,24.3,42.8,43.5,26.2,25.7
2020-07-31 12:30:00,-5,649513800,31.3,4.17,24.3,42.8,43.5,26.1,25.8
2020-07-31 13:00:00,-5,649515600,28.5,4.17,24.4,42.8,43.5,26.1,25.7
2020-07-31 13:10:00,-5,649516200,28.0,4.17,24.4,42.8,43.5,26.2,25.8
2020-07-31 13:30:00,-5,649517400,28.3,4.17,24.4,42.8,43.5,26.2,25.8
2020-07-31 13:50:00,-5,649518600,28.0,4.17,24.4,42.8,43.5,26.3,25.7
2020-07-31 14:00:00,-5,649519200,29.5,4.17,24.3,42.9,43.5,26.2,25.7
2020-07-31 14:20:00,-5,649520400,30.0,4.17,24.4,42.8,43.5,26.3,25.7
2020-07-31 14:50:00,-5,649522200,30.5,4.18,24.4,42.8,43.5,26.3,25.7
2020-07-31 15:20:00,-5,649524000,31.3,4.18,24.4,42.8,43.5,26.3,25.5
2020-07-31 15:30:00,-5,649524600,30.8,4.18,24.4,42.8,43.5,26.2,25.7
2020-07-31 15:40:00,-5,649525200,31.0,4.18,24.4,42.8,43.5,26.3,25.6
2020-07-31 16:00:00,-5,649526400,31.8,4.18,24.3,42.9,43.4,26.2,25.7
2020-07-31 16:10:00,-5,649527000,32.0,4.18,24.4,42.8,43.4,26.2,25.6
2020-07-31 16:50:00,-5,649529400,29.5,4.18,24.4,42.8,43.4,26.4,25.6
2020-07-31 17:40:00,-5,649532400,28.0,4.18,24.4,42.8,43.4,26.3,25.6
2020-07-31 18:50:00,-5,649536600,24.8,4.17,24.4,42.8,43.4,26.3,25.7
2020-07-31 19:00:00,-5,649537200,24.3,4.17,24.4,42.8,43.4,26.4,25.5
2020-07-31 19:40:00,-5,649539600,22.5,4.17,24.4,42.8,43.4,26.4,25.7
2020-07-31 20:20:00,-5,649542000,21.5,4.15,24.2,42.9,43.4,26.3,25.6
2020-07-31 20:30:00,-5,649542600,21.3,4.15,24.3,42.8,43.4,26.2,25.7
2020-07-31 20:40:00,-5,649543200,21.3,4.15,24.2,42.8,43.4,26.3,25.6
2020-07-31 20:50:00,-5,649543800,21.3,4.15,24.2,42.8,43.4,26.3,25.6
2020-07-31 21:30:00,-5,649546200,20.8,4.15,24.1,42.8,43.4,26.3,25.6
2020-07-31 21:50:00,-5,649547400,20.8,4.15,24.1,42.7,43.4,26.2,25.5
2020-07-31 22:00:00,-5,649548000,20.5,4.15,24.1,42.7,43.4,26.3,25.7
2020-07-31 22:10:00,-5,649548600,20.5,4.15,24.0,42.8,43.4,26.1,25.7
2020-07-31 22:20:00,-5,649549200,20.3,4.15,24.0,42.7,43.4,26.2,25.6
2020-07-31 22:40:00,-5,649550400,20.0,4.15,24.0,42.7,43.5,26.2,25.5
2020-08-01 00:10:00,-5,649555800,19.8,4.14,23.8,42.6,43.4,25.8,25.5
2020-08-01 00:20:00,-5,649556400,19.8,4.14,23.8,42.6,43.4,25.7,25.5
2020-08-01 00:40:00,-5,649557600,20.0,4.14,23.7,42.6,43.4,25.8,25.5
2020-08-01 00:50:00,-5,649558200,20.0,4.14,23.6,42.6,43.4,25.8,25.6
2020-08-01 01:00:00,-5,649558800,20.0,4.14,23.6,42.6,43.4,25.7,25.6
2020-08-01 01:10:00,-5,649559400,20.0,4.14,23.6,42.6,43.5,25.8,25.5
2020-08-01 01:20:00,-5,649560000,19.8,4.14,23.5,42.7,43.4,25.7,25.5
2020-08-01 01:40:00,-5,649561200,19.3,4.14,23.5,42.5,43.4,25.6,25.3
2020-08-01 01:50:00,-5,649561800,19.3,4.14,23.4,42.6,43.4,25.5,25.5
2020-08-01 02:00:00,-5,649562400,19.0,4.14,23.4,42.6,43.4,25.6,25.4
2020-08-01 02:10:00,-5,649563000,18.8,4.14,23.4,42.5,43.4,25.5,25.5
2020-08-01 02:20:00,-5,649563600,18.8,4.12,23.4,42.6,43.4,25.5,25.3
2020-08-01 02:30:00,-5,649564200,18.8,4.12,23.4,42.5,43.4,25.5,25.5
2020-08-01 02:40:00,-5,649564800,19.0,4.12,23.4,42.5,43.4,25.4,25.5
2020-08-01 02:50:00,-5,649565400,19.0,4.12,23.4,42.5,43.4,25.4,25.3
2020-08-01 03:00:00,-5,649566000,19.0,4.12,23.3,42.5,43.4,25.3,25.3
2020-08-01 03:30:00,-5,649567800,18.8,4.12,23.3,42.4,43.4,25.3,25.4
2020-08-01 03:40:00,-5,649568400,18.5,4.12,23.2,42.4,43.4,25.2,25.3
2020-08-01 04:00:00,-5,649569600,18.3,4.12,23.2,42.4,43.4,25.2,25.3
2020-08-01 04:10:00,-5,649570200,18.0,4.12,23.2,42.4,43.4,25.2,25.3
2020-08-01 04:20:00,-5,649570800,18.0,4.12,23.2,42.4,43.4,25.3,25.4
2020-08-01 04:30:00,-5,649571400,18.0,4.12,23.1,42.5,43.4,25.2,25.3
2020-08-01 04:40:00,-5,649572000,17.8,4.12,23.1,42.3,43.4,25.1,25.2
2020-08-01 04:50:00,-5,649572600,17.8,4.12,23.1,42.3,43.4,25.1,25.3
2020-08-01 05:00:00,-5,649573200,17.8,4.12,23.1,42.3,43.4,25.2,25.3
2020-08-01 05:10:00,-5,649573800,18.0,4.12,23.0,42.4,43.4,25.1,25.2
2020-08-01 05:20:00,-5,649574400,18.0,4.12,23.0,42.3,43.4,25.1,25.2
2020-08-01 05:40:00,-5,649575600,19.0,4.12,23.0,42.3,43.4,25.1,25.2
2020-08-01 05:50:00,-5,649576200,20.0,4.12,23.0,42.3,43.4,25.1,25.3
2020-08-01 06:40:00,-5,649579200,30.3,4.14,22.9,42.2,43.4,25.1,25.2
2020-08-01 06:50:00,-5,649579800,33.8,4.15,22.8,42.3,43.4,24.8,25.1
2020-08-01 07:00:00,-5,649580400,37.5,4.15,22.8,42.2,43.4,24.8,25.1
2020-08-01 07:10:00,-5,649581000,40.8,4.15,22.8,42.2,43.4,24.8,25.2
2020-08-01 07:20:00,-5,649581600,42.8,4.17,22.8,42.2,43.4,24.8,25.1
2020-08-01 07:30:00,-5,649582200,45.5,4.17,22.8,42.1,43.4,24.8,25.3
2020-08-01 07:40:00,-5,649582800,47.8,4.17,22.9,42.1,43.4,24.8,25.2
2020-08-01 07:50:00,-5,649583400,49.5,4.17,22.9,42.1,43.4,24.8,25.1
2020-08-01 08:00:00,-5,649584000,51.3,4.17,22.9,42.1,43.4,24.7,25.2
2020-08-01 08:30:00,-5,649585800,50.8,4.17,23.0,42.1,43.4,24.8,25.1
2020-08-01 08:40:00,-5,649586400,51.5,4.17,23.1,42.1,43.4,24.8,25.2
2020-08-01 08:50:00,-5,649587000,55.0,4.17,23.1,42.1,43.4,24.8,25.1
2020-08-01 09:00:00,-5,649587600,55.0,4.17,23.1,42.2,43.3,24.8,25.1
2020-08-01 09:10:00,-5,649588200,54.5,4.17,23.2,42.1,43.4,24.8,25.1
2020-08-01 09:20:00,-5,649588800,56.8,4.17,23.3,42.1,43.3,24.8,25.1
2020-08-01 10:20:00,-5,649592400,59.0,4.17,23.7,42.1,43.3,25.2,25.0
2020-08-01 10:50:00,-5,649594200,58.3,4.17,23.8,42.1,43.2,25.2,25.0
2020-08-01 11:10:00,-5,649595400,51.0,4.17,23.9,42.1,43.2,25.3,25.0
2020-08-01 11:50:00,-5,649597800,50.0,4.17,24.1,42.2,43.1,25.6,25.0
2020-08-01 12:00:00,-5,649598400,49.3,4.17,24.1,42.2,43.1,25.6,25.0
2020-08-01 12:10:00,-5,649599000,51.0,4.17,24.2,42.2,43.1,25.6,25.0
2020-08-01 12:30:00,-5,649600200,48.8,4.17,24.2,42.2,43.1,25.8,25.0
2020-08-01 13:20:00,-5,649603200,43.5,4.17,24.4,42.3,43.0,26.0,25.0
2020-08-01 13:40:00,-5,649604400,41.5,4.17,24.5,42.3,43.0,26.3,25.0
2020-08-01 13:50:00,-5,649605000,42.3,4.17,24.5,42.3,43.0,26.3,25.0
2020-08-01 14:00:00,-5,649605600,42.8,4.17,24.5,42.3,43.0,26.3,25.0
2020-08-01 14:10:00,-5,649606200,41.0,4.17,24.5,42.4,43.0,26.3,25.1
2020-08-01 14:20:00,-5,649606800,40.8,4.17,24.5,42.4,43.0,26.4,25.1
2020-08-01 14:50:00,-5,649608600,38.8,4.17,24.6,42.4,42.9,26.5,25.0
2020-08-01 15:00:00,-5,649609200,39.0,4.18,24.6,42.4,42.9,26.5,25.0
2020-08-01 15:20:00,-5,649610400,34.3,4.17,24.6,42.5,42.8,26.5,25.2
2020-08-01 15:30:00,-5,649611000,35.3,4.17,24.6,42.4,42.9,26.6,25.1
2020-08-01 15:50:00,-5,649612200,34.3,4.17,24.6,42.5,42.9,26.6,25.1
2020-08-01 16:40:00,-5,649615200,32.0,4.17,24.6,42.6,42.9,26.8,25.3
2020-08-01 18:00:00,-5,649620000,29.0,4.17,24.5,42.7,42.9,26.8,25.2
2020-08-01 19:00:00,-5,649623600,27.0,4.15,24.4,42.8,42.9,27.0,25.5
2020-08-01 21:50:00,-5,649633800,24.3,4.14,24.0,42.8,43.0,26.7,25.5
2020-08-01 22:00:00,-5,649634400,24.0,4.14,23.9,42.8,43.0,26.7,25.6
2020-08-01 22:20:00,-5,649635600,23.5,4.14,23.9,42.7,43.0,26.7,25.7
2020-08-01 22:30:00,-5,649636200,23.8,4.14,23.9,42.7,43.0,26.7,25.6
2020-08-01 22:40:00,-5,649636800,23.8,4.14,23.9,42.7,43.0,26.7,25.6
2020-08-01 23:30:00,-5,649639800,23.8,4.12,23.8,42.7,43.0,26.6,25.7
2020-08-01 23:40:00,-5,649640400,23.8,4.12,23.7,42.7,43.0,26.6,25.5
2020-08-02 00:30:00,-5,649643400,23.3,4.12,23.6,42.8,43.0,26.5,25.6
2020-08-02 00:50:00,-5,649644600,23.3,4.12,23.6,42.6,43.0,26.5,25.7
2020-08-02 01:40:00,-5,649647600,24.0,4.12,23.6,42.6,43.1,26.5,25.7
2020-08-02 01:50:00,-5,649648200,24.0,4.12,23.5,42.7,43.0,26.5,25.6
2020-08-02 02:00:00,-5,649648800,24.0,4.12,23.5,42.6,43.1,26.5,25.6
2020-08-02 02:20:00,-5,649650000,24.3,4.12,23.5,42.6,43.1,26.5,25.6
2020-08-02 02:30:00,-5,649650600,24.3,4.12,23.5,42.6,43.1,26.5,25.6
2020-08-02 03:00:00,-5,649652400,24.8,4.11,23.5,42.6,43.1,26.4,25.6
2020-08-02 03:10:00,-5,649653000,24.8,4.11,23.5,42.5,43.1,26.3,25.7
2020-08-02 03:30:00,-5,649654200,24.5,4.11,23.5,42.5,43.1,26.3,25.6
2020-08-02 03:40:00,-5,649654800,24.5,4.11,23.4,42.5,43.1,26.2,25.6
2020-08-02 03:50:00,-5,649655400,24.3,4.11,23.4,42.5,43.1,26.3,25.6
2020-08-02 04:00:00,-5,649656000,24.5,4.11,23.4,42.6,43.1,26.3,25.7
2020-08-02 04:10:00,-5,649656600,24.3,4.11,23.4,42.6,43.1,26.1,25.6
2020-08-02 04:50:00,-5,649659000,24.5,4.11,23.4,42.5,43.1,26.3,25.6
2020-08-02 05:20:00,-5,649660800,25.0,4.11,23.4,42.5,43.1,26.2,25.6
2020-08-02 05:30:00,-5,649661400,24.8,4.11,23.4,42.5,43.1,26.2,25.6
2020-08-02 05:40:00,-5,649662000,25.0,4.11,23.4,42.5,43.1,26.1,25.5
2020-08-02 05:50:00,-5,649662600,25.0,4.11,23.4,42.5,43.1,26.2,25.5
2020-08-02 06:00:00,-5,649663200,25.3,4.11,23.3,42.6,43.1,26.1,25.6
2020-08-02 06:10:00,-5,649663800,25.3,4.11,23.4,42.5,43.1,26.1,25.6
2020-08-02 06:20:00,-5,649664400,25.3,4.11,23.3,42.5,43.1,26.1,25.5
2020-08-02 06:40:00,-5,649665600,25.8,4.11,23.3,42.5,43.1,26.1,25.6
2020-08-02 06:50:00,-5,649666200,26.0,4.11,23.3,42.4,43.1,26.1,25.4
2020-08-02 07:20:00,-5,649668000,26.8,4.09,23.3,42.4,43.1,26.1,25.5
2020-08-02 07:40:00,-5,649669200,27.0,4.11,23.3,42.4,43.1,26.1,25.5
2020-08-02 07:50:00,-5,649669800,26.8,4.11,23.3,42.4,43.1,26.1,25.5
2020-08-02 08:00:00,-5,649670400,26.8,4.09,23.3,42.4,43.1,26.1,25.5
2020-08-02 08:40:00,-5,649672800,30.8,4.11,23.3,42.4,43.1,26.1,25.5
2020-08-02 08:50:00,-5,649673400,30.5,4.11,23.3,42.4,43.1,26.1,25.6
2020-08-02 09:00:00,-5,649674000,31.5,4.11,23.2,42.5,43.1,26.1,25.5
2020-08-02 09:10:00,-5,649674600,31.5,4.11,23.3,42.4,43.1,26.1,25.4
2020-08-02 09:40:00,-5,649676400,36.0,4.12,23.3,42.4,43.1,26.1,25.5
2020-08-02 10:10:00,-5,649678200,39.3,4.12,23.3,42.5,43.1,26.1,25.5
2020-08-02 10:50:00,-5,649680600,41.8,4.15,23.5,42.4,43.0,26.1,25.3
2020-08-02 11:20:00,-5,649682400,40.5,4.15,23.6,42.4,43.0,26.1,25.3
2020-08-02 11:40:00,-5,649683600,45.3,4.17,23.6,42.4,43.0,26.1,25.3
2020-08-02 12:20:00,-5,649686000,48.3,4.17,23.8,42.4,43.0,26.3,25.2
2020-08-02 12:40:00,-5,649687200,41.5,4.17,23.9,42.4,43.0,26.3,25.4
2020-08-02 13:00:00,-5,649688400,44.0,4.17,24.0,42.4,43.0,26.3,25.3
2020-08-02 13:20:00,-5,649689600,42.0,4.17,24.0,42.4,42.9,26.5,25.3
2020-08-02 14:30:00,-5,649693800,40.5,4.17,24.1,42.4,42.9,26.6,25.3
2020-08-02 15:00:00,-5,649695600,37.8,4.17,24.2,42.4,42.8,26.6,25.3
2020-08-02 15:10:00,-5,649696200,37.3,4.17,24.2,42.5,42.8,26.7,25.3
2020-08-02 15:20:00,-5,649696800,36.5,4.17,24.2,42.4,42.8,26.8,25.5
2020-08-02 15:30:00,-5,649697400,36.0,4.17,24.2,42.6,42.8,26.8,25.4
2020-08-02 15:50:00,-5,649698600,34.5,4.17,24.3,42.5,42.8,26.8,25.3
2020-08-02 16:10:00,-5,649699800,34.3,4.17,24.3,42.5,42.8,27.0,25.4
2020-08-02 17:20:00,-5,649704000,31.0,4.17,24.3,42.6,42.8,27.2,25.6
2020-08-02 17:50:00,-5,649705800,30.8,4.17,24.2,42.7,42.8,27.2,25.7
2020-08-02 18:00:00,-5,649706400,30.8,4.17,24.2,42.6,42.8,27.2,25.6
2020-08-02 18:10:00,-5,649707000,31.0,4.17,24.2,42.7,42.8,27.2,25.6
2020-08-02 18:20:00,-5,649707600,31.0,4.17,24.2,42.7,42.8,27.3,25.7
2020-08-02 18:40:00,-5,649708800,29.8,4.17,24.2,42.7,42.8,27.2,25.7
2020-08-02 18:50:00,-5,649709400,29.3,4.15,24.2,42.7,42.8,27.2,25.7
2020-08-02 20:00:00,-5,649713600,28.0,4.15,24.0,42.8,42.8,27.2,25.8
2020-08-02 21:50:00,-5,649720200,25.5,4.14,23.8,42.8,42.8,27.2,25.8
2020-08-02 22:40:00,-5,649723200,25.0,4.14,23.7,42.8,42.9,27.2,25.8
2020-08-02 22:50:00,-5,649723800,24.8,4.14,23.7,42.8,42.9,27.1,25.9
2020-08-02 23:10:00,-5,649725000,24.5,4.14,23.7,42.8,42.9,27.1,25.7
2020-08-03 00:20:00,-5,649729200,23.5,4.12,23.5,42.7,42.9,27.1,26.1
2020-08-03 01:00:00,-5,649731600,23.0,4.12,23.4,42.7,42.9,27.1,26.1
2020-08-03 01:50:00,-5,649734600,22.8,4.11,23.3,42.8,42.9,26.8,25.9
2020-08-03 02:00:00,-5,649735200,22.5,4.11,23.3,42.7,42.9,26.8,25.8
2020-08-03 02:20:00,-5,649736400,23.0,4.11,23.3,42.7,42.8,26.8,25.9
2020-08-03 02:50:00,-5,649738200,22.5,4.11,23.2,42.7,42.9,26.8,25.8
2020-08-03 03:10:00,-5,649739400,22.5,4.11,23.2,42.6,42.9,26.7,26.1
2020-08-03 03:30:00,-5,649740600,22.5,4.11,23.1,42.7,42.9,26.6,26.1
2020-08-03 03:40:00,-5,649741200,22.8,4.11,23.1,42.6,42.9,26.6,26.1
2020-08-03 04:00:00,-5,649742400,23.0,4.11,23.0,42.6,42.9,26.6,25.8
2020-08-03 04:30:00,-5,649744200,22.8,4.11,22.9,42.6,42.9,26.6,25.8
2020-08-03 04:40:00,-5,649744800,22.3,4.11,23.0,42.5,42.9,26.5,25.8
2020-08-03 04:50:00,-5,649745400,22.3,4.11,22.9,42.5,42.9,26.5,26.1
2020-08-03 05:00:00,-5,649746000,22.3,4.11,22.9,42.5,42.9,26.5,25.8
2020-08-03 05:10:00,-5,649746600,22.0,4.11,22.9,42.5,42.9,26.6,26.1
2020-08-03 05:40:00,-5,649748400,22.5,4.09,22.8,42.5,42.9,26.5,25.8
2020-08-03 05:50:00,-5,649749000,23.5,4.11,22.8,42.5,42.9,26.4,25.8
2020-08-03 06:10:00,-5,649750200,25.3,4.11,22.8,42.4,42.9,26.3,25.8
2020-08-03 06:20:00,-5,649750800,25.8,4.11,22.7,42.4,42.9,26.3,25.7
2020-08-03 06:30:00,-5,649751400,25.5,4.11,22.7,42.4,42.9,26.3,25.8
2020-08-03 06:40:00,-5,649752000,26.3,4.11,22.7,42.4,42.9,26.3,25.8
2020-08-03 06:50:00,-5,649752600,27.3,4.11,22.7,42.5,42.9,26.2,25.8
2020-08-03 07:00:00,-5,649753200,28.5,4.11,22.7,42.4,42.9,26.3,25.7
2020-08-03 07:10:00,-5,649753800,28.8,4.12,22.7,42.4,42.9,26.3,25.8
2020-08-03 07:20:00,-5,649754400,32.8,4.12,22.7,42.4,42.9,26.2,25.8
2020-08-03 07:40:00,-5,649755600,42.8,4.14,22.6,42.4,42.9,26.1,25.8
2020-08-03 08:00:00,-5,649756800,46.8,4.15,22.7,42.3,42.9,26.2,25.8
2020-08-03 08:20:00,-5,649758000,51.3,4.15,22.7,42.3,42.9,26.1,25.7
2020-08-03 08:30:00,-5,649758600,53.5,4.17,22.8,42.3,42.9,26.1,25.7
2020-08-03 08:40:00,-5,649759200,53.3,4.15,22.8,42.4,42.9,26.1,25.7
2020-08-03 08:50:00,-5,649759800,53.3,4.17,22.9,42.3,42.9,26.1,25.8
2020-08-03 09:10:00,-5,649761000,53.5,4.17,23.0,42.3,42.7,26.1,25.6
2020-08-03 09:30:00,-5,649762200,55.0,4.17,23.0,42.3,42.8,26.1,25.5
2020-08-03 09:40:00,-5,649762800,55.3,4.17,23.1,42.2,42.8,26.3,25.7
2020-08-03 10:00:00,-5,649764000,57.3,4.17,23.1,42.2,42.8,26.3,25.8
2020-08-03 12:30:00,-5,649773000,49.0,4.17,23.6,42.3,42.6,26.7,25.6
2020-08-03 13:40:00,-5,649777200,44.3,4.17,23.8,42.3,42.6,27.0,25.6
2020-08-03 14:10:00,-5,649779000,43.8,4.17,23.7,42.5,42.5,27.1,25.7
2020-08-03 14:50:00,-5,649781400,40.8,4.17,23.8,42.4,42.5,27.3,25.6
2020-08-03 15:10:00,-5,649782600,40.3,4.17,23.8,42.4,42.4,27.4,25.7
2020-08-03 15:30:00,-5,649783800,39.3,4.17,23.8,42.5,42.5,27.3,25.8
2020-08-03 15:40:00,-5,649784400,38.3,4.17,23.8,42.5,42.4,27.4,25.8
2020-08-03 15:50:00,-5,649785000,36.5,4.18,23.8,42.5,42.4,27.4,25.8
2020-08-03 16:00:00,-5,649785600,34.8,4.18,23.8,42.5,42.4,27.5,25.7
2020-08-03 16:20:00,-5,649786800,30.8,4.17,23.8,42.6,42.4,27.5,25.7
2020-08-03 16:30:00,-5,649787400,30.5,4.17,23.8,42.6,42.4,27.5,25.8
2020-08-03 17:00:00,-5,649789200,30.0,4.17,23.8,42.6,42.5,27.5,25.8
2020-08-03 17:10:00,-5,649789800,29.5,4.17,23.8,42.6,42.5,27.6,26.0
2020-08-03 17:20:00,-5,649790400,29.0,4.17,23.7,42.6,42.5,27.6,26.0
2020-08-03 17:30:00,-5,649791000,28.0,4.17,23.7,42.6,42.5,27.7,26.1
2020-08-03 17:40:00,-5,649791600,27.3,4.17,23.7,42.7,42.5,27.6,26.0
2020-08-03 17:50:00,-5,649792200,26.8,4.17,23.7,42.6,42.5,27.6,26.1
2020-08-03 18:00:00,-5,649792800,26.5,4.17,23.7,42.7,42.5,27.7,26.1
2020-08-03 18:10:00,-5,649793400,26.0,4.17,23.6,42.7,42.5,27.6,26.1
2020-08-03 19:00:00,-5,649796400,25.3,4.17,23.5,42.7,42.5,27.7,26.2
2020-08-03 19:20:00,-5,649797600,24.5,4.17,23.4,42.8,42.5,27.6,26.1
2020-08-03 19:40:00,-5,649798800,23.5,4.17,23.4,42.7,42.5,27.6,26.2
2020-08-03 20:50:00,-5,649803000,22.5,4.15,23.2,42.7,42.5,27.5,26.2
2020-08-03 21:10:00,-5,649804200,22.3,4.15,23.1,42.8,42.5,27.3,26.2
2020-08-03 21:20:00,-5,649804800,22.3,4.15,23.1,42.7,42.5,27.5,26.3
2020-08-03 21:50:00,-5,649806600,22.0,4.15,23.1,42.7,42.6,27.4,26.2
2020-08-03 22:00:00,-5,649807200,22.0,4.14,23.0,42.6,42.5,27.4,26.3
2020-08-03 22:10:00,-5,649807800,22.3,4.15,23.0,42.6,42.6,27.3,26.2
2020-08-03 22:20:00,-5,649808400,22.3,4.14,23.0,42.6,42.6,27.3,26.3
2020-08-03 22:40:00,-5,649809600,22.3,4.14,22.9,42.7,42.6,27.3,26.3
2020-08-03 22:50:00,-5,649810200,22.5,4.14,22.9,42.6,42.6,27.3,26.3
2020-08-03 23:00:00,-5,649810800,22.5,4.14,22.9,42.6,42.6,27.2,26.1
2020-08-03 23:10:00,-5,649811400,22.8,4.14,22.8,42.6,42.6,27.1,26.3
2020-08-03 23:20:00,-5,649812000,23.0,4.14,22.8,42.6,42.6,27.1,26.3
2020-08-03 23:40:00,-5,649813200,22.5,4.14,22.8,42.6,42.6,27.1,26.3
2020-08-03 23:50:00,-5,649813800,22.5,4.14,22.7,42.6,42.6,27.1,26.3
2020-08-04 00:00:00,-5,649814400,22.0,4.14,22.7,42.6,42.6,27.1,26.2
2020-08-04 00:10:00,-5,649815000,22.3,4.14,22.7,42.5,42.6,27.1,26.2
2020-08-04 00:50:00,-5,649817400,22.0,4.14,22.6,42.5,42.6,27.1,26.3
2020-08-04 01:00:00,-5,649818000,22.0,4.12,22.6,42.5,42.6,27.1,26.2
2020-08-04 01:20:00,-5,649819200,22.0,4.12,22.5,42.5,42.6,26.8,26.1
2020-08-04 01:30:00,-5,649819800,22.0,4.12,22.5,42.5,42.6,26.7,26.3
2020-08-04 01:40:00,-5,649820400,21.8,4.12,22.5,42.4,42.6,26.8,26.3
2020-08-04 01:50:00,-5,649821000,22.0,4.12,22.5,42.4,42.6,26.8,26.3
2020-08-04 02:00:00,-5,649821600,22.0,4.12,22.4,42.5,42.6,26.7,26.2
2020-08-04 02:10:00,-5,649822200,21.8,4.12,22.4,42.4,42.6,26.6,26.2
2020-08-04 02:20:00,-5,649822800,22.0,4.12,22.4,42.4,42.6,26.8,26.2
2020-08-04 02:30:00,-5,649823400,22.0,4.12,22.4,42.5,42.6,26.7,26.3
2020-08-04 02:40:00,-5,649824000,22.0,4.12,22.4,42.4,42.6,26.7,26.1
2020-08-04 02:50:00,-5,649824600,21.8,4.12,22.5,42.4,42.6,26.7,26.3
2020-08-04 03:10:00,-5,649825800,21.8,4.12,22.5,42.4,42.5,26.6,26.1
2020-08-04 03:30:00,-5,649827000,21.8,4.12,22.4,42.4,42.6,26.6,26.1
2020-08-04 03:50:00,-5,649828200,22.0,4.12,22.4,42.3,42.6,26.6,26.2
2020-08-04 04:00:00,-5,649828800,22.0,4.12,22.4,42.3,42.6,26.6,26.1
2020-08-04 04:10:00,-5,649829400,22.0,4.12,22.3,42.4,42.6,26.5,26.1
2020-08-04 04:20:00,-5,649830000,22.0,4.12,22.3,42.3,42.6,26.5,26.2
2020-08-04 04:30:00,-5,649830600,22.0,4.12,22.3,42.4,42.6,26.5,26.1
2020-08-04 04:40:00,-5,649831200,22.3,4.12,22.4,42.3,42.6,26.5,26.1
2020-08-04 05:00:00,-5,649832400,22.0,4.12,22.5,42.3,42.6,26.5,26.1
2020-08-04 05:10:00,-5,649833000,22.3,4.12,22.4,42.4,42.6,26.4,26.2
2020-08-04 05:20:00,-5,649833600,22.0,4.12,22.4,42.4,42.6,26.3,26.1
2020-08-04 05:30:00,-5,649834200,22.0,4.12,22.5,42.3,42.6,26.3,26.2
2020-08-04 05:40:00,-5,649834800,22.0,4.11,22.5,42.2,42.6,26.3,26.2
2020-08-04 05:50:00,-5,649835400,22.3,4.11,22.5,42.2,42.6,26.3,26.1
2020-08-04 06:00:00,-5,649836000,22.0,4.11,22.6,42.2,42.6,26.3,26.1
2020-08-04 06:20:00,-5,649837200,22.0,4.11,22.7,42.2,42.6,26.3,26.1
2020-08-04 06:30:00,-5,649837800,22.0,4.11,22.8,42.2,42.6,26.2,26.1
2020-08-04 06:40:00,-5,649838400,21.8,4.11,22.8,42.3,42.6,26.1,25.8
2020-08-04 07:10:00,-5,649840200,21.8,4.11,23.1,42.1,42.6,26.1,26.1
2020-08-04 07:20:00,-5,649840800,21.8,4.11,23.2,42.2,42.6,26.1,26.1
2020-08-04 08:30:00,-5,649845000,21.5,4.11,30.1,42.4,42.8,25.8,25.8
2020-08-04 08:40:00,-5,649845600,21.5,4.11,30.5,42.4,42.9,25.7,25.9
2020-08-04 08:50:00,-5,649846200,21.3,4.11,30.9,42.4,43.0,25.8,25.7
2020-08-04 09:00:00,-5,649846800,21.0,4.11,32.4,42.6,43.2,25.6,25.8
2020-08-04 09:10:00,-5,649847400,21.5,4.09,49.4,43.3,43.6,25.5,25.8
2020-08-04 09:20:00,-5,649848000,22.0,4.09,59.1,54.4,48.4,25.1,25.7
2020-08-04 09:30:00,-5,649848600,22.5,4.09,58.4,56.1,51.7,25.1,25.7
2020-08-04 09:40:00,-5,649849200,22.5,4.09,56.9,57.1,53.5,25.0,25.5
2020-08-04 10:00:00,-5,649850400,22.5,4.09,58.8,58.3,56.0,24.8,25.5
2020-08-04 10:10:00,-5,649851000,22.3,4.09,59.0,58.5,57.4,24.7,25.5
2020-08-04 10:20:00,-5,649851600,22.5,4.09,59.1,58.5,58.3,24.6,25.2
2020-08-04 10:30:00,-5,649852200,22.8,4.09,58.2,58.6,58.6,24.5,25.2
2020-08-04 10:40:00,-5,649852800,22.3,4.09,57.9,58.3,58.4,24.5,25.1
2020-08-04 10:50:00,-5,649853400,21.8,4.09,57.8,58.1,58.2,24.4,25.0
2020-08-04 11:00:00,-5,649854000,22.3,4.09,57.2,57.9,57.6,24.3,25.1
2020-08-04 11:10:00,-5,649854600,22.5,4.11,57.2,57.7,57.5,24.3,25.1
2020-08-04 11:20:00,-5,649855200,22.0,4.11,57.0,57.7,57.5,24.3,25.1
2020-08-04 11:30:00,-5,649855800,21.5,4.11,56.9,57.7,57.4,24.3,24.9
2020-08-04 11:40:00,-5,649856400,22.3,4.11,57.0,57.7,57.4,24.3,25.1
2020-08-04 11:50:00,-5,649857000,23.0,4.11,56.7,57.8,57.3,24.3,25.1
2020-08-04 12:10:00,-5,649858200,24.3,4.11,55.7,57.7,57.3,24.3,25.0
2020-08-04 12:20:00,-5,649858800,26.5,4.12,54.8,57.7,57.1,24.3,25.1
2020-08-04 13:10:00,-5,649861800,30.8,4.14,53.1,57.7,57.1,24.4,25.0
2020-08-04 13:20:00,-5,649862400,32.8,4.14,52.8,57.7,57.1,24.3,24.8
2020-08-04 13:40:00,-5,649863600,33.3,4.14,52.5,57.7,57.2,24.3,24.8
2020-08-04 13:50:00,-5,649864200,34.0,4.14,52.2,57.7,57.2,24.2,24.8
2020-08-04 14:00:00,-5,649864800,35.8,4.15,52.1,57.6,57.2,24.2,24.8
2020-08-04 14:10:00,-5,649865400,31.8,4.15,51.9,57.7,57.2,24.3,24.8
2020-08-04 14:20:00,-5,649866000,30.5,4.15,51.8,57.6,57.2,24.3,24.8
2020-08-04 14:30:00,-5,649866600,29.8,4.15,51.6,57.6,57.2,24.3,24.8
2020-08-04 14:40:00,-5,649867200,31.5,4.15,51.5,57.6,57.1,24.3,24.8
2020-08-04 14:50:00,-5,649867800,31.5,4.15,51.3,57.6,57.1,24.3,24.8
2020-08-04 15:00:00,-5,649868400,30.8,4.15,51.1,57.6,57.1,24.3,24.7
2020-08-04 15:10:00,-5,649869000,30.3,4.15,51.0,57.6,57.1,24.3,24.8
2020-08-04 15:20:00,-5,649869600,29.5,4.15,50.9,57.6,57.1,24.3,24.8
2020-08-04 15:30:00,-5,649870200,29.0,4.15,50.7,57.7,57.1,24.3,24.7
2020-08-04 15:40:00,-5,649870800,28.8,4.15,50.6,57.7,57.1,24.3,24.8
2020-08-04 16:00:00,-5,649872000,29.0,4.15,50.4,57.6,57.1,24.3,24.7
2020-08-04 16:10:00,-5,649872600,28.8,4.15,50.4,57.5,57.1,24.3,24.8
2020-08-04 16:20:00,-5,649873200,28.8,4.15,50.2,57.6,57.1,24.3,24.7
2020-08-04 16:30:00,-5,649873800,28.5,4.15,50.2,57.5,57.1,24.3,24.8
2020-08-04 16:50:00,-5,649875000,28.0,4.15,50.1,57.5,57.0,24.5,24.8
2020-08-04 17:00:00,-5,649875600,28.0,4.15,50.0,57.6,57.0,24.3,24.8
2020-08-04 17:10:00,-5,649876200,28.0,4.15,50.0,57.5,57.0,24.5,24.8
2020-08-04 17:20:00,-5,649876800,28.0,4.15,49.9,57.6,57.0,24.4,24.7
2020-08-04 17:30:00,-5,649877400,27.8,4.15,49.9,57.4,57.0,24.5,24.7
2020-08-04 17:40:00,-5,649878000,27.5,4.15,49.8,57.4,57.0,24.5,24.7
2020-08-04 17:50:00,-5,649878600,27.3,4.15,49.7,57.5,57.0,24.4,24.7
2020-08-04 18:00:00,-5,649879200,26.8,4.15,49.6,57.5,57.0,24.6,24.6
2020-08-04 18:10:00,-5,649879800,26.5,4.15,49.6,57.4,57.0,24.6,24.7
2020-08-04 18:20:00,-5,649880400,26.3,4.15,49.6,57.4,57.0,24.5,24.7
2020-08-04 18:30:00,-5,649881000,25.8,4.15,49.5,57.4,57.0,24.5,24.7
2020-08-04 18:40:00,-5,649881600,25.5,4.15,49.5,57.4,57.0,24.5,24.6
2020-08-04 18:50:00,-5,649882200,25.0,4.15,49.5,57.4,57.0,24.5,24.7
2020-08-04 19:10:00,-5,649883400,24.3,4.15,49.3,57.5,56.9,24.5,24.7
2020-08-04 19:20:00,-5,649884000,24.0,4.15,49.3,57.4,56.9,24.5,24.7
2020-08-04 19:30:00,-5,649884600,24.0,4.15,49.2,57.4,56.9,24.6,24.7
2020-08-04 19:40:00,-5,649885200,23.5,4.15,49.2,57.4,56.9,24.6,24.7
2020-08-04 19:50:00,-5,649885800,23.5,4.15,49.1,57.4,56.9,24.6,24.7
2020-08-04 20:00:00,-5,649886400,23.3,4.15,49.1,57.4,56.9,24.6,24.7
2020-08-04 20:10:00,-5,649887000,23.0,4.15,49.1,57.3,56.9,24.6,24.7
2020-08-04 20:20:00,-5,649887600,22.5,4.15,49.0,57.4,56.8,24.6,24.6
2020-08-04 20:30:00,-5,649888200,22.3,4.15,48.9,57.4,56.8,24.6,24.7
2020-08-04 20:50:00,-5,649889400,21.8,4.15,48.9,57.3,56.8,24.6,24.7
2020-08-04 21:00:00,-5,649890000,21.5,4.15,48.8,57.4,56.8,24.6,24.7
2020-08-04 21:10:00,-5,649890600,21.5,4.15,48.7,57.4,56.8,24.6,24.7
2020-08-04 21:20:00,-5,649891200,21.5,4.15,48.8,57.3,56.8,24.6,24.6
2020-08-04 21:30:00,-5,649891800,21.8,4.15,48.7,57.3,56.8,24.6,24.6
2020-08-04 21:40:00,-5,649892400,21.5,4.15,48.7,57.3,56.8,24.6,24.7
2020-08-04 21:50:00,-5,649893000,21.5,4.14,48.6,57.4,56.7,24.7,24.7
2020-08-04 22:00:00,-5,649893600,21.5,4.14,48.6,57.3,56.7,24.7,24.7
2020-08-04 22:10:00,-5,649894200,21.8,4.14,48.5,57.3,56.7,24.7,24.6
2020-08-04 22:20:00,-5,649894800,22.0,4.14,48.5,57.3,56.7,24.6,24.7
2020-08-04 22:30:00,-5,649895400,22.3,4.14,48.5,57.2,56.7,24.6,24.7
2020-08-04 22:50:00,-5,649896600,22.5,4.14,48.4,57.3,56.7,24.6,24.6
2020-08-04 23:00:00,-5,649897200,22.8,4.14,48.5,57.2,56.7,24.6,24.6
2020-08-04 23:10:00,-5,649897800,22.8,4.14,48.4,57.2,56.7,24.6,24.7
2020-08-04 23:20:00,-5,649898400,22.8,4.14,48.4,57.2,56.7,24.6,24.6
2020-08-04 23:30:00,-5,649899000,22.5,4.14,48.4,57.2,56.6,24.6,24.6
2020-08-04 23:40:00,-5,649899600,22.3,4.14,48.4,57.2,56.6,24.6,24.7
2020-08-04 23:50:00,-5,649900200,22.0,4.14,48.4,57.2,56.6,24.6,24.7
2020-08-05 00:00:00,-5,649900800,21.8,4.14,48.3,57.2,56.6,24.6,24.7
2020-08-05 00:10:00,-5,649901400,22.0,4.14,48.2,57.3,56.6,24.6,24.7
2020-08-05 00:20:00,-5,649902000,22.0,4.14,48.3,57.2,56.6,24.6,24.7
2020-08-05 00:30:00,-5,649902600,22.0,4.14,48.2,57.2,56.6,24.6,24.6
2020-08-05 00:40:00,-5,649903200,21.5,4.14,48.2,57.2,56.6,24.6,24.6
2020-08-05 00:50:00,-5,649903800,21.0,4.14,48.1,57.2,56.6,24.5,24.6
2020-08-05 01:00:00,-5,649904400,20.5,4.14,48.2,57.2,56.4,24.6,24.6
2020-08-05 01:10:00,-5,649905000,20.3,4.14,48.1,57.1,56.5,24.6,24.6
2020-08-05 01:20:00,-5,649905600,20.3,4.14,48.1,57.2,56.5,24.6,24.6
2020-08-05 01:30:00,-5,649906200,20.0,4.14,48.1,57.1,56.5,24.5,24.6
2020-08-05 01:40:00,-5,649906800,20.0,4.14,48.1,57.1,56.5,24.6,24.7
2020-08-05 02:00:00,-5,649908000,20.0,4.14,48.0,57.1,56.5,24.5,24.6
2020-08-05 02:10:00,-5,649908600,19.8,4.12,48.0,57.1,56.5,24.5,24.6
2020-08-05 02:20:00,-5,649909200,20.0,4.14,47.9,57.2,56.5,24.5,24.6
2020-08-05 02:40:00,-5,649910400,19.3,4.12,47.9,57.1,56.5,24.5,24.6
2020-08-05 02:50:00,-5,649911000,19.0,4.12,47.9,57.1,56.5,24.5,24.6
2020-08-05 03:00:00,-5,649911600,18.8,4.12,47.8,57.1,56.5,24.5,24.7
2020-08-05 03:10:00,-5,649912200,18.8,4.12,47.8,57.1,56.5,24.4,24.6
2020-08-05 03:20:00,-5,649912800,19.0,4.12,47.7,57.1,56.4,24.5,24.6
2020-08-05 03:30:00,-5,649913400,19.0,4.12,47.7,57.0,56.4,24.5,24.6
2020-08-05 03:40:00,-5,649914000,19.0,4.12,47.7,57.0,56.4,24.5,24.6
2020-08-05 03:50:00,-5,649914600,19.0,4.12,47.7,57.0,56.4,24.6,24.5
2020-08-05 04:00:00,-5,649915200,19.0,4.12,47.6,57.1,56.4,24.4,24.6
2020-08-05 04:10:00,-5,649915800,18.8,4.12,47.6,57.0,56.4,24.5,24.5
2020-08-05 04:20:00,-5,649916400,18.5,4.12,47.6,57.0,56.4,24.5,24.6
2020-08-05 04:30:00,-5,649917000,18.5,4.12,47.5,57.1,56.4,24.5,24.6
2020-08-05 04:40:00,-5,649917600,18.5,4.12,47.6,57.0,56.4,24.4,24.6
2020-08-05 04:50:00,-5,649918200,18.5,4.12,47.5,56.9,56.4,24.4,24.6
2020-08-05 05:00:00,-5,649918800,18.5,4.12,47.5,57.0,56.4,24.5,24.7
2020-08-05 05:10:00,-5,649919400,18.0,4.12,47.5,56.9,56.4,24.4,24.6
2020-08-05 05:20:00,-5,649920000,18.3,4.12,47.5,56.9,56.4,24.3,24.5
2020-08-05 05:30:00,-5,649920600,18.5,4.12,47.4,57.0,56.3,24.3,24.6
2020-08-05 05:40:00,-5,649921200,18.8,4.12,47.4,57.0,56.3,24.3,24.6
2020-08-05 05:50:00,-5,649921800,21.5,4.14,47.4,56.9,56.4,24.3,24.6
2020-08-05 06:00:00,-5,649922400,23.8,4.14,47.4,56.9,56.3,24.3,24.6
2020-08-05 06:10:00,-5,649923000,27.0,4.14,47.3,56.9,56.3,24.2,24.7
2020-08-05 06:20:00,-5,649923600,30.0,4.15,47.3,56.9,56.3,24.3,24.6
2020-08-05 06:30:00,-5,649924200,32.3,4.15,47.3,56.8,56.3,24.3,24.5
2020-08-05 06:40:00,-5,649924800,35.0,4.15,47.3,56.8,56.3,24.3,24.5
2020-08-05 06:50:00,-5,649925400,37.5,4.17,47.2,56.9,56.3,24.2,24.6
2020-08-05 07:00:00,-5,649926000,39.3,4.17,47.3,56.8,56.3,24.2,24.6
2020-08-05 07:10:00,-5,649926600,40.8,4.17,47.2,56.9,56.3,24.1,24.6
2020-08-05 07:20:00,-5,649927200,41.5,4.17,47.2,56.9,56.3,24.2,24.6
2020-08-05 07:30:00,-5,649927800,42.8,4.17,47.2,56.8,56.3,24.1,24.5
2020-08-05 07:40:00,-5,649928400,44.5,4.17,47.2,56.7,56.2,24.1,24.6
2020-08-05 07:50:00,-5,649929000,45.8,4.17,47.3,56.7,56.2,24.2,24.5
2020-08-05 08:00:00,-5,649929600,46.5,4.17,47.3,56.7,56.2,24.1,24.5
2020-08-05 08:10:00,-5,649930200,46.8,4.17,47.3,56.7,56.2,24.1,24.6
2020-08-05 08:20:00,-5,649930800,47.5,4.17,47.3,56.7,56.1,24.1,24.6
2020-08-05 08:50:00,-5,649932600,51.5,4.17,47.3,56.6,56.0,24.1,24.5
2020-08-05 09:00:00,-5,649933200,52.8,4.17,47.3,56.6,56.0,24.1,24.5
2020-08-05 09:10:00,-5,649933800,53.3,4.17,47.3,56.6,56.0,24.3,24.5
2020-08-05 09:20:00,-5,649934400,54.3,4.17,47.3,56.7,56.0,24.3,24.5
2020-08-05 09:30:00,-5,649935000,55.0,4.17,47.3,56.7,56.0,24.2,24.5
2020-08-05 09:50:00,-5,649936200,56.5,4.17,47.4,56.6,55.9,24.2,24.5
2020-08-05 10:00:00,-5,649936800,56.5,4.17,47.4,56.6,55.9,24.3,24.5
2020-08-05 10:10:00,-5,649937400,57.0,4.17,47.4,56.5,55.9,24.3,24.5
2020-08-05 10:20:00,-5,649938000,57.0,4.17,47.4,56.5,55.8,24.3,24.5
2020-08-05 10:30:00,-5,649938600,57.3,4.17,47.3,56.6,55.8,24.4,24.4
2020-08-05 10:50:00,-5,649939800,55.3,4.18,47.3,56.6,55.8,24.5,24.5
2020-08-05 11:20:00,-5,649941600,54.5,4.17,47.3,56.5,55.7,24.6,24.5
2020-08-05 11:30:00,-5,649942200,54.5,4.18,47.2,56.5,55.7,24.6,24.5
2020-08-05 11:40:00,-5,649942800,53.8,4.18,47.2,56.5,55.7,24.7,24.5
2020-08-05 11:50:00,-5,649943400,53.0,4.18,47.2,56.5,55.7,24.7,24.5
2020-08-05 12:00:00,-5,649944000,52.8,4.18,47.2,56.5,55.7,24.8,24.5
2020-08-05 12:10:00,-5,649944600,50.5,4.18,47.1,56.5,55.6,24.7,24.5
2020-08-05 12:40:00,-5,649946400,50.3,4.17,47.1,56.5,55.6,24.8,24.3
2020-08-05 12:50:00,-5,649947000,49.3,4.17,47.0,56.6,55.6,24.8,24.4
2020-08-05 13:30:00,-5,649949400,47.3,4.17,46.9,56.5,55.5,25.1,24.5
2020-08-05 13:40:00,-5,649950000,44.8,4.17,46.9,56.5,55.5,25.1,24.5
2020-08-05 14:00:00,-5,649951200,45.0,4.17,46.8,56.5,55.5,25.1,24.5
2020-08-05 14:10:00,-5,649951800,45.0,4.17,46.7,56.6,55.5,25.1,24.5
2020-08-05 14:20:00,-5,649952400,43.5,4.17,46.8,56.5,55.4,25.1,24.5
2020-08-05 14:30:00,-5,649953000,41.3,4.17,46.7,56.5,55.4,25.2,24.6
2020-08-05 14:40:00,-5,649953600,39.3,4.17,46.7,56.5,55.4,25.2,24.6
2020-08-05 15:00:00,-5,649954800,36.3,4.18,46.7,56.5,55.4,25.2,24.3
2020-08-05 15:10:00,-5,649955400,34.3,4.17,46.7,56.5,55.4,25.2,24.5
2020-08-05 15:20:00,-5,649956000,33.0,4.18,46.6,56.5,55.4,25.3,24.6
2020-08-05 15:30:00,-5,649956600,32.3,4.17,46.5,56.6,55.4,25.3,24.5
2020-08-05 15:50:00,-5,649957800,31.0,4.17,46.5,56.5,55.4,25.3,24.5
2020-08-05 16:00:00,-5,649958400,30.5,4.18,46.5,56.5,55.4,25.3,24.6
2020-08-05 16:10:00,-5,649959000,30.5,4.18,46.4,56.6,55.4,25.3,24.5
2020-08-05 16:20:00,-5,649959600,30.0,4.18,46.4,56.5,55.4,25.4,24.6
2020-08-05 16:40:00,-5,649960800,29.0,4.17,46.4,56.5,55.4,25.4,24.6
2020-08-05 16:50:00,-5,649961400,28.5,4.18,46.3,56.6,55.4,25.5,24.6
2020-08-05 17:20:00,-5,649963200,28.0,4.17,46.2,56.5,55.4,25.5,24.6
2020-08-05 17:30:00,-5,649963800,27.5,4.17,46.2,56.5,55.4,25.5,24.6
2020-08-05 17:40:00,-5,649964400,27.3,4.17,46.1,56.6,55.4,25.5,24.7
2020-08-05 17:50:00,-5,649965000,26.8,4.17,46.2,56.5,55.4,25.5,24.7
2020-08-05 18:00:00,-5,649965600,26.5,4.17,46.1,56.5,55.4,25.5,24.7
2020-08-05 18:10:00,-5,649966200,26.3,4.17,46.1,56.5,55.4,25.5,24.7
2020-08-05 18:20:00,-5,649966800,25.8,4.17,46.1,56.5,55.4,25.6,24.6
2020-08-05 18:30:00,-5,649967400,25.3,4.17,46.0,56.6,55.4,25.5,24.7
2020-08-05 18:50:00,-5,649968600,23.8,4.17,46.0,56.6,55.4,25.5,24.7
2020-08-05 19:00:00,-5,649969200,23.3,4.17,46.0,56.5,55.4,25.6,24.6
2020-08-05 19:10:00,-5,649969800,22.3,4.17,45.9,56.5,55.4,25.5,24.6
2020-08-05 19:20:00,-5,649970400,21.5,4.17,45.9,56.5,55.4,25.6,24.7
2020-08-05 19:30:00,-5,649971000,21.0,4.17,45.9,56.5,55.4,25.5,24.7
2020-08-05 19:40:00,-5,649971600,20.5,4.17,45.9,56.5,55.4,25.6,24.7
2020-08-05 19:50:00,-5,649972200,20.5,4.17,45.8,56.4,55.4,25.6,24.7
2020-08-05 20:00:00,-5,649972800,20.3,4.17,45.8,56.5,55.4,25.4,24.7
2020-08-05 20:10:00,-5,649973400,20.0,4.17,45.8,56.4,55.4,25.4,24.7
2020-08-05 20:20:00,-5,649974000,19.8,4.17,45.8,56.4,55.4,25.5,24.7
2020-08-05 20:40:00,-5,649975200,19.5,4.17,45.8,56.4,55.4,25.5,24.7
2020-08-05 20:50:00,-5,649975800,19.5,4.17,45.7,56.4,55.4,25.5,24.8
2020-08-05 21:00:00,-5,649976400,19.5,4.17,45.7,56.4,55.4,25.3,24.7
2020-08-05 21:10:00,-5,649977000,19.3,4.17,45.7,56.4,55.4,25.3,24.7
2020-08-05 21:20:00,-5,649977600,19.0,4.17,45.7,56.4,55.4,25.3,24.8
2020-08-05 21:30:00,-5,649978200,19.0,4.15,45.6,56.4,55.4,25.3,24.7
2020-08-05 21:40:00,-5,649978800,19.3,4.15,45.6,56.4,55.4,25.3,24.7
2020-08-05 21:50:00,-5,649979400,19.0,4.15,45.6,56.4,55.4,25.3,24.7
2020-08-05 22:00:00,-5,649980000,18.8,4.15,45.5,56.4,55.4,25.3,24.7
2020-08-05 22:10:00,-5,649980600,19.0,4.15,45.5,56.3,55.4,25.3,24.7
2020-08-05 22:20:00,-5,649981200,19.0,4.15,45.5,56.3,55.4,25.2,24.7
2020-08-05 22:30:00,-5,649981800,19.0,4.15,45.5,56.3,55.4,25.3,24.8
2020-08-05 22:40:00,-5,649982400,19.0,4.15,45.4,56.3,55.4,25.2,24.7
2020-08-05 22:50:00,-5,649983000,19.0,4.15,45.4,56.4,55.4,25.2,24.7
2020-08-05 23:00:00,-5,649983600,18.8,4.15,45.4,56.3,55.4,25.1,24.8
2020-08-05 23:10:00,-5,649984200,18.8,4.15,45.4,56.3,55.4,25.2,24.8
2020-08-05 23:20:00,-5,649984800,18.8,4.15,45.3,56.3,55.4,25.2,24.7
2020-08-05 23:30:00,-5,649985400,18.8,4.15,45.3,56.3,55.4,25.1,24.8
2020-08-05 23:40:00,-5,649986000,18.8,4.15,45.3,56.3,55.3,25.1,24.7
2020-08-05 23:50:00,-5,649986600,18.8,4.15,45.3,56.2,55.4,25.1,24.7
2020-08-06 00:30:00,-5,649989000,18.5,4.15,45.2,56.2,55.4,25.1,24.7
2020-08-06 00:50:00,-5,649990200,18.5,4.15,45.2,56.2,55.4,24.8,24.8
2020-08-06 01:10:00,-5,649991400,18.3,4.14,45.1,56.1,55.4,24.8,24.8
2020-08-06 01:20:00,-5,649992000,18.3,4.14,45.1,56.1,55.4,24.8,24.7
2020-08-06 01:30:00,-5,649992600,18.5,4.14,45.0,56.2,55.4,24.8,24.8
2020-08-06 01:40:00,-5,649993200,18.3,4.14,45.0,56.1,55.4,24.8,24.7
2020-08-06 01:50:00,-5,649993800,18.3,4.14,45.0,56.2,55.4,24.8,24.7
2020-08-06 02:00:00,-5,649994400,18.5,4.14,45.0,56.1,55.4,24.8,24.7
2020-08-06 02:10:00,-5,649995000,18.5,4.14,45.0,56.1,55.4,24.8,24.7
2020-08-06 02:20:00,-5,649995600,19.0,4.14,45.0,56.1,55.4,24.7,24.7
2020-08-06 02:30:00,-5,649996200,19.0,4.14,45.0,56.0,55.4,24.7,24.6
2020-08-06 02:40:00,-5,649996800,19.0,4.14,45.0,56.0,55.4,24.8,24.7
2020-08-06 02:50:00,-5,649997400,18.8,4.14,44.9,56.0,55.4,24.8,24.7
2020-08-06 03:00:00,-5,649998000,18.8,4.14,44.9,56.0,55.4,24.7,24.7
2020-08-06 03:10:00,-5,649998600,18.5,4.14,44.9,56.0,55.4,24.6,24.7
2020-08-06 03:20:00,-5,649999200,18.5,4.14,44.8,56.1,55.4,24.6,24.8
2020-08-06 03:30:00,-5,649999800,18.5,4.14,44.9,56.0,55.4,24.6,24.6
2020-08-06 03:40:00,-5,650000400,18.8,4.14,44.8,55.9,55.4,24.5,24.7
2020-08-06 03:50:00,-5,650001000,18.8,4.14,44.8,56.0,55.4,24.5,24.7
2020-08-06 04:00:00,-5,650001600,18.8,4.14,44.8,55.9,55.4,24.5,24.7
2020-08-06 04:10:00,-5,650002200,19.0,4.14,44.8,55.9,55.4,24.6,24.7
2020-08-06 04:20:00,-5,650002800,19.3,4.14,44.7,56.0,55.4,24.6,24.6
2020-08-06 04:30:00,-5,650003400,19.3,4.14,44.7,56.0,55.4,24.5,24.6
2020-08-06 04:40:00,-5,650004000,19.3,4.14,44.8,55.9,55.4,24.5,24.6
2020-08-06 04:50:00,-5,650004600,19.5,4.14,44.7,55.9,55.4,24.4,24.6
2020-08-06 05:00:00,-5,650005200,19.3,4.14,44.7,55.8,55.4,24.6,24.7
2020-08-06 05:10:00,-5,650005800,19.5,4.14,44.7,55.8,55.4,24.5,24.6
2020-08-06 05:20:00,-5,650006400,19.5,4.14,44.7,55.8,55.4,24.4,24.7
2020-08-06 05:30:00,-5,650007000,19.8,4.14,44.7,55.8,55.4,24.5,24.6
2020-08-06 05:40:00,-5,650007600,19.8,4.14,44.6,55.9,55.4,24.5,24.6
2020-08-06 05:50:00,-5,650008200,19.8,4.14,44.7,55.8,55.4,24.3,24.6
2020-08-06 06:00:00,-5,650008800,19.8,4.14,44.7,55.8,55.3,24.3,24.6
2020-08-06 06:10:00,-5,650009400,19.8,4.14,44.7,55.8,55.4,24.3,24.6
2020-08-06 06:20:00,-5,650010000,19.8,4.14,44.7,55.7,55.3,24.3,24.6
2020-08-06 06:30:00,-5,650010600,19.8,4.14,44.6,55.8,55.3,24.3,24.5
2020-08-06 06:40:00,-5,650011200,19.8,4.14,44.7,55.7,55.3,24.3,24.6
2020-08-06 06:50:00,-5,650011800,20.0,4.14,44.6,55.8,55.3,24.2,24.6
2020-08-06 07:00:00,-5,650012400,19.8,4.14,44.7,55.7,55.3,24.3,24.6
2020-08-06 07:10:00,-5,650013000,19.8,4.14,44.7,55.7,55.3,24.3,24.7
2020-08-06 07:20:00,-5,650013600,19.8,4.14,44.7,55.7,55.3,24.3,24.5
2020-08-06 07:30:00,-5,650014200,19.8,4.14,44.7,55.8,55.3,24.2,24.6
2020-08-06 07:40:00,-5,650014800,20.0,4.14,44.8,55.7,55.3,24.2,24.6
2020-08-06 07:50:00,-5,650015400,20.0,4.14,44.7,55.7,55.3,24.1,24.5
2020-08-06 08:00:00,-5,650016000,21.0,4.14,44.8,55.7,55.3,24.1,24.6
2020-08-06 08:10:00,-5,650016600,22.5,4.14,44.8,55.7,55.3,24.1,24.6
2020-08-06 08:20:00,-5,650017200,23.8,4.14,44.9,55.7,55.3,24.2,24.5
2020-08-06 08:30:00,-5,650017800,25.3,4.14,45.0,55.6,55.3,24.1,24.5
2020-08-06 08:40:00,-5,650018400,26.0,4.14,45.0,55.6,55.3,24.1,24.5
2020-08-06 08:50:00,-5,650019000,27.0,4.15,45.0,55.6,55.3,24.1,24.5
2020-08-06 09:00:00,-5,650019600,29.5,4.15,45.1,55.6,55.3,24.2,24.6
2020-08-06 09:10:00,-5,650020200,32.3,4.15,45.1,55.6,55.3,24.1,24.3
2020-08-06 09:20:00,-5,650020800,32.3,4.17,45.1,55.6,55.3,24.1,24.4
2020-08-06 09:30:00,-5,650021400,32.0,4.17,45.1,55.7,55.3,24.1,24.3
2020-08-06 09:40:00,-5,650022000,35.0,4.17,45.2,55.6,55.3,24.1,24.5
2020-08-06 09:50:00,-5,650022600,36.8,4.17,45.2,55.6,55.3,24.1,24.5
2020-08-06 10:00:00,-5,650023200,33.5,4.17,45.2,55.7,55.2,24.1,24.3
2020-08-06 10:10:00,-5,650023800,32.0,4.18,45.3,55.6,55.2,24.1,24.5
2020-08-06 10:20:00,-5,650024400,31.5,4.18,45.3,55.6,55.2,24.1,24.5
2020-08-06 10:30:00,-5,650025000,31.8,4.18,45.3,55.6,55.2,24.1,24.5
2020-08-06 10:50:00,-5,650026200,41.0,4.18,45.3,55.6,55.2,24.1,24.3
2020-08-06 11:00:00,-5,650026800,38.5,4.18,45.3,55.6,55.2,24.1,24.4
2020-08-06 11:10:00,-5,650027400,41.3,4.18,45.3,55.6,55.2,24.1,24.5
2020-08-06 11:20:00,-5,650028000,43.3,4.18,45.4,55.6,55.2,24.1,24.4
2020-08-06 11:30:00,-5,650028600,43.8,4.18,45.4,55.6,55.2,24.1,24.3
2020-08-06 11:40:00,-5,650029200,40.8,4.18,45.4,55.6,55.1,24.2,24.3
2020-08-06 11:50:00,-5,650029800,41.3,4.18,45.4,55.6,55.1,24.2,24.3
2020-08-06 12:00:00,-5,650030400,38.5,4.18,45.4,55.6,55.1,24.1,24.4
2020-08-06 12:10:00,-5,650031000,42.5,4.18,45.4,55.6,55.1,24.2,24.3
2020-08-06 12:20:00,-5,650031600,44.3,4.18,45.4,55.6,55.1,24.2,24.4
2020-08-06 12:40:00,-5,650032800,37.0,4.18,45.5,55.6,55.1,24.1,24.4
2020-08-06 12:50:00,-5,650033400,36.0,4.18,45.4,55.7,55.1,24.2,24.3
2020-08-06 13:10:00,-5,650034600,40.0,4.18,45.5,55.6,55.1,24.2,24.4
2020-08-06 13:20:00,-5,650035200,42.5,4.18,45.5,55.6,55.0,24.3,24.4
2020-08-06 13:30:00,-5,650035800,41.8,4.18,45.5,55.6,55.0,24.4,24.3
2020-08-06 13:40:00,-5,650036400,41.5,4.18,45.5,55.6,55.0,24.3,24.2
2020-08-06 13:50:00,-5,650037000,35.8,4.18,45.5,55.6,55.0,24.3,24.2
2020-08-06 14:00:00,-5,650037600,38.3,4.18,45.5,55.6,55.0,24.3,24.3
2020-08-06 14:10:00,-5,650038200,35.3,4.18,45.5,55.6,55.0,24.4,24.4
2020-08-06 14:20:00,-5,650038800,37.3,4.18,45.5,55.6,54.9,24.3,24.3
2020-08-06 14:30:00,-5,650039400,35.5,4.18,45.5,55.6,54.9,24.4,24.3
2020-08-06 14:40:00,-5,650040000,36.3,4.18,45.5,55.6,54.9,24.5,24.3
2020-08-06 15:00:00,-5,650041200,34.0,4.18,45.4,55.6,54.9,24.5,24.2
2020-08-06 15:10:00,-5,650041800,31.5,4.18,45.5,55.6,55.0,24.4,24.3
2020-08-06 15:20:00,-5,650042400,30.5,4.18,45.5,55.7,55.0,24.6,24.3
2020-08-06 15:30:00,-5,650043000,30.0,4.18,45.5,55.7,54.9,24.6,24.3
2020-08-06 15:50:00,-5,650044200,30.8,4.18,45.4,55.7,54.9,24.6,24.4
2020-08-06 16:10:00,-5,650045400,31.3,4.18,45.4,55.7,54.9,24.7,24.3
2020-08-06 16:20:00,-5,650046000,30.3,4.18,45.3,55.8,54.9,24.6,24.3
2020-08-06 16:40:00,-5,650047200,29.0,4.18,45.4,55.7,54.9,24.6,24.3
2020-08-06 16:50:00,-5,650047800,28.5,4.18,45.3,55.8,54.9,24.7,24.3
2020-08-06 17:10:00,-5,650049000,27.8,4.18,45.3,55.7,54.9,24.7,24.3
2020-08-06 17:30:00,-5,650050200,27.3,4.18,45.3,55.8,54.8,24.8,24.4
2020-08-06 17:40:00,-5,650050800,26.8,4.18,45.3,55.7,54.9,24.7,24.3
2020-08-06 17:50:00,-5,650051400,26.0,4.18,45.3,55.7,54.8,24.6,24.3
2020-08-06 18:00:00,-5,650052000,25.0,4.18,45.3,55.7,54.9,24.7,24.2
2020-08-06 18:10:00,-5,650052600,24.8,4.18,45.3,55.7,54.9,24.7,24.4
2020-08-06 18:20:00,-5,650053200,24.3,4.18,45.2,55.7,54.9,24.8,24.3
2020-08-06 18:30:00,-5,650053800,24.0,4.18,45.2,55.8,54.8,24.6,24.3
2020-08-06 18:40:00,-5,650054400,23.5,4.18,45.2,55.7,54.9,24.7,24.5
2020-08-06 18:50:00,-5,650055000,23.3,4.18,45.2,55.7,54.9,24.7,24.4
2020-08-06 19:00:00,-5,650055600,22.8,4.18,45.1,55.8,54.9,24.8,24.3
2020-08-06 19:10:00,-5,650056200,22.5,4.18,45.1,55.8,54.9,24.7,24.3
2020-08-06 19:20:00,-5,650056800,22.3,4.18,45.2,55.7,54.9,24.7,24.4
2020-08-06 19:30:00,-5,650057400,22.0,4.17,45.2,55.7,54.9,24.7,24.3
2020-08-06 19:40:00,-5,650058000,21.8,4.17,45.1,55.7,54.9,24.8,24.5
2020-08-06 19:50:00,-5,650058600,21.8,4.17,45.1,55.7,54.9,24.7,24.3
2020-08-06 20:00:00,-5,650059200,21.8,4.17,45.1,55.8,54.9,24.8,24.3
2020-08-06 20:10:00,-5,650059800,21.5,4.17,45.0,55.8,54.9,24.7,24.3
2020-08-06 20:30:00,-5,650061000,21.3,4.17,45.1,55.7,54.9,24.8,24.5
2020-08-06 20:40:00,-5,650061600,21.3,4.17,45.1,55.7,54.9,24.6,24.5
2020-08-06 20:50:00,-5,650062200,21.3,4.17,45.0,55.7,54.9,24.8,24.5
2020-08-06 21:00:00,-5,650062800,21.3,4.17,45.0,55.8,54.9,24.7,24.3
2020-08-06 21:10:00,-5,650063400,21.3,4.17,45.0,55.7,54.9,24.7,24.4
2020-08-06 21:20:00,-5,650064000,21.0,4.17,45.0,55.7,54.9,24.7,24.3
2020-08-06 21:30:00,-5,650064600,21.3,4.17,45.0,55.7,54.9,24.7,24.3
2020-08-06 21:40:00,-5,650065200,21.3,4.17,44.9,55.8,54.9,24.7,24.5
2020-08-06 21:50:00,-5,650065800,21.3,4.17,45.0,55.8,54.8,24.8,24.5
2020-08-06 22:00:00,-5,650066400,21.0,4.17,44.9,55.7,54.9,24.6,24.5
2020-08-06 22:10:00,-5,650067000,21.0,4.17,44.9,55.7,54.9,24.7,24.3
2020-08-06 22:20:00,-5,650067600,21.0,4.17,44.9,55.8,54.9,24.7,24.5
2020-08-06 22:30:00,-5,650068200,21.3,4.17,44.8,55.8,54.9,24.7,24.4
2020-08-06 22:40:00,-5,650068800,21.3,4.17,44.9,55.7,54.9,24.7,24.3
2020-08-06 22:50:00,-5,650069400,21.3,4.17,44.9,55.7,54.9,24.6,24.6
2020-08-06 23:00:00,-5,650070000,21.5,4.17,44.9,55.7,54.9,24.6,24.4
2020-08-06 23:10:00,-5,650070600,21.5,4.17,44.8,55.8,54.9,24.7,24.5
2020-08-06 23:20:00,-5,650071200,21.5,4.17,44.8,55.7,54.9,24.6,24.5
2020-08-06 23:30:00,-5,650071800,21.5,4.17,44.8,55.8,54.9,24.6,24.5
2020-08-06 23:40:00,-5,650072400,21.5,4.17,44.8,55.7,54.9,24.5,24.5
2020-08-06 23:50:00,-5,650073000,21.5,4.17,44.8,55.7,54.9,24.6,24.4
2020-08-07 00:00:00,-5,650073600,21.5,4.17,44.8,55.7,54.9,24.6,24.4
2020-08-07 00:10:00,-5,650074200,21.3,4.17,44.7,55.7,54.9,24.6,24.3
2020-08-07 00:20:00,-5,650074800,21.3,4.17,44.7,55.7,54.9,24.5,24.5
2020-08-07 00:30:00,-5,650075400,21.3,4.17,44.8,55.6,54.9,24.5,24.5
2020-08-07 00:40:00,-5,650076000,21.5,4.17,44.8,55.6,54.9,24.5,24.4
2020-08-07 00:50:00,-5,650076600,21.5,4.17,44.8,55.6,54.9,24.5,24.5
2020-08-07 01:00:00,-5,650077200,21.8,4.15,44.7,55.6,54.9,24.5,24.4
2020-08-07 01:10:00,-5,650077800,21.8,4.15,44.7,55.6,54.9,24.5,24.3
2020-08-07 01:20:00,-5,650078400,21.5,4.15,44.7,55.6,54.9,24.5,24.5
2020-08-07 01:30:00,-5,650079000,21.5,4.15,44.7,55.6,54.9,24.5,24.5
2020-08-07 01:40:00,-5,650079600,21.8,4.15,44.7,55.6,54.9,24.5,24.3
2020-08-07 01:50:00,-5,650080200,21.8,4.15,44.7,55.6,54.9,24.5,24.3
2020-08-07 02:00:00,-5,650080800,21.8,4.15,44.7,55.6,54.9,24.4,24.3
2020-08-07 02:10:00,-5,650081400,21.8,4.15,44.7,55.6,54.9,24.5,24.3
2020-08-07 02:20:00,-5,650082000,21.8,4.15,44.6,55.7,54.9,24.3,24.5
2020-08-07 02:30:00,-5,650082600,21.8,4.15,44.6,55.7,54.9,24.4,24.4
2020-08-07 02:40:00,-5,650083200,21.8,4.15,44.7,55.6,54.9,24.5,24.4
2020-08-07 02:50:00,-5,650083800,21.8,4.15,44.7,55.6,54.9,24.4,24.4
2020-08-07 03:00:00,-5,650084400,21.5,4.15,44.6,55.5,54.9,24.4,24.3
2020-08-07 03:20:00,-5,650085600,21.3,4.15,44.6,55.6,54.9,24.3,24.3
2020-08-07 03:30:00,-5,650086200,21.3,4.15,44.6,55.5,54.9,24.3,24.4
2020-08-07 03:40:00,-5,650086800,21.5,4.15,44.6,55.6,54.9,24.3,24.2
2020-08-07 03:50:00,-5,650087400,21.5,4.15,44.6,55.5,54.9,24.3,24.3
2020-08-07 04:00:00,-5,650088000,21.5,4.15,44.6,55.5,54.9,24.3,24.3
2020-08-07 04:10:00,-5,650088600,21.8,4.15,44.6,55.5,54.9,24.4,24.3
2020-08-07 04:20:00,-5,650089200,21.8,4.15,44.6,55.5,54.9,24.3,24.3
2020-08-07 04:30:00,-5,650089800,21.8,4.15,44.5,55.6,54.9,24.3,24.3
2020-08-07 04:40:00,-5,650090400,21.5,4.15,44.5,55.6,54.9,24.3,24.3
2020-08-07 04:50:00,-5,650091000,21.5,4.15,44.6,55.5,54.9,24.3,24.5
2020-08-07 05:00:00,-5,650091600,21.8,4.15,44.6,55.5,54.9,24.3,24.3
2020-08-07 05:10:00,-5,650092200,21.8,4.15,44.5,55.6,54.9,24.2,24.3
2020-08-07 05:20:00,-5,650092800,21.8,4.15,44.6,55.5,54.9,24.3,24.2
2020-08-07 05:30:00,-5,650093400,21.8,4.15,44.6,55.5,54.9,24.3,24.3
2020-08-07 05:40:00,-5,650094000,22.0,4.15,44.5,55.5,54.9,24.3,24.3
2020-08-07 05:50:00,-5,650094600,22.3,4.15,44.5,55.5,54.9,24.4,24.4
2020-08-07 06:00:00,-5,650095200,22.3,4.15,44.5,55.5,54.9,24.3,24.3
2020-08-07 06:10:00,-5,650095800,22.8,4.15,44.5,55.5,54.9,24.2,24.2
2020-08-07 06:20:00,-5,650096400,22.8,4.15,44.5,55.5,54.8,24.2,24.3
2020-08-07 06:30:00,-5,650097000,22.8,4.15,44.5,55.4,54.9,24.3,24.2
2020-08-07 06:40:00,-5,650097600,22.8,4.15,44.5,55.4,54.9,24.3,24.3
2020-08-07 06:50:00,-5,650098200,23.0,4.15,44.5,55.4,54.8,24.3,24.3
2020-08-07 07:00:00,-5,650098800,22.8,4.15,44.5,55.4,54.9,24.3,24.3
2020-08-07 07:10:00,-5,650099400,23.0,4.15,44.5,55.4,54.8,24.1,24.3
2020-08-07 07:20:00,-5,650100000,23.3,4.15,44.5,55.4,54.9,24.2,24.3
2020-08-07 07:30:00,-5,650100600,23.3,4.15,44.5,55.4,54.8,24.2,24.2
2020-08-07 07:40:00,-5,650101200,23.0,4.15,44.5,55.4,54.8,24.2,24.3
2020-08-07 07:50:00,-5,650101800,23.0,4.15,44.5,55.4,54.8,24.3,24.3
2020-08-07 08:00:00,-5,650102400,23.0,4.14,44.5,55.4,54.8,24.2,24.2
2020-08-07 08:10:00,-5,650103000,23.3,4.15,44.4,55.5,54.8,24.2,24.2
2020-08-07 08:20:00,-5,650103600,23.5,4.15,44.5,55.4,54.8,24.2,24.3
2020-08-07 08:30:00,-5,650104200,23.5,4.15,44.5,55.4,54.8,24.2,24.3
2020-08-07 08:40:00,-5,650104800,23.5,4.15,44.5,55.4,54.8,24.2,24.3
2020-08-07 08:50:00,-5,650105400,23.5,4.15,44.5,55.4,54.8,24.2,24.3
2020-08-07 09:00:00,-5,650106000,23.8,4.15,44.5,55.4,54.8,24.2,24.3
2020-08-07 09:10:00,-5,650106600,23.8,4.15,44.5,55.4,54.8,24.3,24.3
2020-08-07 09:20:00,-5,650107200,23.3,4.15,44.5,55.5,54.8,24.2,24.3
2020-08-07 09:30:00,-5,650107800,24.3,4.15,44.5,55.4,54.8,24.2,24.3
2020-08-07 09:50:00,-5,650109000,25.0,4.15,44.5,55.4,54.8,24.1,24.2
2020-08-07 10:00:00,-5,650109600,26.5,4.15,44.6,55.4,54.8,24.1,24.2
2020-08-07 10:10:00,-5,650110200,27.8,4.15,44.6,55.3,54.8,24.1,24.3
2020-08-07 10:20:00,-5,650110800,27.3,4.17,44.6,55.3,54.8,24.2,24.1
2020-08-07 10:30:00,-5,650111400,26.3,4.15,44.6,55.3,54.8,24.2,24.2
2020-08-07 10:40:00,-5,650112000,25.8,4.17,44.6,55.3,54.8,24.3,24.2
2020-08-07 10:50:00,-5,650112600,26.0,4.17,44.6,55.3,54.8,24.1,24.1
2020-08-07 11:00:00,-5,650113200,27.8,4.17,44.6,55.3,54.8,24.3,24.2
2020-08-07 11:10:00,-5,650113800,29.3,4.17,44.6,55.4,54.8,24.1,24.2
2020-08-07 11:20:00,-5,650114400,30.3,4.17,44.6,55.3,54.8,24.1,24.2
2020-08-07 11:30:00,-5,650115000,30.0,4.18,44.6,55.4,54.8,24.1,24.3
2020-08-07 11:40:00,-5,650115600,34.8,4.17,44.7,55.3,54.8,24.1,24.3
2020-08-07 11:50:00,-5,650116200,35.8,4.18,44.7,55.3,54.8,24.1,24.2
2020-08-07 12:00:00,-5,650116800,36.3,4.17,44.7,55.3,54.8,24.2,24.2
2020-08-07 12:10:00,-5,650117400,38.0,4.17,44.7,55.3,54.8,24.2,24.1
2020-08-07 12:20:00,-5,650118000,42.8,4.17,44.7,55.3,54.7,24.2,24.2
2020-08-07 12:40:00,-5,650119200,41.8,4.17,44.8,55.3,54.7,24.1,24.2
2020-08-07 12:50:00,-5,650119800,41.3,4.18,44.8,55.3,54.7,24.2,24.2
2020-08-07 13:00:00,-5,650120400,43.8,4.18,44.7,55.4,54.7,24.3,24.1
2020-08-07 13:10:00,-5,650121000,39.3,4.18,44.8,55.3,54.7,24.3,24.1
2020-08-07 13:20:00,-5,650121600,39.5,4.18,44.8,55.3,54.6,24.3,24.2
2020-08-07 13:40:00,-5,650122800,41.0,4.18,44.9,55.3,54.6,24.3,24.3
2020-08-07 13:50:00,-5,650123400,39.5,4.18,44.9,55.3,54.6,24.3,24.2
2020-08-07 14:00:00,-5,650124000,37.0,4.18,44.9,55.3,54.6,24.3,24.2
2020-08-07 14:10:00,-5,650124600,38.5,4.18,44.9,55.2,54.6,24.3,24.2
2020-08-07 14:30:00,-5,650125800,36.0,4.18,44.9,55.3,54.5,24.3,24.2
2020-08-07 14:40:00,-5,650126400,35.8,4.18,44.9,55.3,54.5,24.5,24.1
2020-08-07 14:50:00,-5,650127000,34.3,4.18,44.9,55.3,54.5,24.3,24.2
2020-08-07 15:00:00,-5,650127600,36.5,4.18,44.9,55.3,54.5,24.5,24.2
2020-08-07 15:20:00,-5,650128800,30.8,4.18,44.9,55.3,54.5,24.4,24.2
2020-08-07 15:30:00,-5,650129400,28.5,4.18,44.9,55.3,54.5,24.5,24.1
2020-08-07 15:40:00,-5,650130000,27.3,4.18,44.9,55.3,54.5,24.5,24.2
2020-08-07 15:50:00,-5,650130600,26.8,4.18,44.9,55.3,54.5,24.6,24.2
2020-08-07 16:00:00,-5,650131200,26.0,4.17,44.9,55.3,54.5,24.6,24.1
2020-08-07 16:10:00,-5,650131800,25.5,4.17,44.9,55.3,54.5,24.6,24.2
2020-08-07 16:20:00,-5,650132400,25.3,4.17,44.9,55.3,54.5,24.7,24.2
2020-08-07 16:30:00,-5,650133000,24.0,4.17,44.9,55.3,54.5,24.7,24.2
2020-08-07 16:50:00,-5,650134200,22.5,4.17,45.6,55.6,54.6,24.6,24.2
2020-08-07 17:00:00,-5,650134800,22.3,4.17,46.2,55.8,54.7,24.6,24.1
2020-08-07 17:30:00,-5,650136600,21.0,4.17,48.4,57.1,55.6,24.7,24.1
2020-08-07 17:50:00,-5,650137800,21.3,4.17,48.4,57.2,55.9,24.7,24.3
2020-08-07 18:00:00,-5,650138400,21.5,4.17,48.5,57.3,56.0,24.7,24.2
2020-08-07 18:10:00,-5,650139000,21.8,4.17,48.5,57.3,56.1,24.7,24.2
2020-08-07 18:20:00,-5,650139600,22.0,4.17,48.5,57.3,56.1,24.8,24.3
2020-08-07 18:40:00,-5,650140800,21.8,4.17,48.3,57.4,56.2,24.7,24.3
2020-08-07 18:50:00,-5,650141400,22.3,4.17,48.3,57.3,56.2,24.6,24.2
2020-08-07 19:20:00,-5,650143200,22.0,4.17,48.1,57.3,56.2,24.6,24.2
2020-08-07 19:30:00,-5,650143800,21.5,4.15,48.0,57.3,56.0,24.6,24.2
2020-08-07 19:40:00,-5,650144400,21.5,4.15,47.9,57.4,56.1,24.5,24.2
2020-08-07 19:50:00,-5,650145000,21.5,4.15,47.9,57.3,56.1,24.6,24.3
2020-08-07 20:00:00,-5,650145600,21.3,4.15,47.8,57.3,56.1,24.6,24.2
2020-08-07 20:10:00,-5,650146200,21.3,4.15,47.8,57.2,56.1,24.6,24.3
2020-08-07 20:20:00,-5,650146800,21.3,4.15,47.8,57.2,56.1,24.6,24.3
2020-08-07 20:30:00,-5,650147400,21.0,4.15,47.7,57.2,56.1,24.6,24.3
2020-08-07 20:40:00,-5,650148000,20.5,4.15,47.7,57.2,56.1,24.5,24.2
2020-08-07 20:50:00,-5,650148600,20.0,4.15,47.6,57.2,56.1,24.6,24.3
2020-08-07 21:00:00,-5,650149200,20.0,4.15,47.6,57.2,56.1,24.5,24.3
2020-08-07 21:10:00,-5,650149800,20.0,4.15,47.6,57.2,56.1,24.5,24.2
2020-08-07 21:20:00,-5,650150400,20.3,4.15,47.5,57.3,56.1,24.3,24.3
2020-08-07 21:30:00,-5,650151000,20.8,4.15,47.5,57.2,56.1,24.5,24.1
2020-08-07 21:40:00,-5,650151600,21.0,4.15,47.4,57.3,56.1,24.4,24.2
2020-08-07 21:50:00,-5,650152200,21.3,4.15,47.4,57.3,56.1,24.5,24.2
2020-08-07 22:00:00,-5,650152800,21.3,4.15,47.4,57.1,56.1,24.4,24.2
2020-08-07 22:20:00,-5,650154000,21.3,4.15,47.3,57.2,56.1,24.4,24.4
2020-08-07 22:40:00,-5,650155200,20.8,4.15,47.3,57.1,56.1,24.3,24.2
2020-08-07 22:50:00,-5,650155800,21.0,4.15,47.3,57.1,56.1,24.3,24.3
2020-08-07 23:00:00,-5,650156400,21.0,4.15,47.3,57.1,56.1,24.3,24.3
2020-08-07 23:10:00,-5,650157000,21.0,4.15,47.2,57.2,56.1,24.3,24.3
2020-08-07 23:20:00,-5,650157600,20.5,4.15,47.2,57.1,56.1,24.3,24.2
2020-08-07 23:30:00,-5,650158200,20.3,4.15,47.2,57.1,56.1,24.4,24.2
2020-08-07 23:40:00,-5,650158800,19.8,4.14,47.2,57.0,56.1,24.3,24.3
2020-08-07 23:50:00,-5,650159400,19.5,4.14,47.1,57.1,56.1,24.3,24.2
2020-08-08 00:00:00,-5,650160000,20.0,4.14,47.2,57.0,56.1,24.3,24.3
2020-08-08 00:10:00,-5,650160600,20.5,4.14,47.1,57.0,56.1,24.3,24.2
2020-08-08 00:20:00,-5,650161200,20.8,4.14,47.1,57.0,56.1,24.4,24.3
2020-08-08 00:30:00,-5,650161800,20.8,4.14,47.0,57.1,56.1,24.2,24.3
2020-08-08 00:40:00,-5,650162400,20.8,4.14,47.0,57.1,56.1,24.2,24.2
2020-08-08 00:50:00,-5,650163000,21.0,4.14,47.0,57.1,56.1,24.3,24.3
2020-08-08 01:00:00,-5,650163600,21.0,4.14,47.0,57.1,56.1,24.3,24.2
2020-08-08 01:10:00,-5,650164200,21.0,4.14,47.0,57.1,56.1,24.3,24.2
2020-08-08 01:20:00,-5,650164800,21.0,4.14,47.0,57.0,56.1,24.1,24.3
2020-08-08 01:30:00,-5,650165400,21.0,4.14,46.9,57.0,56.1,24.2,24.2
2020-08-08 01:40:00,-5,650166000,21.3,4.14,46.9,57.0,56.1,24.2,24.2
2020-08-08 01:50:00,-5,650166600,21.0,4.14,46.9,57.0,56.1,24.1,24.2
2020-08-08 02:00:00,-5,650167200,21.0,4.14,47.0,56.9,56.1,24.1,24.1
2020-08-08 02:10:00,-5,650167800,21.0,4.14,46.9,56.9,56.1,24.1,24.2
2020-08-08 02:20:00,-5,650168400,20.8,4.14,46.9,56.9,56.1,24.2,24.3
2020-08-08 02:30:00,-5,650169000,21.0,4.14,46.9,57.0,56.1,24.1,24.2
2020-08-08 02:40:00,-5,650169600,20.8,4.14,46.9,56.9,56.1,24.1,24.3
2020-08-08 02:50:00,-5,650170200,20.8,4.14,46.9,56.9,56.1,24.1,24.1
2020-08-08 03:00:00,-5,650170800,20.8,4.14,46.8,57.0,56.1,24.1,24.1
2020-08-08 03:20:00,-5,650172000,21.0,4.14,46.8,56.9,56.1,24.1,24.3
2020-08-08 03:30:00,-5,650172600,20.8,4.14,46.9,56.8,56.1,24.1,24.2
2020-08-08 03:40:00,-5,650173200,20.8,4.14,46.8,56.8,56.1,24.1,24.2
2020-08-08 03:50:00,-5,650173800,20.8,4.14,46.8,56.8,56.1,24.1,24.2
2020-08-08 04:00:00,-5,650174400,20.8,4.14,46.8,56.8,56.1,24.1,24.1
2020-08-08 04:10:00,-5,650175000,20.8,4.14,46.8,56.8,56.1,24.1,24.1
2020-08-08 04:20:00,-5,650175600,20.3,4.14,46.8,56.8,56.1,24.1,24.2
2020-08-08 04:30:00,-5,650176200,20.0,4.14,46.8,56.8,56.1,24.1,24.1
2020-08-08 04:40:00,-5,650176800,19.5,4.14,46.8,56.8,56.1,24.1,24.1
2020-08-08 04:50:00,-5,650177400,19.3,4.14,46.7,56.9,56.1,24.1,24.1
2020-08-08 05:00:00,-5,650178000,19.0,4.14,46.8,56.8,56.1,24.1,24.1
2020-08-08 05:10:00,-5,650178600,19.0,4.14,46.8,56.8,56.1,24.1,24.2
2020-08-08 05:20:00,-5,650179200,18.8,4.14,46.8,56.8,56.1,24.1,24.1
2020-08-08 05:30:00,-5,650179800,19.0,4.14,46.7,56.8,56.1,24.1,24.2
2020-08-08 05:40:00,-5,650180400,19.5,4.14,46.7,56.8,56.1,24.1,24.1
2020-08-08 05:50:00,-5,650181000,21.0,4.14,46.7,56.8,56.1,24.1,24.1
2020-08-08 06:10:00,-5,650182200,21.8,4.14,46.7,56.7,56.1,23.7,24.1
2020-08-08 06:20:00,-5,650182800,22.0,4.14,46.7,56.7,56.1,23.7,24.1
2020-08-08 06:30:00,-5,650183400,22.3,4.14,46.7,56.7,56.1,24.1,24.2
2020-08-08 06:40:00,-5,650184000,22.8,4.14,46.7,56.7,56.1,24.0,24.2
2020-08-08 07:00:00,-5,650185200,23.0,4.14,46.6,56.8,56.1,23.8,24.2
2020-08-08 07:10:00,-5,650185800,23.3,4.14,46.6,56.7,56.1,23.7,24.2
2020-08-08 07:20:00,-5,650186400,24.0,4.14,46.6,56.8,56.1,24.1,24.1
2020-08-08 07:30:00,-5,650187000,24.5,4.14,46.6,56.7,56.1,23.7,24.1
2020-08-08 07:40:00,-5,650187600,27.5,4.14,46.6,56.7,56.1,23.8,24.2
2020-08-08 07:50:00,-5,650188200,27.8,4.14,46.6,56.6,56.1,24.0,24.1
2020-08-08 08:00:00,-5,650188800,28.5,4.15,46.6,56.6,56.1,23.8,24.1
2020-08-08 08:20:00,-5,650190000,35.0,4.15,46.6,56.7,56.1,23.8,24.1
2020-08-08 08:30:00,-5,650190600,35.3,4.17,46.6,56.7,56.0,23.8,24.1
2020-08-08 08:40:00,-5,650191200,39.5,4.17,46.6,56.6,56.0,23.8,24.2
2020-08-08 08:50:00,-5,650191800,35.5,4.17,46.7,56.6,56.1,23.7,24.1
2020-08-08 09:00:00,-5,650192400,33.5,4.17,46.7,56.6,56.0,23.8,24.1
2020-08-08 09:10:00,-5,650193000,31.0,4.17,46.6,56.7,56.0,23.8,24.1
2020-08-08 09:20:00,-5,650193600,31.0,4.17,46.7,56.6,56.0,23.7,24.1
2020-08-08 09:30:00,-5,650194200,40.0,4.17,46.7,56.6,56.0,23.7,24.1
2020-08-08 09:50:00,-5,650195400,33.0,4.17,46.7,56.5,56.0,23.8,24.1
2020-08-08 10:50:00,-5,650199000,45.5,4.17,46.7,56.6,56.0,23.7,24.1
2020-08-08 12:10:00,-5,650203800,39.0,4.17,46.8,56.5,55.9,24.1,24.1
2020-08-08 12:20:00,-5,650204400,38.8,4.17,46.9,56.5,55.9,24.1,24.1
2020-08-08 12:30:00,-5,650205000,41.0,4.17,46.8,56.5,55.9,24.1,24.1
2020-08-08 12:40:00,-5,650205600,46.0,4.17,46.9,56.5,55.9,24.1,24.1
2020-08-08 13:00:00,-5,650206800,50.3,4.17,46.9,56.4,55.8,24.1,23.8
2020-08-08 13:10:00,-5,650207400,44.3,4.17,46.9,56.5,55.8,24.1,24.1
2020-08-08 13:20:00,-5,650208000,40.0,4.17,46.9,56.5,55.8,24.2,23.8
2020-08-08 13:40:00,-5,650209200,44.3,4.17,46.9,56.5,55.8,24.4,23.8
2020-08-08 14:00:00,-5,650210400,46.8,4.17,46.9,56.5,55.8,24.3,24.1
2020-08-08 14:20:00,-5,650211600,42.8,4.17,46.9,56.5,55.8,24.4,24.1
2020-08-08 15:10:00,-5,650214600,35.3,4.17,47.0,56.6,55.6,24.5,24.1
2020-08-08 15:40:00,-5,650216400,33.5,4.17,47.0,56.5,55.7,24.6,24.2
2020-08-08 15:50:00,-5,650217000,32.8,4.17,46.9,56.5,55.7,24.6,24.1
2020-08-08 16:10:00,-5,650218200,32.5,4.17,46.9,56.5,55.7,24.7,24.1
2020-08-08 16:40:00,-5,650220000,31.0,4.17,46.9,56.6,55.7,24.8,24.1
2020-08-08 16:50:00,-5,650220600,30.5,4.17,46.9,56.6,55.7,24.7,24.1
2020-08-08 17:00:00,-5,650221200,29.8,4.17,46.9,56.6,55.7,24.8,24.1
2020-08-08 17:20:00,-5,650222400,28.8,4.17,46.9,56.6,55.7,24.8,24.1
2020-08-08 19:30:00,-5,650230200,22.0,4.15,46.7,56.6,55.7,25.1,24.2
2020-08-08 19:50:00,-5,650231400,21.5,4.15,46.7,56.6,55.7,25.1,24.2
2020-08-08 20:00:00,-5,650232000,21.3,4.15,46.7,56.6,55.7,25.1,24.3
2020-08-08 20:30:00,-5,650233800,20.8,4.15,46.6,56.7,55.7,25.1,24.2
2020-08-08 20:40:00,-5,650234400,20.8,4.15,46.6,56.6,55.7,25.1,24.3
2020-08-08 22:00:00,-5,650239200,20.0,4.14,46.4,56.6,55.8,24.8,24.3
2020-08-08 22:40:00,-5,650241600,19.5,4.14,46.3,56.7,55.8,24.8,24.3
2020-08-08 23:00:00,-5,650242800,19.5,4.14,46.3,56.6,55.8,24.8,24.2
2020-08-08 23:10:00,-5,650243400,19.5,4.14,46.3,56.6,55.8,24.8,24.2
2020-08-08 23:30:00,-5,650244600,19.3,4.14,46.3,56.6,55.8,24.8,24.3
2020-08-08 23:40:00,-5,650245200,19.3,4.14,46.2,56.7,55.8,24.8,24.2
2020-08-08 23:50:00,-5,650245800,19.0,4.14,46.2,56.7,55.8,24.7,24.3
2020-08-09 00:00:00,-5,650246400,19.3,4.14,46.2,56.5,55.8,24.8,24.3
2020-08-09 00:10:00,-5,650247000,19.3,4.14,46.2,56.5,55.8,24.8,24.3
2020-08-09 00:20:00,-5,650247600,19.0,4.14,46.2,56.5,55.8,24.6,24.3
2020-08-09 00:30:00,-5,650248200,19.3,4.14,46.2,56.5,55.8,24.8,24.3
2020-08-09 00:50:00,-5,650249400,18.8,4.12,46.1,56.5,55.8,24.8,24.3
2020-08-09 01:00:00,-5,650250000,19.0,4.12,46.1,56.5,55.8,24.7,24.2
2020-08-09 01:10:00,-5,650250600,19.0,4.12,46.1,56.5,55.8,24.6,24.4
2020-08-09 01:30:00,-5,650251800,18.5,4.12,46.0,56.6,55.8,24.7,24.4
2020-08-09 01:40:00,-5,650252400,18.5,4.12,46.0,56.5,55.8,24.6,24.3
2020-08-09 01:50:00,-5,650253000,18.3,4.12,46.0,56.4,55.8,24.6,24.3
2020-08-09 02:00:00,-5,650253600,18.5,4.12,46.0,56.4,55.8,24.6,24.3
2020-08-09 02:10:00,-5,650254200,18.8,4.12,46.0,56.4,55.8,24.5,24.3
2020-08-09 02:20:00,-5,650254800,18.8,4.12,45.9,56.5,55.8,24.6,24.2
2020-08-09 02:30:00,-5,650255400,18.8,4.12,46.0,56.4,55.8,24.5,24.2
2020-08-09 02:40:00,-5,650256000,18.8,4.12,45.9,56.4,55.8,24.5,24.3
2020-08-09 02:50:00,-5,650256600,18.5,4.12,45.9,56.5,55.8,24.5,24.3
2020-08-09 03:10:00,-5,650257800,18.8,4.12,45.9,56.4,55.7,24.3,24.3
2020-08-09 03:20:00,-5,650258400,18.8,4.12,45.8,56.4,55.7,24.5,24.3
2020-08-09 03:30:00,-5,650259000,18.8,4.12,45.8,56.4,55.8,24.3,24.2
2020-08-09 03:40:00,-5,650259600,19.0,4.12,45.8,56.3,55.8,24.3,24.4
2020-08-09 03:50:00,-5,650260200,19.0,4.12,45.8,56.3,55.8,24.3,24.2
2020-08-09 04:00:00,-5,650260800,19.0,4.12,45.8,56.4,55.8,24.3,24.3
2020-08-09 04:10:00,-5,650261400,19.0,4.12,45.8,56.3,55.7,24.4,24.3
2020-08-09 04:20:00,-5,650262000,19.0,4.12,45.8,56.3,55.8,24.2,24.2
2020-08-09 04:30:00,-5,650262600,19.3,4.12,45.8,56.4,55.7,24.3,24.2
2020-08-09 04:40:00,-5,650263200,19.3,4.12,45.8,56.3,55.8,24.3,24.2
2020-08-09 04:50:00,-5,650263800,19.3,4.12,45.8,56.4,55.7,24.3,24.3
2020-08-09 05:00:00,-5,650264400,19.5,4.12,45.8,56.2,55.7,24.3,24.3
2020-08-09 05:10:00,-5,650265000,19.5,4.12,45.8,56.3,55.7,24.1,24.2
2020-08-09 05:20:00,-5,650265600,19.8,4.12,45.8,56.2,55.7,24.1,24.2
2020-08-09 05:30:00,-5,650266200,20.0,4.12,45.8,56.3,55.7,24.2,24.3
2020-08-09 05:40:00,-5,650266800,20.3,4.12,45.8,56.2,55.7,24.1,24.2
2020-08-09 05:50:00,-5,650267400,20.5,4.12,45.8,56.2,55.7,24.1,24.2
2020-08-09 06:00:00,-5,650268000,20.8,4.12,45.8,56.3,55.8,24.1,24.2
2020-08-09 06:10:00,-5,650268600,21.0,4.12,45.7,56.3,55.7,24.1,24.1
2020-08-09 06:20:00,-5,650269200,21.5,4.12,45.7,56.2,55.8,24.1,24.2
2020-08-09 06:30:00,-5,650269800,22.5,4.12,45.8,56.2,55.7,24.1,24.2
2020-08-09 06:40:00,-5,650270400,23.3,4.12,45.8,56.1,55.7,24.2,24.1
2020-08-09 06:50:00,-5,650271000,24.0,4.12,45.7,56.2,55.7,24.1,24.2
2020-08-09 07:00:00,-5,650271600,24.5,4.12,45.8,56.1,55.7,24.1,24.2
2020-08-09 07:10:00,-5,650272200,26.0,4.12,45.7,56.2,55.7,24.1,24.1
2020-08-09 07:20:00,-5,650272800,27.3,4.14,45.8,56.1,55.7,24.1,24.2
2020-08-09 07:30:00,-5,650273400,27.5,4.14,45.8,56.1,55.7,24.1,24.2
2020-08-09 07:40:00,-5,650274000,27.5,4.14,45.8,56.1,55.7,24.1,24.2
2020-08-09 08:00:00,-5,650275200,31.0,4.15,45.8,56.1,55.7,24.1,24.1
2020-08-09 08:10:00,-5,650275800,34.3,4.15,45.8,56.1,55.7,24.1,24.1
2020-08-09 08:40:00,-5,650277600,48.3,4.17,45.8,56.1,55.7,23.8,24.1
2020-08-09 08:50:00,-5,650278200,51.0,4.17,45.8,56.0,55.7,24.1,24.1
2020-08-09 09:00:00,-5,650278800,50.8,4.17,45.8,56.1,55.7,24.1,24.1
2020-08-09 09:10:00,-5,650279400,50.8,4.17,45.9,56.0,55.7,24.1,24.1
2020-08-09 09:20:00,-5,650280000,53.3,4.17,45.9,56.0,55.7,23.7,24.1
2020-08-09 09:30:00,-5,650280600,54.5,4.17,46.0,56.0,55.7,24.1,24.1
2020-08-09 09:40:00,-5,650281200,55.3,4.17,46.0,56.1,55.6,24.1,24.2
2020-08-09 09:50:00,-5,650281800,53.3,4.17,46.0,56.0,55.6,24.1,24.1
2020-08-09 10:00:00,-5,650282400,54.0,4.17,46.1,56.0,55.6,24.1,24.1
2020-08-09 10:10:00,-5,650283000,53.3,4.17,46.1,56.0,55.6,24.1,24.2
2020-08-09 10:20:00,-5,650283600,53.5,4.17,46.1,56.1,55.6,24.1,24.1
2020-08-09 10:30:00,-5,650284200,55.8,4.17,46.1,56.1,55.6,24.1,24.1
2020-08-09 10:40:00,-5,650284800,46.5,4.17,46.2,56.0,55.6,24.1,24.1
2020-08-09 10:50:00,-5,650285400,44.5,4.17,46.2,56.0,55.6,24.2,24.1
2020-08-09 11:00:00,-5,650286000,39.5,4.17,46.2,56.0,55.6,24.1,24.1
2020-08-09 11:10:00,-5,650286600,45.3,4.17,46.2,56.1,55.6,24.1,24.1
2020-08-09 11:30:00,-5,650287800,53.8,4.17,46.2,56.1,55.5,24.3,24.1
2020-08-09 11:40:00,-5,650288400,52.5,4.17,46.3,56.1,55.5,24.3,24.2
2020-08-09 11:50:00,-5,650289000,51.3,4.17,46.3,56.1,55.5,24.4,24.2
2020-08-09 12:00:00,-5,650289600,47.0,4.17,46.3,56.1,55.5,24.5,24.1
2020-08-09 12:10:00,-5,650290200,45.8,4.17,46.3,56.0,55.5,24.5,24.1
2020-08-09 12:20:00,-5,650290800,48.0,4.17,46.3,56.0,55.5,24.5,24.1
2020-08-09 12:30:00,-5,650291400,47.3,4.17,46.4,56.0,55.5,24.6,24.1
2020-08-09 12:40:00,-5,650292000,47.8,4.17,46.4,56.0,55.5,24.7,24.1
2020-08-09 12:50:00,-5,650292600,48.0,4.17,46.4,56.1,55.5,24.6,24.2
2020-08-09 13:30:00,-5,650295000,33.5,4.17,46.4,56.1,55.5,24.7,24.1
2020-08-09 13:50:00,-5,650296200,35.5,4.18,46.4,56.1,55.4,24.8,24.2
2020-08-09 14:00:00,-5,650296800,39.5,4.18,46.3,56.2,55.4,24.8,24.1
2020-08-09 14:10:00,-5,650297400,38.3,4.18,46.4,56.1,55.4,24.8,24.1
2020-08-09 14:20:00,-5,650298000,38.5,4.18,46.4,56.1,55.4,24.8,24.2
2020-08-09 14:40:00,-5,650299200,39.0,4.18,46.4,56.1,55.4,25.1,24.1
2020-08-09 15:20:00,-5,650301600,34.8,4.18,46.3,56.3,55.4,25.1,24.2
2020-08-09 15:30:00,-5,650302200,34.3,4.18,46.3,56.2,55.4,25.1,24.2
2020-08-09 15:50:00,-5,650303400,32.5,4.18,46.3,56.2,55.4,25.1,24.2
2020-08-09 16:10:00,-5,650304600,31.5,4.18,46.3,56.2,55.4,25.2,24.1
2020-08-09 17:00:00,-5,650307600,30.3,4.17,46.3,56.2,55.3,25.3,24.3
2020-08-09 18:20:00,-5,650312400,27.8,4.17,46.2,56.3,55.4,25.3,24.3
2020-08-09 19:10:00,-5,650315400,25.3,4.17,46.1,56.3,55.4,25.5,24.3
2020-08-09 20:20:00,-5,650319600,23.5,4.15,46.0,56.3,55.4,25.6,24.3
2020-08-09 20:50:00,-5,650321400,23.0,4.15,45.9,56.3,55.4,25.5,24.5
2020-08-09 21:10:00,-5,650322600,23.3,4.15,45.9,56.3,55.4,25.4,24.5
2020-08-09 21:30:00,-5,650323800,22.5,4.15,45.9,56.3,55.4,25.3,24.4
2020-08-09 22:00:00,-5,650325600,22.3,4.14,45.8,56.4,55.4,25.3,24.5
2020-08-09 22:10:00,-5,650326200,22.0,4.14,45.8,56.3,55.4,25.5,24.5
2020-08-09 22:20:00,-5,650326800,22.0,4.14,45.8,56.3,55.4,25.3,24.5
2020-08-09 22:30:00,-5,650327400,22.0,4.14,45.8,56.3,55.4,25.3,24.5
2020-08-09 22:40:00,-5,650328000,21.8,4.14,45.8,56.4,55.5,25.4,24.5
2020-08-09 22:50:00,-5,650328600,21.8,4.14,45.8,56.4,55.4,25.3,24.5
2020-08-09 23:10:00,-5,650329800,21.8,4.14,45.7,56.4,55.4,25.2,24.5
2020-08-09 23:20:00,-5,650330400,21.5,4.14,45.8,56.3,55.5,25.2,24.5
2020-08-09 23:30:00,-5,650331000,21.3,4.14,45.7,56.3,55.4,25.3,24.6
2020-08-09 23:40:00,-5,650331600,21.3,4.14,45.7,56.4,55.4,25.2,24.5
2020-08-09 23:50:00,-5,650332200,21.0,4.14,45.7,56.3,55.5,25.3,24.6
2020-08-10 00:00:00,-5,650332800,21.0,4.14,45.7,56.2,55.4,25.2,24.5
2020-08-10 00:10:00,-5,650333400,21.3,4.14,45.7,56.2,55.4,25.2,24.5
2020-08-10 00:30:00,-5,650334600,21.0,4.14,45.7,56.2,55.5,25.3,24.6
2020-08-10 00:40:00,-5,650335200,21.0,4.14,45.6,56.2,55.5,25.2,24.6
2020-08-10 00:50:00,-5,650335800,21.0,4.14,45.6,56.2,55.5,25.2,24.5
2020-08-10 01:00:00,-5,650336400,20.8,4.14,45.5,56.3,55.5,25.1,24.6
2020-08-10 01:10:00,-5,650337000,20.8,4.14,45.6,56.2,55.5,25.1,24.6
2020-08-10 01:20:00,-5,650337600,20.8,4.14,45.6,56.2,55.5,25.1,24.6
2020-08-10 01:30:00,-5,650338200,20.5,4.14,45.5,56.3,55.5,25.1,24.6
2020-08-10 01:40:00,-5,650338800,20.5,4.14,45.5,56.2,55.5,25.1,24.6
2020-08-10 02:00:00,-5,650340000,20.5,4.12,45.5,56.2,55.5,25.1,24.6
2020-08-10 02:10:00,-5,650340600,20.3,4.12,45.4,56.2,55.5,25.1,24.6
2020-08-10 02:20:00,-5,650341200,20.3,4.12,45.4,56.2,55.5,25.1,24.5
2020-08-10 02:30:00,-5,650341800,20.3,4.12,45.5,56.1,55.5,25.1,24.5
2020-08-10 02:40:00,-5,650342400,20.3,4.12,45.4,56.1,55.5,25.1,24.6
2020-08-10 02:50:00,-5,650343000,20.0,4.12,45.4,56.1,55.5,25.1,24.5
2020-08-10 03:20:00,-5,650344800,20.0,4.12,45.3,56.2,55.5,24.7,24.6
2020-08-10 03:30:00,-5,650345400,19.8,4.12,45.4,56.1,55.5,24.8,24.6
2020-08-10 03:50:00,-5,650346600,20.3,4.12,45.3,56.2,55.5,24.8,24.5
2020-08-10 04:00:00,-5,650347200,20.8,4.12,45.3,56.2,55.5,24.8,24.5
2020-08-10 04:10:00,-5,650347800,21.3,4.12,45.3,56.1,55.5,24.8,24.5
2020-08-10 04:20:00,-5,650348400,21.3,4.12,45.3,56.0,55.5,24.7,24.6
2020-08-10 04:30:00,-5,650349000,21.3,4.12,45.3,56.0,55.5,24.8,24.5
2020-08-10 04:40:00,-5,650349600,21.5,4.12,45.3,56.0,55.5,24.7,24.6
2020-08-10 04:50:00,-5,650350200,21.5,4.12,45.2,56.1,55.5,24.7,24.5
2020-08-10 05:00:00,-5,650350800,21.5,4.12,45.3,56.0,55.5,24.8,24.6
2020-08-10 05:10:00,-5,650351400,21.5,4.12,45.3,56.0,55.5,24.7,24.6
2020-08-10 05:20:00,-5,650352000,21.8,4.12,45.3,56.0,55.5,24.8,24.6
2020-08-10 05:30:00,-5,650352600,22.0,4.12,45.2,56.0,55.5,24.8,24.5
2020-08-10 05:40:00,-5,650353200,22.3,4.12,45.2,56.0,55.5,24.7,24.6
2020-08-10 05:50:00,-5,650353800,22.5,4.12,45.2,56.0,55.5,24.6,24.5
2020-08-10 06:00:00,-5,650354400,23.0,4.12,45.2,56.0,55.5,24.6,24.5
2020-08-10 06:10:00,-5,650355000,23.5,4.12,45.2,56.0,55.5,24.7,24.5
2020-08-10 06:20:00,-5,650355600,23.8,4.12,45.2,55.9,55.5,24.6,24.6
2020-08-10 06:30:00,-5,650356200,24.3,4.12,45.2,56.0,55.5,24.6,24.5
2020-08-10 06:40:00,-5,650356800,24.5,4.12,45.2,56.0,55.4,24.6,24.4
2020-08-10 06:50:00,-5,650357400,25.0,4.12,45.2,56.0,55.5,24.6,24.5
2020-08-10 07:00:00,-5,650358000,25.5,4.12,45.2,55.9,55.5,24.6,24.3
2020-08-10 07:10:00,-5,650358600,26.0,4.12,45.2,55.9,55.5,24.6,24.5
2020-08-10 07:30:00,-5,650359800,27.5,4.12,45.3,55.9,55.4,24.6,24.5
2020-08-10 07:40:00,-5,650360400,29.8,4.12,45.2,55.9,55.5,24.5,24.3
2020-08-10 07:50:00,-5,650361000,30.0,4.12,45.2,55.9,55.4,24.5,24.5
2020-08-10 08:00:00,-5,650361600,33.8,4.14,45.3,55.9,55.5,24.5,24.5
2020-08-10 08:10:00,-5,650362200,35.3,4.14,45.3,55.9,55.4,24.5,24.5
2020-08-10 08:30:00,-5,650363400,45.3,4.15,45.3,55.8,55.4,24.6,24.3
2020-08-10 08:40:00,-5,650364000,49.0,4.17,45.3,55.9,55.4,24.5,24.3
2020-08-10 08:50:00,-5,650364600,52.3,4.17,45.3,55.8,55.4,24.5,24.3
2020-08-10 09:00:00,-5,650365200,52.5,4.17,45.4,55.8,55.4,24.5,24.5
2020-08-10 09:10:00,-5,650365800,54.3,4.17,45.4,55.8,55.4,24.6,24.5
2020-08-10 09:20:00,-5,650366400,54.8,4.17,45.4,55.8,55.4,24.6,24.4
2020-08-10 09:30:00,-5,650367000,53.5,4.17,45.5,55.8,55.4,24.6,24.3
2020-08-10 09:40:00,-5,650367600,52.8,4.17,45.5,55.9,55.4,24.6,24.4
2020-08-10 09:50:00,-5,650368200,53.5,4.17,45.5,55.8,55.3,24.6,24.3
2020-08-10 10:00:00,-5,650368800,53.3,4.17,45.5,55.9,55.3,24.6,24.3
2020-08-10 10:10:00,-5,650369400,54.8,4.17,45.6,55.8,55.3,24.7,24.3
2020-08-10 10:20:00,-5,650370000,54.5,4.17,45.7,55.8,55.3,24.7,24.3
2020-08-10 10:40:00,-5,650371200,55.3,4.17,45.7,55.8,55.3,24.8,24.3
2020-08-10 11:00:00,-5,650372400,56.0,4.17,45.7,55.9,55.3,24.7,24.3
2020-08-10 11:10:00,-5,650373000,57.5,4.17,45.8,55.8,55.2,24.8,24.3
2020-08-10 11:20:00,-5,650373600,56.5,4.17,45.8,55.8,55.2,24.8,24.3
2020-08-10 11:30:00,-5,650374200,55.5,4.17,45.8,55.9,55.2,24.8,24.4
2020-08-10 11:50:00,-5,650375400,56.5,4.17,45.8,55.9,55.2,25.0,24.3
2020-08-10 12:00:00,-5,650376000,56.5,4.17,45.8,55.8,55.2,25.1,24.3
2020-08-10 12:10:00,-5,650376600,56.5,4.17,45.8,55.8,55.2,25.1,24.3
2020-08-10 12:20:00,-5,650377200,54.8,4.17,45.8,55.8,55.1,25.2,24.3
2020-08-10 12:30:00,-5,650377800,54.8,4.17,45.8,55.8,55.1,25.2,24.4
2020-08-10 13:10:00,-5,650380200,51.5,4.17,45.8,55.8,55.1,25.3,24.3
2020-08-10 13:20:00,-5,650380800,51.5,4.17,45.8,55.8,55.0,25.3,24.5
2020-08-10 14:00:00,-5,650383200,48.3,4.17,45.8,55.8,55.0,25.5,24.5
2020-08-10 15:20:00,-5,650388000,37.8,4.17,45.8,55.9,54.9,25.8,24.5
2020-08-10 16:00:00,-5,650390400,34.5,4.17,45.7,55.9,54.8,26.1,24.5
2020-08-10 16:10:00,-5,650391000,34.0,4.17,45.7,56.0,54.8,26.0,24.5
2020-08-10 17:30:00,-5,650395800,30.5,4.17,45.6,56.0,54.8,26.2,24.6
2020-08-10 17:50:00,-5,650397000,29.5,4.17,45.5,56.0,54.8,26.2,24.6
2020-08-10 18:10:00,-5,650398200,28.5,4.15,45.5,56.0,54.8,26.2,24.7
2020-08-10 18:30:00,-5,650399400,27.5,4.15,45.4,56.0,54.8,26.3,24.7
2020-08-10 18:50:00,-5,650400600,27.0,4.15,45.4,56.0,54.8,26.3,24.6
2020-08-10 19:00:00,-5,650401200,26.5,4.15,45.3,56.1,54.8,26.3,24.7
2020-08-10 19:10:00,-5,650401800,26.3,4.15,45.3,56.0,54.8,26.3,24.7
2020-08-10 19:20:00,-5,650402400,25.8,4.15,45.3,56.0,54.8,26.3,24.7
2020-08-10 20:50:00,-5,650407800,23.3,4.14,45.1,56.0,54.9,26.3,24.7
2020-08-10 21:00:00,-5,650408400,23.0,4.14,45.1,56.0,54.9,26.3,24.8
2020-08-10 21:20:00,-5,650409600,23.0,4.14,45.0,56.0,54.9,26.3,24.7
2020-08-10 21:30:00,-5,650410200,22.8,4.14,45.0,56.0,54.9,26.2,24.7
2020-08-10 22:00:00,-5,650412000,22.3,4.14,44.9,56.0,54.9,26.2,24.7
2020-08-10 22:10:00,-5,650412600,22.3,4.14,44.9,56.0,54.9,26.1,24.8
2020-08-10 22:20:00,-5,650413200,22.0,4.14,44.9,56.0,54.9,26.1,24.8
2020-08-10 22:30:00,-5,650413800,22.3,4.14,44.9,56.0,54.9,26.2,24.8
2020-08-10 22:40:00,-5,650414400,22.3,4.14,44.8,56.0,54.9,26.2,24.8
2020-08-10 22:50:00,-5,650415000,22.3,4.14,44.8,56.0,54.9,26.1,24.8
2020-08-10 23:00:00,-5,650415600,22.3,4.14,44.7,56.1,54.9,26.1,24.8
2020-08-10 23:30:00,-5,650417400,21.8,4.14,44.7,55.9,54.9,25.8,24.8
2020-08-10 23:40:00,-5,650418000,21.8,4.14,44.7,55.9,54.9,26.1,24.8
2020-08-10 23:50:00,-5,650418600,21.8,4.12,44.7,55.9,54.9,26.1,24.8
2020-08-11 00:50:00,-5,650422200,21.5,4.12,44.6,55.9,54.9,25.8,24.8
2020-08-11 01:00:00,-5,650422800,21.5,4.12,44.5,55.9,54.9,25.7,24.8
2020-08-11 01:10:00,-5,650423400,21.3,4.12,44.5,55.9,54.9,25.7,24.8
2020-08-11 01:20:00,-5,650424000,21.5,4.12,44.5,55.8,54.9,25.8,24.8
2020-08-11 01:40:00,-5,650425200,21.3,4.12,44.4,55.9,54.9,25.7,24.8
2020-08-11 02:10:00,-5,650427000,20.8,4.12,44.4,55.8,55.0,25.8,24.8
2020-08-11 02:20:00,-5,650427600,21.5,4.12,44.4,55.8,54.9,25.6,24.8
2020-08-11 02:40:00,-5,650428800,22.0,4.12,44.3,55.9,55.0,25.5,24.8
2020-08-11 02:50:00,-5,650429400,21.3,4.11,44.3,55.8,54.9,25.5,24.8
2020-08-11 03:00:00,-5,650430000,21.0,4.11,44.3,55.7,54.9,25.6,24.8
2020-08-11 03:10:00,-5,650430600,20.5,4.11,44.3,55.7,55.0,25.5,24.8
2020-08-11 03:20:00,-5,650431200,20.5,4.11,44.3,55.7,54.9,25.5,24.8
2020-08-11 03:30:00,-5,650431800,20.5,4.11,44.3,55.7,54.9,25.5,24.8
2020-08-11 03:40:00,-5,650432400,20.8,4.11,44.3,55.7,55.0,25.4,24.8
2020-08-11 03:50:00,-5,650433000,20.8,4.11,44.2,55.7,54.9,25.4,24.8
2020-08-11 04:00:00,-5,650433600,20.5,4.11,44.2,55.7,54.9,25.3,24.8
2020-08-11 04:10:00,-5,650434200,20.5,4.11,44.2,55.7,54.9,25.4,24.8
2020-08-11 04:20:00,-5,650434800,20.5,4.11,44.2,55.7,54.9,25.3,24.8
2020-08-11 04:30:00,-5,650435400,21.0,4.11,44.2,55.7,54.9,25.3,24.8
2020-08-11 04:40:00,-5,650436000,21.5,4.11,44.2,55.6,54.9,25.3,24.8
2020-08-11 04:50:00,-5,650436600,22.0,4.11,44.1,55.7,54.9,25.2,24.8
2020-08-11 05:10:00,-5,650437800,22.3,4.11,44.1,55.7,54.9,25.2,24.8
2020-08-11 05:20:00,-5,650438400,22.3,4.11,44.1,55.6,54.9,25.2,24.8
2020-08-11 05:30:00,-5,650439000,22.5,4.11,44.1,55.6,54.9,25.2,24.8
2020-08-11 05:40:00,-5,650439600,22.5,4.11,44.1,55.6,54.9,25.2,24.8
2020-08-11 05:50:00,-5,650440200,22.8,4.11,44.0,55.7,54.9,25.1,24.7
2020-08-11 06:00:00,-5,650440800,23.3,4.11,44.1,55.6,55.0,25.2,24.7
2020-08-11 06:10:00,-5,650441400,23.5,4.11,44.0,55.6,54.9,25.1,24.8
2020-08-11 06:20:00,-5,650442000,24.0,4.11,44.1,55.5,54.9,25.1,24.7
2020-08-11 06:30:00,-5,650442600,24.5,4.11,44.1,55.5,54.9,25.1,24.8
2020-08-11 06:40:00,-5,650443200,24.5,4.11,44.0,55.6,54.9,25.1,24.8
2020-08-11 06:50:00,-5,650443800,25.0,4.11,44.1,55.5,54.9,25.1,24.8
2020-08-11 07:00:00,-5,650444400,25.3,4.11,44.0,55.5,54.9,25.1,24.7
2020-08-11 07:10:00,-5,650445000,25.5,4.11,44.0,55.5,54.9,25.1,24.8
2020-08-11 07:20:00,-5,650445600,25.5,4.11,44.0,55.5,54.9,25.1,24.7
2020-08-11 08:00:00,-5,650448000,28.0,4.11,44.1,55.4,54.9,25.1,24.7
2020-08-11 08:10:00,-5,650448600,28.0,4.11,44.1,55.4,54.9,24.8,24.7
2020-08-11 08:20:00,-5,650449200,28.3,4.11,44.1,55.4,54.9,25.1,24.7
2020-08-11 08:40:00,-5,650450400,29.3,4.11,44.1,55.4,54.9,24.8,24.8
2020-08-11 09:10:00,-5,650452200,34.5,4.12,44.1,55.4,54.9,25.1,24.7
2020-08-11 09:20:00,-5,650452800,33.3,4.12,44.1,55.4,54.9,24.8,24.7
2020-08-11 09:30:00,-5,650453400,33.8,4.14,44.1,55.5,54.9,24.8,24.7
2020-08-11 09:40:00,-5,650454000,45.0,4.14,44.1,55.5,54.9,24.7,24.7
2020-08-11 10:10:00,-5,650455800,43.3,4.15,44.2,55.4,54.9,25.1,24.7
2020-08-11 10:50:00,-5,650458200,48.0,4.17,44.3,55.3,54.8,25.1,24.8
2020-08-11 11:00:00,-5,650458800,50.5,4.17,44.3,55.3,54.8,25.1,24.7
2020-08-11 11:10:00,-5,650459400,50.3,4.17,44.3,55.3,54.8,25.1,24.6
2020-08-11 11:20:00,-5,650460000,48.0,4.17,44.3,55.3,54.8,25.1,24.7
2020-08-11 11:40:00,-5,650461200,51.5,4.17,44.3,55.3,54.8,25.2,24.7
2020-08-11 12:00:00,-5,650462400,52.0,4.17,44.4,55.3,54.7,25.2,24.7
2020-08-11 12:10:00,-5,650463000,51.0,4.17,44.4,55.3,54.7,25.3,24.7
2020-08-11 12:20:00,-5,650463600,48.5,4.17,44.4,55.3,54.7,25.2,24.6
2020-08-11 12:40:00,-5,650464800,48.3,4.17,44.4,55.3,54.6,25.3,24.7
2020-08-11 12:50:00,-5,650465400,46.8,4.17,44.4,55.3,54.6,25.3,24.7
2020-08-11 13:00:00,-5,650466000,45.5,4.17,44.4,55.3,54.6,25.5,24.6
2020-08-11 13:10:00,-5,650466600,45.3,4.17,44.4,55.2,54.6,25.4,24.7
2020-08-11 13:30:00,-5,650467800,46.5,4.17,44.4,55.2,54.5,25.6,24.7
2020-08-11 13:50:00,-5,650469000,43.8,4.17,44.4,55.2,54.5,25.6,24.7
2020-08-11 14:10:00,-5,650470200,44.3,4.17,44.4,55.2,54.4,25.7,24.7
2020-08-11 14:30:00,-5,650471400,39.8,4.17,44.4,55.3,54.4,25.6,24.7
2020-08-11 14:40:00,-5,650472000,38.0,4.17,44.4,55.3,54.4,25.6,24.7
2020-08-11 15:30:00,-5,650475000,35.8,4.18,44.4,55.2,54.3,25.8,24.7
2020-08-11 15:40:00,-5,650475600,36.8,4.18,44.4,55.2,54.3,25.8,24.7
2020-08-11 16:20:00,-5,650478000,35.3,4.18,44.3,55.3,54.3,26.1,24.7
2020-08-11 16:30:00,-5,650478600,35.3,4.18,44.3,55.3,54.3,26.1,24.7
2020-08-11 16:40:00,-5,650479200,34.8,4.18,44.3,55.2,54.2,26.2,24.7
2020-08-11 17:10:00,-5,650481000,31.3,4.18,44.2,55.4,54.2,26.2,24.8
2020-08-11 17:30:00,-5,650482200,30.3,4.18,44.1,55.4,54.2,26.3,24.8
2020-08-11 17:50:00,-5,650483400,29.5,4.17,44.1,55.3,54.2,26.3,24.8
2020-08-11 18:00:00,-5,650484000,29.0,4.17,44.1,55.3,54.2,26.4,24.8
2020-08-11 18:20:00,-5,650485200,28.0,4.17,44.1,55.3,54.2,26.2,24.7
2020-08-11 18:30:00,-5,650485800,27.5,4.17,44.1,55.3,54.2,26.3,24.7
2020-08-11 18:50:00,-5,650487000,26.3,4.17,44.0,55.4,54.2,26.3,24.8
2020-08-11 19:00:00,-5,650487600,26.0,4.17,44.0,55.3,54.3,26.4,24.8
2020-08-11 19:10:00,-5,650488200,25.5,4.17,44.0,55.3,54.3,26.4,24.8
2020-08-11 19:20:00,-5,650488800,25.0,4.17,44.0,55.3,54.3,26.4,24.8
2020-08-11 19:40:00,-5,650490000,24.5,4.17,43.9,55.3,54.3,26.4,24.8
2020-08-11 20:00:00,-5,650491200,24.8,4.17,43.8,55.4,54.3,26.5,24.8
2020-08-11 21:50:00,-5,650497800,23.3,4.15,43.6,55.3,54.3,26.3,24.8
2020-08-11 22:30:00,-5,650500200,23.0,4.15,43.5,55.3,54.3,26.3,24.8
2020-08-11 23:00:00,-5,650502000,22.8,4.14,43.5,55.3,54.3,26.2,25.1
2020-08-11 23:20:00,-5,650503200,23.0,4.14,43.4,55.3,54.3,26.1,25.1
2020-08-12 00:00:00,-5,650505600,23.0,4.14,43.3,55.2,54.3,26.1,25.1
2020-08-12 00:20:00,-5,650506800,22.8,4.14,43.3,55.3,54.3,26.1,24.9
2020-08-12 01:20:00,-5,650510400,22.8,4.12,43.2,55.2,54.3,26.1,25.1
2020-08-12 01:50:00,-5,650512200,22.3,4.12,43.2,55.1,54.3,25.8,25.1
2020-08-12 02:20:00,-5,650514000,22.3,4.12,43.1,55.1,54.3,25.7,25.1
2020-08-12 03:00:00,-5,650516400,22.8,4.12,43.1,55.1,54.4,25.7,25.1
2020-08-12 03:20:00,-5,650517600,22.8,4.12,43.0,55.1,54.3,25.7,25.1
2020-08-12 03:30:00,-5,650518200,22.8,4.12,43.0,55.1,54.3,25.8,25.1
2020-08-12 04:20:00,-5,650521200,22.3,4.11,42.9,55.0,54.3,25.5,25.1
2020-08-12 04:50:00,-5,650523000,22.5,4.11,42.9,55.0,54.3,25.5,25.1
2020-08-12 05:00:00,-5,650523600,22.5,4.11,42.9,55.0,54.3,25.5,24.8
2020-08-12 05:20:00,-5,650524800,22.3,4.11,42.9,55.0,54.3,25.5,24.8
2020-08-12 05:30:00,-5,650525400,22.5,4.11,42.9,55.0,54.3,25.5,24.8
2020-08-12 05:40:00,-5,650526000,23.0,4.11,42.8,55.0,54.3,25.3,24.8
2020-08-12 06:00:00,-5,650527200,26.0,4.11,42.8,54.9,54.3,25.4,24.8
2020-08-12 07:00:00,-5,650530800,40.5,4.14,42.8,55.0,54.3,25.3,24.8
2020-08-12 07:40:00,-5,650533200,43.0,4.15,42.9,54.8,54.3,25.3,24.8
2020-08-12 08:00:00,-5,650534400,39.5,4.17,42.9,54.8,54.3,25.3,24.8
2020-08-12 08:30:00,-5,650536200,51.8,4.17,42.9,54.9,54.3,25.2,24.8
2020-08-12 08:40:00,-5,650536800,54.0,4.17,42.9,54.8,54.3,25.3,24.8
2020-08-12 08:50:00,-5,650537400,54.8,4.17,43.0,54.8,54.3,25.3,24.8
2020-08-12 09:10:00,-5,650538600,54.8,4.17,43.0,54.9,54.2,25.3,24.8
2020-08-12 10:30:00,-5,650543400,60.3,4.17,43.2,54.7,54.1,25.5,24.8
2020-08-12 11:00:00,-5,650545200,59.5,4.17,43.2,54.7,54.1,25.7,24.8
2020-08-12 11:20:00,-5,650546400,53.8,4.17,43.2,54.7,54.1,26.0,24.8
2020-08-12 11:40:00,-5,650547600,50.0,4.17,43.2,54.7,54.0,26.0,25.0
2020-08-12 12:50:00,-5,650551800,38.0,4.17,43.2,54.7,54.0,26.2,24.8
2020-08-12 13:10:00,-5,650553000,37.3,4.17,43.1,54.8,54.0,26.5,24.8
2020-08-12 14:30:00,-5,650557800,24.8,4.17,42.9,54.8,54.0,26.5,24.8
2020-08-12 15:30:00,-5,650561400,23.3,4.17,42.7,55.0,54.0,26.5,25.1
2020-08-12 15:50:00,-5,650562600,23.5,4.17,42.7,54.8,54.0,26.5,25.1
2020-08-12 16:00:00,-5,650563200,23.8,4.17,42.7,54.8,54.0,26.5,25.1
2020-08-12 16:20:00,-5,650564400,24.3,4.17,42.6,54.9,54.0,26.4,25.1
2020-08-12 16:30:00,-5,650565000,24.3,4.17,42.6,54.9,54.0,26.5,25.1
2020-08-12 16:50:00,-5,650566200,25.5,4.17,42.5,54.8,54.0,26.5,25.2
2020-08-12 17:00:00,-5,650566800,25.5,4.17,42.5,54.8,54.0,26.5,25.1
2020-08-12 17:20:00,-5,650568000,27.8,4.17,42.4,54.8,54.0,26.5,25.2
2020-08-12 17:30:00,-5,650568600,28.0,4.17,42.4,54.8,54.0,26.4,25.2
2020-08-12 17:40:00,-5,650569200,27.5,4.17,42.4,54.8,54.0,26.4,25.1
2020-08-12 17:50:00,-5,650569800,26.8,4.17,42.4,54.8,54.0,26.3,25.1
2020-08-12 18:10:00,-5,650571000,25.5,4.17,42.4,54.8,54.0,26.4,25.1
2020-08-12 18:20:00,-5,650571600,25.0,4.17,42.3,54.9,54.0,26.3,25.1
2020-08-12 18:30:00,-5,650572200,24.3,4.17,42.3,54.8,54.0,26.4,25.2
2020-08-12 18:40:00,-5,650572800,24.0,4.17,42.3,54.8,54.0,26.3,25.1
2020-08-12 18:50:00,-5,650573400,23.5,4.17,42.3,54.8,54.0,26.3,25.1
2020-08-12 19:00:00,-5,650574000,23.0,4.17,42.3,54.8,54.0,26.3,25.1
2020-08-12 19:10:00,-5,650574600,22.8,4.17,42.3,54.7,54.0,26.3,25.2
2020-08-12 19:30:00,-5,650575800,22.5,4.17,42.3,54.7,54.0,26.4,25.2
2020-08-12 19:40:00,-5,650576400,22.3,4.15,42.3,54.7,54.0,26.1,25.2
2020-08-12 19:50:00,-5,650577000,22.3,4.15,42.2,54.7,54.0,26.3,25.1
2020-08-12 20:00:00,-5,650577600,22.5,4.15,42.2,54.7,54.0,26.1,25.1
2020-08-12 20:10:00,-5,650578200,22.3,4.15,42.2,54.8,54.0,26.2,25.2
2020-08-12 20:20:00,-5,650578800,22.3,4.15,42.2,54.7,54.0,26.2,25.1
2020-08-12 20:30:00,-5,650579400,22.3,4.15,42.2,54.7,54.0,26.3,25.1
2020-08-12 20:40:00,-5,650580000,22.3,4.15,42.1,54.8,54.0,26.1,25.2
2020-08-12 20:50:00,-5,650580600,22.0,4.15,42.1,54.8,54.0,26.1,25.1
2020-08-12 21:00:00,-5,650581200,22.3,4.15,42.1,54.7,54.0,26.2,25.2
2020-08-12 21:10:00,-5,650581800,22.3,4.15,42.1,54.7,54.0,26.2,25.1
2020-08-12 21:20:00,-5,650582400,22.5,4.15,42.1,54.7,54.0,26.1,25.2
2020-08-12 21:30:00,-5,650583000,22.3,4.15,42.1,54.7,54.0,26.1,25.2
2020-08-12 21:40:00,-5,650583600,22.3,4.15,42.1,54.7,54.0,26.1,25.2
2020-08-12 21:50:00,-5,650584200,22.3,4.15,42.1,54.6,54.0,26.1,25.1
2020-08-12 22:00:00,-5,650584800,22.3,4.15,42.1,54.6,54.1,26.1,25.1
2020-08-12 22:10:00,-5,650585400,22.0,4.15,42.0,54.6,54.0,26.1,25.1
2020-08-12 23:00:00,-5,650588400,22.0,4.14,42.0,54.6,54.1,25.8,25.2
2020-08-12 23:10:00,-5,650589000,21.8,4.14,41.9,54.7,54.0,25.8,25.2
2020-08-12 23:20:00,-5,650589600,21.8,4.14,42.0,54.6,54.0,25.8,25.2
2020-08-12 23:40:00,-5,650590800,22.3,4.14,41.9,54.6,54.0,25.8,25.1
2020-08-12 23:50:00,-5,650591400,22.3,4.14,41.9,54.5,54.0,25.7,25.2
2020-08-13 00:10:00,-5,650592600,22.3,4.14,41.9,54.6,54.0,25.7,25.1
2020-08-13 00:20:00,-5,650593200,22.0,4.14,41.9,54.5,54.0,25.8,25.1
2020-08-13 00:30:00,-5,650593800,21.8,4.14,41.9,54.5,54.1,25.6,25.1
2020-08-13 00:40:00,-5,650594400,21.8,4.14,41.9,54.5,54.0,25.6,25.1
2020-08-13 00:50:00,-5,650595000,22.0,4.14,41.9,54.5,54.0,25.7,25.2
2020-08-13 01:00:00,-5,650595600,22.0,4.14,41.8,54.6,54.0,25.6,25.1
2020-08-13 01:10:00,-5,650596200,22.0,4.14,41.8,54.6,54.0,25.6,25.1
2020-08-13 01:20:00,-5,650596800,22.0,4.14,41.8,54.6,54.0,25.5,25.2
2020-08-13 01:40:00,-5,650598000,22.0,4.14,41.8,54.4,54.0,25.5,25.1
2020-08-13 01:50:00,-5,650598600,22.0,4.14,41.8,54.4,54.0,25.5,25.1
2020-08-13 02:00:00,-5,650599200,22.0,4.14,41.7,54.5,54.1,25.6,25.1
2020-08-13 02:10:00,-5,650599800,22.0,4.14,41.8,54.4,54.0,25.5,25.1
2020-08-13 02:20:00,-5,650600400,22.0,4.14,41.7,54.5,54.0,25.5,25.1
2020-08-13 03:10:00,-5,650603400,22.0,4.12,41.7,54.3,54.0,25.4,25.1
2020-08-13 03:20:00,-5,650604000,22.0,4.12,41.7,54.3,54.0,25.4,25.1
2020-08-13 03:40:00,-5,650605200,21.8,4.12,41.7,54.3,54.0,25.3,25.1
2020-08-13 03:50:00,-5,650605800,21.3,4.12,41.7,54.3,54.0,25.3,25.1
2020-08-13 04:00:00,-5,650606400,21.3,4.12,41.7,54.3,54.0,25.4,25.1
2020-08-13 04:10:00,-5,650607000,21.3,4.12,41.7,54.3,54.0,25.4,25.1
2020-08-13 04:30:00,-5,650608200,21.3,4.12,41.7,54.3,54.0,25.3,25.1
2020-08-13 05:10:00,-5,650610600,22.0,4.12,41.6,54.3,54.0,25.3,25.1
2020-08-13 05:20:00,-5,650611200,22.0,4.12,41.6,54.2,54.0,25.2,25.1
2020-08-13 05:30:00,-5,650611800,22.0,4.12,41.6,54.2,54.0,25.3,25.1
2020-08-13 05:40:00,-5,650612400,22.0,4.12,41.6,54.3,54.0,25.1,24.8
2020-08-13 05:50:00,-5,650613000,22.5,4.12,41.6,54.3,54.0,25.2,24.8
2020-08-13 06:00:00,-5,650613600,22.5,4.12,41.6,54.2,54.0,25.1,24.8
2020-08-13 06:10:00,-5,650614200,22.8,4.12,41.6,54.2,54.0,25.1,24.8
2020-08-13 06:30:00,-5,650615400,23.5,4.12,41.6,54.2,54.0,25.1,24.8
2020-08-13 06:50:00,-5,650616600,24.5,4.12,41.6,54.2,54.0,25.2,24.8
2020-08-13 07:00:00,-5,650617200,26.5,4.12,41.6,54.2,54.0,25.1,24.8
2020-08-13 07:10:00,-5,650617800,30.5,4.14,41.6,54.2,54.0,25.1,24.8
2020-08-13 07:30:00,-5,650619000,34.0,4.14,41.6,54.1,54.0,25.1,24.8
2020-08-13 07:40:00,-5,650619600,35.8,4.14,41.6,54.1,54.0,25.1,24.8
2020-08-13 07:50:00,-5,650620200,33.3,4.14,41.6,54.1,54.0,25.1,24.8
2020-08-13 08:00:00,-5,650620800,31.5,4.14,41.6,54.1,54.0,25.1,24.8
2020-08-13 08:10:00,-5,650621400,33.3,4.15,41.6,54.1,54.0,25.1,24.8
2020-08-13 08:30:00,-5,650622600,40.8,4.15,41.6,54.1,54.0,25.1,24.8
2020-08-13 09:00:00,-5,650624400,43.3,4.17,41.7,54.1,54.0,25.1,24.8
2020-08-13 09:20:00,-5,650625600,42.3,4.17,41.7,54.1,53.9,25.1,24.8
2020-08-13 09:40:00,-5,650626800,34.8,4.17,41.8,54.1,53.9,25.1,24.8
2020-08-13 09:50:00,-5,650627400,33.8,4.17,41.8,54.1,53.9,25.1,24.8
2020-08-13 10:00:00,-5,650628000,33.0,4.17,41.8,54.1,53.9,25.1,24.8
2020-08-13 10:10:00,-5,650628600,32.3,4.17,41.8,54.1,53.9,25.1,24.8
2020-08-13 10:20:00,-5,650629200,31.5,4.17,41.8,54.1,53.9,25.1,24.8
2020-08-13 10:30:00,-5,650629800,31.0,4.17,41.8,54.1,53.9,25.1,24.8
2020-08-13 10:40:00,-5,650630400,30.3,4.17,41.9,54.1,53.9,25.2,24.8
2020-08-13 10:50:00,-5,650631000,29.5,4.17,41.9,54.1,53.9,25.1,24.8
2020-08-13 11:00:00,-5,650631600,29.3,4.17,41.9,54.1,53.9,25.1,24.8
2020-08-13 11:30:00,-5,650633400,29.5,4.17,41.9,54.1,53.9,25.2,24.7
2020-08-13 11:40:00,-5,650634000,29.5,4.18,41.9,54.1,53.9,25.2,24.8
2020-08-13 11:50:00,-5,650634600,29.5,4.18,41.9,54.1,53.9,25.2,24.7
2020-08-13 12:00:00,-5,650635200,29.8,4.18,41.9,54.1,53.9,25.2,24.8
2020-08-13 12:10:00,-5,650635800,29.8,4.18,41.9,54.1,53.9,25.3,24.8
2020-08-13 12:20:00,-5,650636400,30.3,4.18,41.8,54.1,53.9,25.2,24.8
2020-08-13 12:40:00,-5,650637600,31.0,4.18,41.9,54.1,53.9,25.3,24.8
2020-08-13 12:50:00,-5,650638200,31.0,4.18,41.9,54.1,53.9,25.2,24.8
2020-08-13 13:00:00,-5,650638800,30.8,4.18,41.9,54.2,53.9,25.3,24.8
2020-08-13 13:10:00,-5,650639400,30.5,4.18,41.9,54.1,53.9,25.3,24.8
2020-08-13 13:20:00,-5,650640000,30.0,4.18,41.9,54.1,53.9,25.2,24.7
2020-08-13 13:30:00,-5,650640600,29.5,4.18,41.9,54.1,53.9,25.3,24.7
2020-08-13 13:40:00,-5,650641200,29.0,4.18,41.9,54.1,53.9,25.3,24.8
2020-08-13 13:50:00,-5,650641800,28.8,4.18,41.9,54.1,53.9,25.4,24.8
2020-08-13 14:00:00,-5,650642400,28.8,4.18,41.9,54.1,53.9,25.3,24.7
2020-08-13 14:10:00,-5,650643000,28.0,4.18,41.9,54.1,53.9,25.5,24.7
2020-08-13 14:20:00,-5,650643600,26.5,4.18,41.9,54.1,53.9,25.5,24.8
2020-08-13 14:30:00,-5,650644200,26.3,4.18,41.9,54.1,53.9,25.3,24.8
2020-08-13 14:50:00,-5,650645400,25.8,4.18,41.9,54.2,53.9,25.3,24.8
2020-08-13 15:00:00,-5,650646000,26.8,4.18,41.9,54.1,53.9,25.3,24.8
2020-08-13 15:20:00,-5,650647200,28.0,4.18,41.9,54.1,53.9,25.4,24.7
2020-08-13 15:30:00,-5,650647800,28.0,4.18,41.9,54.2,53.9,25.5,24.7
2020-08-13 15:40:00,-5,650648400,27.3,4.18,41.9,54.1,53.9,25.5,24.8
2020-08-13 15:50:00,-5,650649000,27.0,4.18,41.9,54.1,53.9,25.6,24.7
2020-08-13 16:10:00,-5,650650200,26.8,4.18,41.9,54.1,53.9,25.5,24.8
2020-08-13 16:20:00,-5,650650800,26.5,4.18,41.8,54.2,53.9,25.5,24.8
2020-08-13 16:40:00,-5,650652000,28.3,4.18,41.9,54.2,53.7,25.5,24.8
2020-08-13 16:50:00,-5,650652600,28.8,4.18,41.9,54.1,53.9,25.5,24.8
2020-08-13 17:00:00,-5,650653200,27.5,4.18,41.9,54.1,53.9,25.5,24.7
2020-08-13 17:40:00,-5,650655600,26.5,4.18,41.9,54.1,53.9,25.5,24.8
2020-08-13 17:50:00,-5,650656200,26.5,4.18,41.9,54.1,53.8,25.5,24.8
2020-08-13 18:00:00,-5,650656800,26.3,4.18,41.9,54.1,53.9,25.6,24.8
2020-08-13 18:30:00,-5,650658600,25.5,4.18,41.9,54.1,53.9,25.5,24.9
2020-08-13 18:50:00,-5,650659800,24.3,4.18,41.9,54.1,53.9,25.5,24.8
2020-08-13 20:00:00,-5,650664000,22.3,4.17,41.8,54.1,53.8,25.5,24.7
2020-08-13 20:20:00,-5,650665200,22.3,4.17,41.8,54.1,53.9,25.5,24.8
2020-08-13 20:30:00,-5,650665800,22.0,4.17,41.7,54.2,53.8,25.4,24.8
2020-08-13 20:50:00,-5,650667000,22.0,4.17,41.8,54.1,53.9,25.4,24.8
2020-08-13 21:10:00,-5,650668200,21.5,4.17,41.7,54.2,53.8,25.4,24.8
2020-08-13 21:20:00,-5,650668800,21.5,4.17,41.7,54.1,53.9,25.4,24.8
2020-08-13 21:30:00,-5,650669400,21.5,4.17,41.7,54.2,53.9,25.3,24.7
2020-08-13 21:50:00,-5,650670600,21.3,4.15,41.7,54.1,53.9,25.3,24.8
2020-08-13 22:10:00,-5,650671800,21.5,4.15,41.7,54.1,53.9,25.4,24.8
2020-08-13 22:20:00,-5,650672400,21.5,4.15,41.7,54.1,53.9,25.3,24.8
2020-08-13 22:30:00,-5,650673000,21.8,4.15,41.7,54.1,53.9,25.3,24.8
2020-08-13 22:40:00,-5,650673600,22.0,4.15,41.6,54.1,53.9,25.4,24.8
2020-08-13 23:00:00,-5,650674800,22.3,4.15,41.6,54.1,53.9,25.3,24.8
2020-08-13 23:10:00,-5,650675400,22.5,4.15,41.6,54.1,53.9,25.3,24.8
2020-08-13 23:20:00,-5,650676000,22.0,4.15,41.6,54.1,53.9,25.3,24.8
2020-08-13 23:30:00,-5,650676600,21.8,4.15,41.6,54.1,53.9,25.3,24.8
2020-08-13 23:40:00,-5,650677200,21.5,4.15,41.6,54.1,53.9,25.2,24.8
2020-08-14 00:00:00,-5,650678400,21.3,4.15,41.6,54.1,53.9,25.2,24.8
2020-08-14 00:10:00,-5,650679000,21.0,4.15,41.6,54.1,53.9,25.1,24.8
2020-08-14 00:20:00,-5,650679600,21.0,4.15,41.6,54.1,53.9,25.3,24.8
2020-08-14 00:30:00,-5,650680200,21.0,4.15,41.6,54.1,53.9,25.1,24.8
2020-08-14 00:40:00,-5,650680800,20.8,4.15,41.6,54.1,53.9,25.2,24.8
2020-08-14 00:50:00,-5,650681400,21.0,4.15,41.6,54.1,53.9,25.2,24.8
2020-08-14 01:20:00,-5,650683200,21.5,4.14,41.6,54.1,53.9,25.1,24.7
2020-08-14 01:30:00,-5,650683800,21.8,4.14,41.6,54.0,53.9,25.1,24.7
2020-08-14 01:40:00,-5,650684400,21.8,4.14,41.6,54.0,53.9,25.1,24.8
2020-08-14 02:00:00,-5,650685600,22.0,4.14,41.6,54.0,53.9,25.1,24.8
2020-08-14 02:20:00,-5,650686800,21.8,4.14,41.5,54.0,53.9,25.1,24.8
2020-08-14 02:30:00,-5,650687400,21.5,4.14,41.5,54.0,53.9,25.1,24.8
2020-08-14 02:50:00,-5,650688600,21.3,4.14,41.5,54.0,53.9,25.1,24.8
2020-08-14 03:30:00,-5,650691000,21.5,4.12,41.5,54.0,53.9,24.8,24.8
2020-08-14 04:00:00,-5,650692800,21.3,4.12,41.5,54.0,53.8,24.7,24.7
2020-08-14 04:30:00,-5,650694600,22.3,4.12,41.5,53.9,53.8,24.7,24.8
2020-08-14 04:50:00,-5,650695800,22.3,4.12,41.5,53.9,53.8,24.8,24.7
2020-08-14 05:00:00,-5,650696400,22.3,4.12,41.4,53.9,53.8,24.8,24.8
2020-08-14 05:10:00,-5,650697000,22.3,4.12,41.4,53.9,53.9,24.8,24.7
2020-08-14 05:20:00,-5,650697600,22.3,4.12,41.4,54.0,53.8,24.8,24.7
2020-08-14 05:30:00,-5,650698200,22.5,4.12,41.4,54.0,53.8,24.8,24.8
2020-08-14 05:40:00,-5,650698800,22.5,4.12,41.4,54.0,53.8,24.8,24.7
2020-08-14 05:50:00,-5,650699400,23.0,4.12,41.4,54.0,53.8,24.8,24.7
2020-08-14 06:00:00,-5,650700000,23.8,4.12,41.4,54.0,53.8,24.8,24.7
2020-08-14 06:10:00,-5,650700600,23.5,4.12,41.4,53.9,53.8,24.8,24.7
2020-08-14 06:30:00,-5,650701800,24.0,4.12,41.4,53.8,53.8,24.7,24.7
2020-08-14 06:40:00,-5,650702400,23.8,4.12,41.4,53.9,53.8,24.7,24.7
2020-08-14 06:50:00,-5,650703000,23.5,4.12,41.4,53.8,53.8,24.8,24.7
2020-08-14 07:00:00,-5,650703600,23.5,4.12,41.4,53.8,53.8,24.8,24.7
2020-08-14 07:10:00,-5,650704200,23.8,4.12,41.4,53.8,53.8,24.8,24.7
2020-08-14 07:20:00,-5,650704800,24.0,4.12,41.4,53.8,53.8,24.7,24.6
2020-08-14 07:30:00,-5,650705400,24.8,4.12,41.4,53.8,53.8,24.8,24.7
2020-08-14 07:40:00,-5,650706000,25.8,4.12,41.4,53.8,53.8,24.7,24.7
2020-08-14 07:50:00,-5,650706600,26.3,4.12,41.4,53.8,53.8,24.7,24.7
2020-08-14 08:00:00,-5,650707200,28.3,4.12,41.4,53.8,53.8,24.8,24.6
2020-08-14 08:10:00,-5,650707800,28.8,4.14,41.4,53.9,53.8,24.7,24.7
2020-08-14 08:30:00,-5,650709000,40.0,4.14,41.4,53.8,53.8,24.8,24.6
