SL208 - Mayfly GPLP3 Logger
DateTime_EST,TZ-Offset,Loggertime,BoardTemp_C,Battery_V,Segment1_percent,Segment2_percent,Segment3_percent,T1_degC,T2_degC
2021-07-21 09:40:00,-5,680175600,43.0,4.17,11.6,20.3,35.6,24.1,24.2
2021-07-21 10:10:00,-5,680177400,42.0,4.17,11.6,20.3,35.6,24.1,24.0
2021-07-21 10:40:00,-5,680179200,44.0,4.17,11.7,20.3,35.5,24.1,24.1
2021-07-21 11:20:00,-5,680181600,45.5,4.17,11.8,20.2,35.5,24.1,24.0
2021-07-21 11:30:00,-5,680182200,45.8,4.17,11.8,20.2,35.5,24.1,24.0
2021-07-21 12:00:00,-5,680184000,45.0,4.17,11.8,20.3,35.4,24.1,24.0
2021-07-21 12:20:00,-5,680185200,45.0,4.17,11.8,20.3,35.4,24.2,24.0
2021-07-21 12:30:00,-5,680185800,41.3,4.17,11.9,20.2,35.4,24.3,24.0
2021-07-21 12:40:00,-5,680186400,43.0,4.17,11.8,20.3,35.4,24.3,24.0
2021-07-21 12:50:00,-5,680187000,40.0,4.17,11.9,20.2,35.4,24.3,24.0
2021-07-21 13:10:00,-5,680188200,35.5,4.17,11.9,20.3,35.4,24.3,24.0
2021-07-21 13:20:00,-5,680188800,40.8,4.17,11.9,20.3,35.4,24.3,24.0
2021-07-21 13:40:00,-5,680190000,38.3,4.17,11.9,20.3,35.4,24.5,24.0
2021-07-21 13:50:00,-5,680190600,36.3,4.17,11.9,20.3,35.4,24.4,24.0
2021-07-21 14:00:00,-5,680191200,32.8,4.17,11.9,20.3,35.4,24.4,24.0
2021-07-21 14:20:00,-5,680192400,24.8,4.17,11.9,20.4,35.4,24.5,24.0
2021-07-21 14:30:00,-5,680193000,21.5,4.17,12.0,20.4,35.5,24.6,24.0
2021-07-21 14:40:00,-5,680193600,23.0,4.17,12.0,20.5,35.5,24.6,23.8
2021-07-21 15:00:00,-5,680194800,27.5,4.17,12.0,20.4,35.5,24.6,24.0
2021-07-21 15:10:00,-5,680195400,27.3,4.18,11.9,20.5,35.5,24.6,24.0
2021-07-21 15:50:00,-5,680197800,32.0,4.18,11.9,20.5,35.5,24.7,24.0
2021-07-21 16:00:00,-5,680198400,31.5,4.18,11.9,20.4,35.5,24.7,24.0
2021-07-21 16:10:00,-5,680199000,31.0,4.18,11.9,20.4,35.5,24.7,23.8
2021-07-21 16:30:00,-5,680200200,31.3,4.18,11.9,20.5,35.5,24.8,24.0
2021-07-21 16:40:00,-5,680200800,31.0,4.18,11.9,20.4,35.5,24.7,23.8
2021-07-21 16:50:00,-5,680201400,30.8,4.18,11.9,20.4,35.5,24.8,24.0
2021-07-21 17:00:00,-5,680202000,30.8,4.18,11.9,20.4,35.5,24.8,24.1
2021-07-21 17:10:00,-5,680202600,30.5,4.18,11.9,20.4,35.5,24.7,24.0
2021-07-21 17:20:00,-5,680203200,29.0,4.18,11.9,20.4,35.5,24.8,24.0
2021-07-21 17:30:00,-5,680203800,29.0,4.18,11.9,20.5,35.5,24.8,24.0
2021-07-21 17:40:00,-5,680204400,28.0,4.18,11.9,20.5,35.5,24.7,24.0
2021-07-21 17:50:00,-5,680205000,26.3,4.17,11.9,20.5,35.5,24.8,24.1
2021-07-21 18:00:00,-5,680205600,25.3,4.17,11.9,20.5,35.5,25.0,24.0
2021-07-21 18:10:00,-5,680206200,24.5,4.17,11.9,20.6,35.5,24.8,23.8
2021-07-21 18:20:00,-5,680206800,22.0,4.17,11.9,20.5,35.5,24.8,24.1
2021-07-21 19:10:00,-5,680209800,21.0,4.17,11.8,20.6,35.5,24.8,24.1
2021-07-21 19:20:00,-5,680210400,20.5,4.17,11.8,20.6,35.5,24.7,24.1
2021-07-21 19:40:00,-5,680211600,19.3,4.17,11.8,20.6,35.5,24.7,24.0
2021-07-21 20:20:00,-5,680214000,19.0,4.15,11.8,20.5,35.5,24.8,24.1
2021-07-21 20:40:00,-5,680215200,18.8,4.15,11.7,20.5,35.5,24.7,24.1
2021-07-21 22:50:00,-5,680223000,17.3,4.14,11.5,20.5,35.5,24.5,24.1
2021-07-21 23:00:00,-5,680223600,17.3,4.14,11.5,20.4,35.5,24.6,24.1
2021-07-21 23:10:00,-5,680224200,17.0,4.14,11.5,20.4,35.5,24.5,24.2
2021-07-21 23:20:00,-5,680224800,17.0,4.14,11.5,20.4,35.5,24.5,24.2
2021-07-21 23:30:00,-5,680225400,17.0,4.14,11.4,20.5,35.5,24.5,24.1
2021-07-21 23:50:00,-5,680226600,16.5,4.14,11.4,20.5,35.5,24.5,24.2
2021-07-22 00:00:00,-5,680227200,16.5,4.12,11.4,20.4,35.5,24.5,24.2
2021-07-22 00:30:00,-5,680229000,16.5,4.12,11.4,20.4,35.6,24.3,24.1
2021-07-22 01:00:00,-5,680230800,16.3,4.12,11.3,20.4,35.5,24.3,24.1
2021-07-22 01:10:00,-5,680231400,16.0,4.12,11.3,20.3,35.5,24.2,24.2
2021-07-22 01:20:00,-5,680232000,16.0,4.12,11.3,20.3,35.5,24.3,24.1
2021-07-22 01:30:00,-5,680232600,16.0,4.12,11.2,20.3,35.5,24.2,24.1
2021-07-22 01:40:00,-5,680233200,16.0,4.12,11.2,20.4,35.5,24.3,24.2
2021-07-22 01:50:00,-5,680233800,15.5,4.12,11.2,20.4,35.5,24.2,24.1
2021-07-22 02:00:00,-5,680234400,15.5,4.12,11.1,20.4,35.5,24.1,24.1
2021-07-22 02:10:00,-5,680235000,15.5,4.12,11.2,20.3,35.6,24.2,24.1
2021-07-22 02:20:00,-5,680235600,15.3,4.12,11.2,20.3,35.5,24.2,24.1
2021-07-22 02:30:00,-5,680236200,15.3,4.12,11.1,20.3,35.5,24.1,24.1
2021-07-22 02:40:00,-5,680236800,15.3,4.12,11.1,20.3,35.5,24.1,24.1
2021-07-22 02:50:00,-5,680237400,15.3,4.12,11.1,20.2,35.5,24.1,24.1
2021-07-22 03:20:00,-5,680239200,15.3,4.11,11.1,20.2,35.5,23.7,24.1
2021-07-22 03:30:00,-5,680239800,15.0,4.11,11.0,20.3,35.5,23.7,24.1
2021-07-22 03:40:00,-5,680240400,14.8,4.11,11.0,20.3,35.5,24.1,24.1
2021-07-22 04:00:00,-5,680241600,14.0,4.11,11.0,20.3,35.5,23.7,24.1
2021-07-22 04:30:00,-5,680243400,14.3,4.11,11.0,20.1,35.5,23.8,23.8
2021-07-22 04:50:00,-5,680244600,14.3,4.11,10.9,20.1,35.5,23.8,23.8
2021-07-22 05:10:00,-5,680245800,14.8,4.11,10.9,20.2,35.5,23.7,23.8
2021-07-22 05:30:00,-5,680247000,15.8,4.11,10.8,20.2,35.5,23.8,23.8
2021-07-22 05:40:00,-5,680247600,16.3,4.11,10.8,20.1,35.5,23.6,23.8
2021-07-22 06:00:00,-5,680248800,18.8,4.11,10.8,20.1,35.5,23.6,23.8
2021-07-22 06:10:00,-5,680249400,21.3,4.11,10.8,20.0,35.5,23.6,23.8
2021-07-22 06:20:00,-5,680250000,23.0,4.12,10.8,20.1,35.5,23.6,23.8
2021-07-22 06:30:00,-5,680250600,25.0,4.12,10.8,20.1,35.5,23.5,23.8
2021-07-22 06:50:00,-5,680251800,26.0,4.12,10.7,20.1,35.5,23.4,23.8
2021-07-22 07:00:00,-5,680252400,26.5,4.14,10.7,20.0,35.5,23.4,23.7
2021-07-22 07:10:00,-5,680253000,28.3,4.14,10.7,20.0,35.5,23.5,23.8
2021-07-22 07:20:00,-5,680253600,30.3,4.15,10.8,19.9,35.5,23.4,23.8
2021-07-22 07:30:00,-5,680254200,31.5,4.15,10.8,19.9,35.5,23.2,23.8
2021-07-22 07:40:00,-5,680254800,32.8,4.15,10.7,20.0,35.5,23.3,23.8
2021-07-22 07:50:00,-5,680255400,34.0,4.17,10.7,20.0,35.5,23.1,23.7
2021-07-22 08:00:00,-5,680256000,34.0,4.17,10.7,20.0,35.5,23.3,23.7
2021-07-22 08:10:00,-5,680256600,33.0,4.17,10.8,19.9,35.5,23.2,23.7
2021-07-22 08:20:00,-5,680257200,33.0,4.17,10.7,19.9,35.5,23.2,23.7
2021-07-22 08:30:00,-5,680257800,34.3,4.17,10.7,19.9,35.5,23.1,23.7
2021-07-22 08:40:00,-5,680258400,34.8,4.17,10.7,19.9,35.5,23.1,23.7
2021-07-22 09:00:00,-5,680259600,35.5,4.17,10.7,19.9,35.5,23.1,23.8
2021-07-22 09:10:00,-5,680260200,38.3,4.17,10.7,19.9,35.4,23.1,23.8
2021-07-22 09:20:00,-5,680260800,40.3,4.17,10.7,19.9,35.4,23.1,23.7
2021-07-22 09:30:00,-5,680261400,40.0,4.17,10.7,19.9,35.4,23.1,23.7
2021-07-22 09:40:00,-5,680262000,39.5,4.17,10.8,19.8,35.4,23.1,23.8
2021-07-22 09:50:00,-5,680262600,39.3,4.17,10.8,19.9,35.4,23.1,23.7
2021-07-22 10:00:00,-5,680263200,40.8,4.17,10.8,19.8,35.4,23.1,23.6
2021-07-22 10:10:00,-5,680263800,43.0,4.17,10.8,19.8,35.4,23.1,23.7
2021-07-22 10:20:00,-5,680264400,41.5,4.17,10.8,19.8,35.4,23.1,23.7
2021-07-22 10:40:00,-5,680265600,40.8,4.17,10.9,19.8,35.4,23.1,23.7
2021-07-22 10:50:00,-5,680266200,40.3,4.17,11.0,19.8,35.4,23.1,23.7
2021-07-22 11:00:00,-5,680266800,37.0,4.17,11.0,19.7,35.4,23.1,23.6
2021-07-22 11:20:00,-5,680268000,35.0,4.17,11.0,19.8,35.4,23.1,23.6
2021-07-22 11:30:00,-5,680268600,39.0,4.17,11.0,19.7,35.3,23.1,23.6
2021-07-22 12:00:00,-5,680270400,39.0,4.17,11.0,19.8,35.3,23.1,23.6
2021-07-22 12:10:00,-5,680271000,41.3,4.17,11.0,19.8,35.3,23.2,23.6
2021-07-22 13:40:00,-5,680276400,41.5,4.17,11.1,19.8,35.2,23.3,23.5
2021-07-22 14:30:00,-5,680279400,34.5,4.17,11.2,19.7,35.2,23.5,23.4
2021-07-22 15:10:00,-5,680281800,35.8,4.17,11.2,19.8,35.2,23.5,23.5
2021-07-22 15:20:00,-5,680282400,34.5,4.18,11.3,19.7,35.2,23.7,23.4
2021-07-22 16:20:00,-5,680286000,29.5,4.17,11.3,19.8,35.2,23.8,23.5
2021-07-22 17:30:00,-5,680290200,27.3,4.17,11.4,19.9,35.3,23.8,23.6
2021-07-22 19:00:00,-5,680295600,24.5,4.17,11.3,20.0,35.3,23.7,23.4
2021-07-22 20:10:00,-5,680299800,16.3,4.15,11.4,20.0,35.3,23.7,23.6
2021-07-22 21:40:00,-5,680305200,14.5,4.14,11.0,20.0,35.3,23.8,23.6
2021-07-22 22:00:00,-5,680306400,14.8,4.14,10.9,20.0,35.3,23.8,23.5
2021-07-22 22:20:00,-5,680307600,14.3,4.14,10.9,20.0,35.3,23.7,23.6
2021-07-22 22:50:00,-5,680309400,14.0,4.12,10.8,20.0,35.3,23.8,23.6
2021-07-22 23:10:00,-5,680310600,14.3,4.12,10.7,19.9,35.3,23.7,23.7
2021-07-22 23:20:00,-5,680311200,14.3,4.12,10.7,19.9,35.3,23.7,23.6
2021-07-22 23:30:00,-5,680311800,14.0,4.12,10.7,19.9,35.3,23.6,23.6
2021-07-22 23:40:00,-5,680312400,14.0,4.12,10.7,19.8,35.3,23.7,23.6
2021-07-22 23:50:00,-5,680313000,13.8,4.12,10.6,19.9,35.3,23.7,23.7
2021-07-23 00:00:00,-5,680313600,13.5,4.12,10.6,19.9,35.3,23.6,23.6
2021-07-23 00:10:00,-5,680314200,13.5,4.12,10.6,19.9,35.3,23.6,23.4
2021-07-23 00:20:00,-5,680314800,13.5,4.12,10.6,19.9,35.3,23.5,23.6
2021-07-23 00:30:00,-5,680315400,13.5,4.12,10.5,19.9,35.3,23.5,23.4
2021-07-23 00:50:00,-5,680316600,13.5,4.12,10.5,19.8,35.3,23.4,23.6
2021-07-23 01:00:00,-5,680317200,13.3,4.12,10.5,19.8,35.3,23.3,23.6
2021-07-23 01:10:00,-5,680317800,13.3,4.12,10.4,19.8,35.3,23.3,23.6
2021-07-23 01:20:00,-5,680318400,13.3,4.12,10.4,19.8,35.3,23.3,23.4
2021-07-23 01:30:00,-5,680319000,13.3,4.12,10.4,19.8,35.3,23.3,23.6
2021-07-23 01:40:00,-5,680319600,13.0,4.12,10.4,19.8,35.3,23.2,23.5
2021-07-23 02:00:00,-5,680320800,13.3,4.11,10.4,19.8,35.3,23.2,23.6
2021-07-23 02:10:00,-5,680321400,13.3,4.11,10.3,19.7,35.3,23.1,23.5
2021-07-23 02:20:00,-5,680322000,13.8,4.11,10.3,19.7,35.3,23.1,23.6
2021-07-23 02:30:00,-5,680322600,13.8,4.11,10.3,19.7,35.3,23.1,23.5
2021-07-23 02:40:00,-5,680323200,13.8,4.11,10.3,19.7,35.3,23.1,23.5
2021-07-23 02:50:00,-5,680323800,13.8,4.11,10.3,19.7,35.3,23.1,23.6
2021-07-23 03:00:00,-5,680324400,13.5,4.11,10.3,19.7,35.3,22.8,23.6
2021-07-23 03:10:00,-5,680325000,13.5,4.11,10.2,19.7,35.3,22.8,23.3
2021-07-23 03:20:00,-5,680325600,13.3,4.11,10.2,19.7,35.3,22.8,23.5
2021-07-23 03:30:00,-5,680326200,13.0,4.11,10.2,19.7,35.3,22.8,23.2
2021-07-23 03:40:00,-5,680326800,12.8,4.11,10.2,19.6,35.3,22.8,23.5
2021-07-23 03:50:00,-5,680327400,12.8,4.11,10.2,19.6,35.3,22.8,23.3
2021-07-23 04:00:00,-5,680328000,12.8,4.11,10.2,19.6,35.3,22.8,23.3
2021-07-23 04:10:00,-5,680328600,12.8,4.11,10.2,19.6,35.3,22.6,23.2
2021-07-23 04:20:00,-5,680329200,12.8,4.11,10.2,19.6,35.3,22.8,23.3
2021-07-23 04:30:00,-5,680329800,12.5,4.11,10.1,19.6,35.3,22.6,23.3
2021-07-23 04:40:00,-5,680330400,12.8,4.11,10.1,19.6,35.3,22.8,23.2
2021-07-23 04:50:00,-5,680331000,13.0,4.11,10.1,19.5,35.3,22.6,23.2
2021-07-23 05:00:00,-5,680331600,13.0,4.11,10.1,19.5,35.3,22.6,23.3
2021-07-23 05:10:00,-5,680332200,13.3,4.11,10.1,19.5,35.3,22.5,23.3
2021-07-23 05:20:00,-5,680332800,13.8,4.11,10.1,19.5,35.3,22.5,23.3
2021-07-23 05:30:00,-5,680333400,15.0,4.11,10.1,19.5,35.3,22.4,23.1
2021-07-23 05:40:00,-5,680334000,16.3,4.11,10.1,19.5,35.3,22.5,23.2
2021-07-23 05:50:00,-5,680334600,17.0,4.11,10.0,19.5,35.3,22.3,23.1
2021-07-23 06:00:00,-5,680335200,17.8,4.11,10.0,19.5,35.3,22.4,23.1
2021-07-23 06:10:00,-5,680335800,19.0,4.12,10.0,19.4,35.3,22.3,23.3
2021-07-23 06:30:00,-5,680337000,22.3,4.12,10.0,19.4,35.3,22.4,23.1
2021-07-23 06:40:00,-5,680337600,25.0,4.12,10.0,19.4,35.3,22.3,23.1
2021-07-23 06:50:00,-5,680338200,28.8,4.14,10.0,19.4,35.3,22.2,23.2
2021-07-23 07:00:00,-5,680338800,31.3,4.14,10.0,19.4,35.3,22.2,23.0
2021-07-23 07:10:00,-5,680339400,32.5,4.15,10.0,19.4,35.3,22.1,23.1
2021-07-23 07:20:00,-5,680340000,33.5,4.15,10.0,19.4,35.3,22.1,23.1
2021-07-23 07:30:00,-5,680340600,35.0,4.15,10.0,19.3,35.3,22.1,23.1
2021-07-23 07:40:00,-5,680341200,36.5,4.17,10.0,19.3,35.3,22.1,23.1
2021-07-23 07:50:00,-5,680341800,37.3,4.17,10.0,19.3,35.3,22.2,23.1
2021-07-23 08:00:00,-5,680342400,36.8,4.17,10.0,19.3,35.3,22.2,23.1
2021-07-23 08:10:00,-5,680343000,30.5,4.17,10.0,19.3,35.3,22.1,23.0
2021-07-23 08:30:00,-5,680344200,36.5,4.17,10.0,19.3,35.2,22.1,22.9
2021-07-23 08:50:00,-5,680345400,40.0,4.17,10.1,19.2,35.2,22.1,23.0
2021-07-23 09:10:00,-5,680346600,40.8,4.17,10.1,19.3,35.2,22.1,22.8
2021-07-23 09:20:00,-5,680347200,41.3,4.17,10.1,19.2,35.2,22.1,22.8
2021-07-23 09:30:00,-5,680347800,42.8,4.17,10.1,19.2,35.1,22.1,22.8
2021-07-23 09:50:00,-5,680349000,44.8,4.17,10.1,19.2,35.1,22.1,22.8
2021-07-23 10:00:00,-5,680349600,45.8,4.17,10.1,19.2,35.1,22.1,22.8
2021-07-23 10:10:00,-5,680350200,46.5,4.17,10.2,19.2,35.1,22.1,22.8
2021-07-23 10:20:00,-5,680350800,46.8,4.17,10.2,19.2,35.1,22.1,22.8
2021-07-23 10:30:00,-5,680351400,46.0,4.17,10.2,19.2,35.1,22.1,22.8
2021-07-23 10:40:00,-5,680352000,45.8,4.17,10.3,19.2,35.1,22.1,22.8
2021-07-23 11:00:00,-5,680353200,46.8,4.17,10.3,19.2,35.0,22.2,22.7
2021-07-23 11:10:00,-5,680353800,46.0,4.17,10.4,19.2,35.0,22.1,22.8
2021-07-23 11:20:00,-5,680354400,45.3,4.17,10.4,19.2,35.0,22.2,22.8
2021-07-23 11:40:00,-5,680355600,44.5,4.17,10.5,19.2,35.0,22.1,22.8
2021-07-23 11:50:00,-5,680356200,45.3,4.17,10.5,19.1,35.0,22.2,22.7
2021-07-23 12:00:00,-5,680356800,45.5,4.17,10.5,19.1,35.0,22.1,22.7
2021-07-23 12:10:00,-5,680357400,42.3,4.17,10.5,19.2,35.0,22.2,22.7
2021-07-23 12:30:00,-5,680358600,44.0,4.17,10.6,19.1,34.9,22.3,22.7
2021-07-23 13:00:00,-5,680360400,44.8,4.17,10.6,19.2,34.9,22.3,22.7
2021-07-23 14:30:00,-5,680365800,40.5,4.17,10.8,19.2,34.9,22.7,22.6
2021-07-23 14:40:00,-5,680366400,40.5,4.17,10.8,19.2,34.9,22.8,22.8
2021-07-23 15:50:00,-5,680370600,33.3,4.17,10.9,19.3,34.9,23.1,22.6
2021-07-23 16:10:00,-5,680371800,33.8,4.17,10.9,19.3,34.9,23.1,22.8
2021-07-23 16:50:00,-5,680374200,32.8,4.17,10.9,19.4,34.9,23.4,22.7
2021-07-23 17:00:00,-5,680374800,32.5,4.17,10.9,19.4,34.9,23.3,22.8
2021-07-23 17:10:00,-5,680375400,32.3,4.17,10.9,19.4,34.9,23.4,22.8
2021-07-23 17:20:00,-5,680376000,32.3,4.17,10.9,19.4,34.9,23.4,22.7
2021-07-23 17:40:00,-5,680377200,31.0,4.17,10.9,19.4,34.9,23.5,22.7
2021-07-23 17:50:00,-5,680377800,30.5,4.17,10.9,19.4,34.9,23.5,22.7
2021-07-23 18:10:00,-5,680379000,29.8,4.17,10.9,19.5,34.9,23.5,22.8
2021-07-23 18:30:00,-5,680380200,28.0,4.17,10.9,19.5,34.9,23.6,23.0
2021-07-23 19:30:00,-5,680383800,20.0,4.15,10.9,19.5,34.9,23.7,22.8
2021-07-23 19:40:00,-5,680384400,18.8,4.15,10.8,19.6,35.0,23.7,22.8
2021-07-23 20:00:00,-5,680385600,17.8,4.15,10.8,19.6,35.0,23.6,23.0
2021-07-23 20:50:00,-5,680388600,16.5,4.14,10.8,19.6,35.0,23.6,23.1
2021-07-23 21:30:00,-5,680391000,15.8,4.14,10.6,19.6,35.0,23.7,22.8
2021-07-23 21:40:00,-5,680391600,15.8,4.14,10.5,19.6,35.0,23.6,22.9
2021-07-23 21:50:00,-5,680392200,15.8,4.14,10.5,19.6,35.0,23.7,22.9
2021-07-23 22:20:00,-5,680394000,15.3,4.14,10.4,19.6,35.0,23.6,23.1
2021-07-23 22:40:00,-5,680395200,15.0,4.14,10.4,19.6,35.0,23.5,23.1
2021-07-23 22:50:00,-5,680395800,15.0,4.12,10.3,19.6,35.0,23.6,23.1
2021-07-23 23:10:00,-5,680397000,15.0,4.12,10.3,19.6,35.0,23.6,23.1
2021-07-23 23:20:00,-5,680397600,14.8,4.12,10.3,19.6,35.0,23.5,23.1
2021-07-23 23:30:00,-5,680398200,14.8,4.12,10.3,19.5,35.0,23.3,23.1
2021-07-23 23:40:00,-5,680398800,14.5,4.12,10.2,19.6,35.0,23.4,23.1
2021-07-23 23:50:00,-5,680399400,14.3,4.12,10.2,19.6,35.0,23.3,23.1
2021-07-24 00:00:00,-5,680400000,14.3,4.12,10.1,19.5,35.0,23.3,23.1
2021-07-24 00:10:00,-5,680400600,14.3,4.12,10.1,19.5,35.0,23.3,23.1
2021-07-24 00:30:00,-5,680401800,14.3,4.12,10.1,19.5,35.0,23.3,23.2
2021-07-24 00:40:00,-5,680402400,14.0,4.12,10.0,19.5,35.0,23.2,23.0
2021-07-24 00:50:00,-5,680403000,14.0,4.12,10.0,19.5,35.0,23.1,23.0
2021-07-24 01:10:00,-5,680404200,14.0,4.12,10.0,19.5,35.0,23.1,23.2
2021-07-24 01:20:00,-5,680404800,13.8,4.12,10.0,19.5,35.0,23.1,23.2
2021-07-24 01:30:00,-5,680405400,13.8,4.12,9.9,19.5,35.0,23.1,23.1
2021-07-24 01:40:00,-5,680406000,13.5,4.12,9.9,19.4,35.0,23.1,23.0
2021-07-24 02:00:00,-5,680407200,13.5,4.11,9.9,19.4,35.0,23.0,23.1
2021-07-24 02:50:00,-5,680410200,13.5,4.11,9.7,19.4,35.0,22.7,23.1
2021-07-24 03:30:00,-5,680412600,12.8,4.11,9.7,19.3,35.0,22.7,23.1
2021-07-24 03:50:00,-5,680413800,13.0,4.11,9.6,19.3,35.0,22.7,22.9
2021-07-24 04:50:00,-5,680417400,12.5,4.09,9.5,19.2,35.0,22.4,22.8
2021-07-24 05:00:00,-5,680418000,12.5,4.09,9.4,19.2,35.0,22.2,22.8
2021-07-24 05:10:00,-5,680418600,12.8,4.09,9.4,19.2,35.0,22.3,23.0
2021-07-24 05:20:00,-5,680419200,13.0,4.09,9.4,19.2,35.0,22.2,22.8
2021-07-24 05:30:00,-5,680419800,13.8,4.09,9.4,19.1,35.0,22.2,22.9
2021-07-24 05:40:00,-5,680420400,15.3,4.09,9.4,19.1,35.0,22.1,22.8
2021-07-24 05:50:00,-5,680421000,17.0,4.11,9.4,19.1,35.0,22.2,22.8
2021-07-24 06:00:00,-5,680421600,18.5,4.11,9.3,19.1,35.0,22.2,22.8
2021-07-24 06:10:00,-5,680422200,20.0,4.11,9.3,19.1,35.0,22.2,23.0
2021-07-24 06:20:00,-5,680422800,22.3,4.11,9.3,19.1,35.0,22.1,22.8
2021-07-24 06:30:00,-5,680423400,24.3,4.12,9.3,19.1,35.0,22.1,22.7
2021-07-24 06:40:00,-5,680424000,26.3,4.12,9.3,19.1,35.0,22.1,22.7
2021-07-24 06:50:00,-5,680424600,29.3,4.12,9.3,19.0,35.0,22.1,22.7
2021-07-24 07:00:00,-5,680425200,31.0,4.14,9.3,19.0,35.0,22.1,22.7
2021-07-24 07:10:00,-5,680425800,33.0,4.14,9.3,19.0,35.0,22.1,22.7
2021-07-24 07:20:00,-5,680426400,35.3,4.14,9.3,19.0,35.0,22.1,22.7
2021-07-24 07:30:00,-5,680427000,37.0,4.15,9.3,19.0,35.0,21.7,22.7
2021-07-24 07:40:00,-5,680427600,38.5,4.15,9.3,19.0,35.0,22.1,22.7
2021-07-24 07:50:00,-5,680428200,40.5,4.17,9.3,19.0,35.0,22.1,22.7
2021-07-24 08:00:00,-5,680428800,42.0,4.17,9.3,19.0,35.0,21.8,22.7
2021-07-24 08:10:00,-5,680429400,43.0,4.17,9.3,19.0,35.0,22.1,22.6
2021-07-24 08:20:00,-5,680430000,44.8,4.17,9.3,18.9,34.9,21.7,22.7
2021-07-24 08:30:00,-5,680430600,45.5,4.17,9.3,18.9,34.9,21.7,22.6
2021-07-24 08:40:00,-5,680431200,46.8,4.17,9.3,18.9,34.9,22.1,22.6
2021-07-24 08:50:00,-5,680431800,47.3,4.17,9.4,18.9,34.9,22.1,22.7
2021-07-24 09:00:00,-5,680432400,48.5,4.17,9.4,18.9,34.9,21.8,22.5
2021-07-24 09:10:00,-5,680433000,48.8,4.17,9.4,18.9,34.9,21.7,22.7
2021-07-24 09:20:00,-5,680433600,49.5,4.17,9.4,18.9,34.9,21.8,22.7
2021-07-24 09:30:00,-5,680434200,50.0,4.17,9.4,18.9,34.9,21.7,22.6
2021-07-24 09:40:00,-5,680434800,50.3,4.17,9.5,18.9,34.9,21.8,22.6
2021-07-24 09:50:00,-5,680435400,49.5,4.17,9.5,18.8,34.8,21.7,22.6
2021-07-24 10:00:00,-5,680436000,50.8,4.17,9.5,18.8,34.8,21.7,22.5
2021-07-24 10:20:00,-5,680437200,51.5,4.17,9.6,18.8,34.8,21.8,22.4
2021-07-24 10:40:00,-5,680438400,52.3,4.17,9.8,18.7,34.8,21.8,22.5
2021-07-24 10:50:00,-5,680439000,52.3,4.17,9.7,18.8,34.8,21.8,22.3
2021-07-24 12:00:00,-5,680443200,50.0,4.17,10.0,18.8,34.7,22.1,22.5
2021-07-24 13:00:00,-5,680446800,42.0,4.17,10.1,18.8,34.7,22.3,22.4
2021-07-24 13:10:00,-5,680447400,40.8,4.17,10.2,18.8,34.6,22.4,22.4
2021-07-24 13:30:00,-5,680448600,40.3,4.17,10.2,18.9,34.6,22.3,22.4
2021-07-24 13:40:00,-5,680449200,45.0,4.17,10.2,18.8,34.6,22.5,22.3
2021-07-24 13:50:00,-5,680449800,41.5,4.17,10.2,18.9,34.6,22.5,22.5
2021-07-24 14:10:00,-5,680451000,35.5,4.17,10.3,18.9,34.6,22.6,22.4
2021-07-24 14:20:00,-5,680451600,38.3,4.17,10.3,18.9,34.6,22.7,22.4
2021-07-24 15:20:00,-5,680455200,39.0,4.17,10.3,19.0,34.6,22.7,22.4
2021-07-24 16:10:00,-5,680458200,34.3,4.17,10.4,19.0,34.6,23.1,22.4
2021-07-24 16:50:00,-5,680460600,31.3,4.17,10.4,19.1,34.6,23.1,22.4
2021-07-24 17:00:00,-5,680461200,33.0,4.17,10.4,19.1,34.6,23.2,22.5
2021-07-24 17:10:00,-5,680461800,33.5,4.17,10.4,19.1,34.6,23.1,22.3
2021-07-24 17:20:00,-5,680462400,33.3,4.17,10.4,19.1,34.6,23.1,22.4
2021-07-24 18:10:00,-5,680465400,29.8,4.17,10.4,19.2,34.7,23.5,22.5
2021-07-24 18:40:00,-5,680467200,26.3,4.17,10.4,19.2,34.7,23.4,22.6
2021-07-24 19:00:00,-5,680468400,24.0,4.15,10.4,19.2,34.7,23.5,22.6
2021-07-24 21:20:00,-5,680476800,23.0,4.14,10.2,19.3,34.7,23.6,22.7
2021-07-24 22:10:00,-5,680479800,23.3,4.14,10.2,19.3,34.7,23.6,22.7
2021-07-24 22:20:00,-5,680480400,23.3,4.14,10.2,19.3,34.7,23.5,22.8
2021-07-24 22:50:00,-5,680482200,23.3,4.12,10.2,19.3,34.7,23.6,22.8
2021-07-24 23:10:00,-5,680483400,23.0,4.12,10.1,19.3,34.7,23.5,22.7
2021-07-24 23:40:00,-5,680485200,20.5,4.12,10.1,19.3,34.7,23.4,22.8
2021-07-24 23:50:00,-5,680485800,20.0,4.12,10.1,19.3,34.8,23.6,22.8
2021-07-25 01:40:00,-5,680492400,19.3,4.11,10.0,19.3,34.8,23.4,22.8
2021-07-25 02:20:00,-5,680494800,19.3,4.11,10.0,19.3,34.8,23.4,22.8
2021-07-25 02:30:00,-5,680495400,19.3,4.11,10.0,19.3,34.8,23.1,22.8
2021-07-25 02:40:00,-5,680496000,19.3,4.11,10.0,19.3,34.8,23.2,22.8
2021-07-25 03:00:00,-5,680497200,19.0,4.11,9.9,19.3,34.8,23.2,22.8
2021-07-25 03:30:00,-5,680499000,19.3,4.09,9.9,19.3,34.8,23.3,22.7
2021-07-25 04:00:00,-5,680500800,19.3,4.09,9.9,19.3,34.8,23.2,22.8
2021-07-25 04:10:00,-5,680501400,19.5,4.09,9.9,19.3,34.8,23.3,22.8
2021-07-25 05:20:00,-5,680505600,20.0,4.09,9.8,19.3,34.8,23.1,23.0
2021-07-25 05:30:00,-5,680506200,20.3,4.09,9.8,19.3,34.8,23.1,22.8
2021-07-25 05:40:00,-5,680506800,20.5,4.08,9.8,19.3,34.8,23.1,22.8
2021-07-25 08:10:00,-5,680515800,36.8,4.11,9.8,19.2,34.8,22.8,22.8
2021-07-25 09:20:00,-5,680520000,44.0,4.14,9.9,19.2,34.7,22.8,22.7
2021-07-25 10:50:00,-5,680525400,49.5,4.17,10.1,19.2,34.7,23.2,22.7
2021-07-25 11:00:00,-5,680526000,46.8,4.17,10.1,19.2,34.7,23.1,22.6
2021-07-25 11:10:00,-5,680526600,45.3,4.17,10.1,19.2,34.6,23.0,22.8
2021-07-25 12:00:00,-5,680529600,49.3,4.17,10.2,19.1,34.6,23.1,22.7
2021-07-25 12:40:00,-5,680532000,44.5,4.17,10.3,19.2,34.6,23.5,22.7
2021-07-25 12:50:00,-5,680532600,46.3,4.17,10.4,19.2,34.6,23.2,22.7
2021-07-25 14:20:00,-5,680538000,38.8,4.17,10.6,19.2,34.6,23.6,23.0
2021-07-25 14:30:00,-5,680538600,36.0,4.17,10.6,19.3,34.6,23.6,22.8
2021-07-25 14:40:00,-5,680539200,33.3,4.17,10.6,19.2,34.6,23.6,22.8
2021-07-25 14:50:00,-5,680539800,32.0,4.17,10.6,19.2,34.6,23.8,23.0
2021-07-25 15:10:00,-5,680541000,38.3,4.17,10.6,19.3,34.6,23.8,22.7
2021-07-25 15:50:00,-5,680543400,38.3,4.17,10.7,19.3,34.6,23.8,23.0
2021-07-25 16:00:00,-5,680544000,37.5,4.17,10.7,19.4,34.6,24.0,22.8
2021-07-25 16:10:00,-5,680544600,37.8,4.17,10.7,19.4,34.6,24.0,23.0
2021-07-25 16:20:00,-5,680545200,36.8,4.17,10.7,19.4,34.6,24.0,22.8
2021-07-25 16:30:00,-5,680545800,36.0,4.17,10.7,19.4,34.6,24.0,23.0
2021-07-25 16:40:00,-5,680546400,36.0,4.17,10.7,19.4,34.6,24.0,23.0
2021-07-25 16:50:00,-5,680547000,35.8,4.17,10.7,19.3,34.6,24.0,23.0
2021-07-25 17:00:00,-5,680547600,33.3,4.17,10.7,19.4,34.6,24.1,23.0
2021-07-25 17:10:00,-5,680548200,31.5,4.17,10.7,19.4,34.6,24.0,23.0
2021-07-25 17:30:00,-5,680549400,33.5,4.17,10.7,19.5,34.6,24.1,23.0
2021-07-25 17:50:00,-5,680550600,33.0,4.17,10.8,19.4,34.6,24.1,23.0
2021-07-25 18:00:00,-5,680551200,31.3,4.17,10.8,19.5,34.6,24.2,23.0
2021-07-25 18:10:00,-5,680551800,29.8,4.17,10.8,19.4,34.6,24.2,23.0
2021-07-25 18:50:00,-5,680554200,27.8,4.17,10.7,19.6,34.6,24.3,23.0
2021-07-25 19:20:00,-5,680556000,24.5,4.17,10.7,19.6,34.7,24.3,23.1
2021-07-25 19:30:00,-5,680556600,24.3,4.15,10.7,19.6,34.7,24.3,23.2
2021-07-25 19:50:00,-5,680557800,23.5,4.15,10.8,19.5,34.7,24.3,23.1
2021-07-25 20:20:00,-5,680559600,23.3,4.15,10.7,19.6,34.7,24.3,23.0
2021-07-25 20:30:00,-5,680560200,23.8,4.15,10.7,19.6,34.7,24.3,23.0
2021-07-25 20:40:00,-5,680560800,23.8,4.15,10.7,19.6,34.7,24.3,23.0
2021-07-25 21:10:00,-5,680562600,23.3,4.15,10.6,19.7,34.7,24.3,23.1
2021-07-25 21:30:00,-5,680563800,22.8,4.15,10.6,19.7,34.7,24.4,23.2
2021-07-25 21:40:00,-5,680564400,22.8,4.15,10.6,19.7,34.7,24.3,23.1
2021-07-25 22:30:00,-5,680567400,22.8,4.14,10.5,19.7,34.7,24.3,23.2
2021-07-25 22:40:00,-5,680568000,22.5,4.14,10.5,19.7,34.7,24.4,23.3
2021-07-25 22:50:00,-5,680568600,22.3,4.14,10.5,19.7,34.7,24.3,23.4
2021-07-25 23:30:00,-5,680571000,22.5,4.14,10.5,19.7,34.7,24.3,23.4
2021-07-25 23:40:00,-5,680571600,22.5,4.14,10.4,19.7,34.7,24.3,23.3
2021-07-25 23:50:00,-5,680572200,22.3,4.14,10.4,19.7,34.7,24.2,23.3
2021-07-26 00:20:00,-5,680574000,21.5,4.12,10.4,19.7,34.7,24.3,23.4
2021-07-26 00:30:00,-5,680574600,21.3,4.12,10.4,19.7,34.7,24.3,23.4
2021-07-26 02:00:00,-5,680580000,20.0,4.12,10.3,19.6,34.7,24.3,23.3
2021-07-26 04:00:00,-5,680587200,19.3,4.11,10.1,19.6,34.8,24.1,23.4
2021-07-26 04:10:00,-5,680587800,19.3,4.11,10.1,19.5,34.8,23.7,23.5
2021-07-26 04:30:00,-5,680589000,19.3,4.09,10.0,19.6,34.8,24.0,23.5
2021-07-26 05:40:00,-5,680593200,20.3,4.09,9.9,19.6,34.8,23.8,23.4
2021-07-26 06:00:00,-5,680594400,23.8,4.09,9.9,19.5,34.8,23.8,23.5
2021-07-26 06:30:00,-5,680596200,24.8,4.11,9.9,19.5,34.8,23.8,23.5
2021-07-26 06:50:00,-5,680597400,26.8,4.11,9.9,19.4,34.8,23.8,23.5
2021-07-26 07:40:00,-5,680600400,35.8,4.12,9.9,19.4,34.8,23.8,23.4
2021-07-26 08:20:00,-5,680602800,38.3,4.14,9.9,19.4,34.7,23.6,23.3
2021-07-26 08:30:00,-5,680603400,34.5,4.14,9.9,19.4,34.8,23.7,23.3
2021-07-26 08:50:00,-5,680604600,37.5,4.15,10.0,19.3,34.7,23.6,23.4
2021-07-26 09:00:00,-5,680605200,37.8,4.15,10.0,19.3,34.7,23.6,23.3
2021-07-26 09:10:00,-5,680605800,37.5,4.15,10.0,19.3,34.7,23.7,23.3
2021-07-26 09:50:00,-5,680608200,39.0,4.17,10.0,19.4,34.7,23.6,23.3
2021-07-26 10:20:00,-5,680610000,44.5,4.17,10.1,19.3,34.7,23.6,23.1
2021-07-26 11:00:00,-5,680612400,46.3,4.17,10.1,19.4,34.6,23.7,23.4
2021-07-26 11:20:00,-5,680613600,48.0,4.17,10.2,19.3,34.6,23.7,23.2
2021-07-26 11:40:00,-5,680614800,47.8,4.17,10.2,19.3,34.6,23.7,23.2
2021-07-26 12:20:00,-5,680617200,44.8,4.17,10.3,19.3,34.5,23.8,23.2
2021-07-26 12:50:00,-5,680619000,45.3,4.17,10.4,19.3,34.5,23.8,23.1
2021-07-26 13:50:00,-5,680622600,44.8,4.17,10.4,19.3,34.4,24.0,23.3
2021-07-26 14:00:00,-5,680623200,44.3,4.17,10.5,19.3,34.4,24.0,23.1
2021-07-26 14:20:00,-5,680624400,42.8,4.17,10.5,19.3,34.4,24.0,23.2
2021-07-26 14:30:00,-5,680625000,39.8,4.17,10.5,19.4,34.4,24.1,23.2
2021-07-26 16:40:00,-5,680632800,36.3,4.17,10.6,19.4,34.3,24.4,23.3
2021-07-26 17:50:00,-5,680637000,34.3,4.17,10.6,19.4,34.4,24.5,23.4
2021-07-26 18:30:00,-5,680639400,32.0,4.15,10.5,19.6,34.4,24.5,23.5
2021-07-26 18:50:00,-5,680640600,28.5,4.15,10.6,19.5,34.4,24.6,23.4
2021-07-26 19:00:00,-5,680641200,26.8,4.15,10.5,19.5,34.4,24.6,23.4
2021-07-26 19:20:00,-5,680642400,23.3,4.15,10.5,19.6,34.4,24.7,23.5
2021-07-26 19:30:00,-5,680643000,22.0,4.15,10.5,19.6,34.4,24.6,23.6
2021-07-26 19:50:00,-5,680644200,21.0,4.15,10.5,19.6,34.4,24.6,23.5
2021-07-26 20:20:00,-5,680646000,20.0,4.14,10.4,19.5,34.4,24.7,23.5
2021-07-26 20:30:00,-5,680646600,19.8,4.14,10.4,19.5,34.4,24.6,23.5
2021-07-26 21:10:00,-5,680649000,19.3,4.14,10.3,19.5,34.5,24.6,23.7
2021-07-26 23:00:00,-5,680655600,18.3,4.12,10.0,19.5,34.5,24.5,23.7
2021-07-26 23:10:00,-5,680656200,18.0,4.12,10.0,19.6,34.5,24.5,23.7
2021-07-27 00:50:00,-5,680662200,17.5,4.11,9.7,19.5,34.5,24.1,23.7
2021-07-27 01:00:00,-5,680662800,17.3,4.11,9.7,19.5,34.5,24.2,23.6
2021-07-27 01:10:00,-5,680663400,17.3,4.11,9.7,19.4,34.5,24.2,23.7
2021-07-27 01:30:00,-5,680664600,17.3,4.11,9.7,19.4,34.5,24.1,23.6
2021-07-27 02:00:00,-5,680666400,17.0,4.11,9.6,19.4,34.5,24.1,23.7
2021-07-27 02:50:00,-5,680669400,16.8,4.09,9.5,19.3,34.5,24.1,23.6
2021-07-27 03:10:00,-5,680670600,16.5,4.09,9.5,19.3,34.5,23.8,23.6
2021-07-27 03:20:00,-5,680671200,16.5,4.09,9.4,19.3,34.5,23.8,23.7
2021-07-27 03:40:00,-5,680672400,16.3,4.09,9.4,19.2,34.5,23.8,23.6
2021-07-27 04:00:00,-5,680673600,16.3,4.09,9.3,19.3,34.5,23.8,23.7
2021-07-27 04:10:00,-5,680674200,16.3,4.09,9.3,19.3,34.5,23.7,23.6
2021-07-27 04:20:00,-5,680674800,16.3,4.09,9.3,19.3,34.5,23.8,23.6
2021-07-27 04:30:00,-5,680675400,16.5,4.09,9.3,19.3,34.5,23.7,23.7
2021-07-27 04:50:00,-5,680676600,16.3,4.09,9.2,19.3,34.5,23.7,23.7
2021-07-27 05:00:00,-5,680677200,16.3,4.09,9.2,19.3,34.5,23.6,23.5
2021-07-27 05:30:00,-5,680679000,16.8,4.08,9.2,19.2,34.5,23.6,23.6
2021-07-27 05:40:00,-5,680679600,17.8,4.08,9.2,19.2,34.5,23.5,23.7
2021-07-27 05:50:00,-5,680680200,19.0,4.09,9.1,19.2,34.5,23.5,23.6
2021-07-27 06:00:00,-5,680680800,20.5,4.09,9.1,19.2,34.5,23.5,23.5
2021-07-27 06:10:00,-5,680681400,22.0,4.09,9.1,19.2,34.5,23.3,23.5
2021-07-27 06:20:00,-5,680682000,23.5,4.09,9.1,19.2,34.5,23.5,23.4
2021-07-27 06:30:00,-5,680682600,25.0,4.09,9.1,19.2,34.5,23.4,23.5
2021-07-27 06:50:00,-5,680683800,29.3,4.11,9.1,19.1,34.5,23.5,23.4
2021-07-27 07:00:00,-5,680684400,31.0,4.11,9.1,19.0,34.5,23.2,23.5
2021-07-27 07:20:00,-5,680685600,36.0,4.12,9.1,19.1,34.5,23.2,23.4
2021-07-27 07:40:00,-5,680686800,39.3,4.12,9.1,19.0,34.5,23.2,23.5
2021-07-27 07:50:00,-5,680687400,41.5,4.14,9.1,19.1,34.5,23.1,23.3
2021-07-27 08:00:00,-5,680688000,43.0,4.14,9.1,19.1,34.5,23.1,23.5
2021-07-27 08:20:00,-5,680689200,45.8,4.15,9.2,18.9,34.4,23.1,23.2
2021-07-27 08:30:00,-5,680689800,47.0,4.15,9.2,18.9,34.4,23.1,23.3
2021-07-27 09:00:00,-5,680691600,49.0,4.17,9.2,19.0,34.4,23.1,23.2
2021-07-27 09:10:00,-5,680692200,50.0,4.17,9.2,19.0,34.4,23.1,23.2
2021-07-27 09:30:00,-5,680693400,52.0,4.17,9.3,18.9,34.4,23.1,23.2
2021-07-27 09:40:00,-5,680694000,53.0,4.17,9.3,19.0,34.3,23.1,23.3
2021-07-27 10:40:00,-5,680697600,54.3,4.17,9.5,18.9,34.2,23.1,23.3
2021-07-27 12:20:00,-5,680703600,51.0,4.17,9.8,18.9,34.0,23.4,23.0
2021-07-27 13:00:00,-5,680706000,47.8,4.17,10.0,18.8,34.0,23.6,23.1
2021-07-27 14:10:00,-5,680710200,44.0,4.17,10.1,18.9,33.9,23.8,23.1
2021-07-27 14:30:00,-5,680711400,42.3,4.17,10.2,18.9,33.9,24.0,23.2
2021-07-27 14:40:00,-5,680712000,42.0,4.17,10.2,18.9,33.9,23.7,23.1
2021-07-27 15:10:00,-5,680713800,40.5,4.17,10.2,18.9,33.8,24.0,23.2
2021-07-27 15:20:00,-5,680714400,39.8,4.17,10.2,19.0,33.8,24.0,23.2
2021-07-27 17:40:00,-5,680722800,35.3,4.17,10.2,19.2,33.9,24.5,23.2
2021-07-27 18:00:00,-5,680724000,33.8,4.17,10.3,19.1,33.9,24.5,23.3
2021-07-27 18:10:00,-5,680724600,33.3,4.17,10.3,19.1,33.9,24.5,23.3
2021-07-27 18:20:00,-5,680725200,32.3,4.17,10.3,19.1,33.9,24.6,23.3
2021-07-27 18:30:00,-5,680725800,30.8,4.15,10.3,19.1,33.9,24.5,23.3
2021-07-27 18:40:00,-5,680726400,29.3,4.15,10.3,19.2,33.9,24.5,23.3
2021-07-27 18:50:00,-5,680727000,28.0,4.15,10.3,19.2,33.9,24.5,23.3
2021-07-27 19:20:00,-5,680728800,24.0,4.15,10.2,19.3,33.9,24.6,23.5
2021-07-27 19:30:00,-5,680729400,23.3,4.15,10.2,19.2,33.9,24.6,23.5
2021-07-27 19:40:00,-5,680730000,22.5,4.15,10.2,19.2,34.0,24.6,23.4
2021-07-27 21:10:00,-5,680735400,20.0,4.14,10.0,19.4,34.0,24.7,23.6
2021-07-27 23:00:00,-5,680742000,19.3,4.12,9.8,19.3,34.0,24.5,23.6
2021-07-27 23:10:00,-5,680742600,19.0,4.12,9.8,19.3,34.0,24.5,23.6
2021-07-27 23:40:00,-5,680744400,18.5,4.12,9.7,19.3,34.0,24.5,23.7
2021-07-28 00:00:00,-5,680745600,18.5,4.12,9.7,19.2,34.0,24.4,23.7
2021-07-28 00:20:00,-5,680746800,18.5,4.12,9.6,19.3,34.0,24.5,23.7
2021-07-28 01:10:00,-5,680749800,18.0,4.11,9.5,19.3,34.0,24.3,23.7
2021-07-28 01:20:00,-5,680750400,18.0,4.11,9.4,19.3,34.0,24.3,23.6
2021-07-28 01:50:00,-5,680752200,17.5,4.11,9.4,19.2,34.0,24.2,23.8
2021-07-28 02:10:00,-5,680753400,17.5,4.11,9.4,19.1,34.0,24.1,23.6
2021-07-28 02:40:00,-5,680755200,17.8,4.11,9.4,19.1,34.0,24.1,23.7
2021-07-28 03:10:00,-5,680757000,17.3,4.09,9.3,19.1,34.0,24.1,23.6
2021-07-28 03:20:00,-5,680757600,17.3,4.09,9.3,19.2,34.0,24.1,23.7
2021-07-28 05:00:00,-5,680763600,16.5,4.09,9.1,19.1,34.0,23.8,23.5
2021-07-28 05:20:00,-5,680764800,16.5,4.08,9.0,19.1,34.0,23.8,23.7
2021-07-28 05:30:00,-5,680765400,16.5,4.09,9.0,19.0,34.0,23.8,23.7
2021-07-28 05:40:00,-5,680766000,18.0,4.09,9.1,18.9,34.0,23.8,23.7
2021-07-28 05:50:00,-5,680766600,19.8,4.09,9.0,18.9,34.0,23.7,23.7
2021-07-28 06:00:00,-5,680767200,21.8,4.09,9.0,19.0,34.0,23.7,23.7
2021-07-28 06:10:00,-5,680767800,23.8,4.09,9.0,19.0,34.0,23.8,23.7
2021-07-28 06:20:00,-5,680768400,25.3,4.09,9.0,18.9,34.0,23.6,23.6
2021-07-28 06:30:00,-5,680769000,26.3,4.11,8.9,19.0,34.0,23.6,23.6
2021-07-28 06:40:00,-5,680769600,28.3,4.11,9.0,18.9,34.0,23.6,23.5
2021-07-28 06:50:00,-5,680770200,30.0,4.11,8.9,19.0,34.0,23.6,23.6
2021-07-28 07:00:00,-5,680770800,31.8,4.12,9.0,18.9,34.0,23.7,23.6
2021-07-28 07:10:00,-5,680771400,32.8,4.12,9.0,18.9,34.0,23.6,23.6
2021-07-28 07:20:00,-5,680772000,34.3,4.12,8.9,18.9,34.0,23.6,23.7
2021-07-28 07:30:00,-5,680772600,35.8,4.14,9.0,18.8,34.0,23.6,23.5
2021-07-28 07:40:00,-5,680773200,36.5,4.14,8.9,18.9,34.0,23.6,23.5
2021-07-28 07:50:00,-5,680773800,38.0,4.14,9.0,18.8,34.0,23.4,23.5
2021-07-28 08:00:00,-5,680774400,39.0,4.15,8.9,18.9,34.0,23.5,23.5
2021-07-28 08:10:00,-5,680775000,39.5,4.15,9.0,18.8,34.0,23.5,23.6
2021-07-28 08:20:00,-5,680775600,39.8,4.17,8.9,18.9,34.0,23.3,23.5
2021-07-28 08:30:00,-5,680776200,40.3,4.17,8.9,18.9,34.0,23.5,23.5
2021-07-28 08:40:00,-5,680776800,40.3,4.17,9.0,18.8,34.0,23.3,23.4
2021-07-28 09:00:00,-5,680778000,42.3,4.17,9.0,18.8,33.9,23.5,23.5
2021-07-28 09:10:00,-5,680778600,42.3,4.17,9.0,18.8,33.9,23.4,23.5
2021-07-28 09:20:00,-5,680779200,43.3,4.17,9.0,18.7,33.9,23.4,23.4
2021-07-28 09:40:00,-5,680780400,45.3,4.17,9.0,18.8,33.9,23.5,23.4
2021-07-28 10:00:00,-5,680781600,46.0,4.17,9.1,18.8,33.8,23.3,23.5
2021-07-28 10:10:00,-5,680782200,45.8,4.17,9.1,18.7,33.8,23.3,23.3
2021-07-28 10:20:00,-5,680782800,46.5,4.17,9.1,18.8,33.8,23.4,23.5
2021-07-28 10:50:00,-5,680784600,47.8,4.17,9.2,18.7,33.8,23.5,23.5
2021-07-28 11:10:00,-5,680785800,39.5,4.17,9.3,18.7,33.8,23.3,23.4
2021-07-28 11:30:00,-5,680787000,40.0,4.17,9.3,18.7,33.8,23.6,23.2
2021-07-28 12:00:00,-5,680788800,37.5,4.17,9.4,18.7,33.8,23.6,23.3
2021-07-28 13:00:00,-5,680792400,44.8,4.17,9.5,18.7,33.7,23.6,23.2
2021-07-28 14:00:00,-5,680796000,37.0,4.17,9.6,18.8,33.7,23.8,23.3
2021-07-28 15:00:00,-5,680799600,39.3,4.17,9.7,18.7,33.6,23.7,23.3
2021-07-28 15:50:00,-5,680802600,32.3,4.17,9.7,18.7,33.7,24.0,23.3
2021-07-28 17:00:00,-5,680806800,33.8,4.17,9.8,18.8,33.6,24.2,23.3
2021-07-28 17:10:00,-5,680807400,33.8,4.17,9.7,18.9,33.6,24.1,23.3
2021-07-28 17:20:00,-5,680808000,33.0,4.17,9.7,18.9,33.6,24.1,23.2
2021-07-28 17:30:00,-5,680808600,32.3,4.17,9.8,18.8,33.7,24.2,23.2
2021-07-28 17:40:00,-5,680809200,32.3,4.17,9.8,18.8,33.7,24.3,23.4
2021-07-28 18:20:00,-5,680811600,30.3,4.17,9.8,18.9,33.7,24.3,23.3
2021-07-28 18:50:00,-5,680813400,27.8,4.15,9.7,19.0,33.7,24.3,23.3
2021-07-28 19:00:00,-5,680814000,26.5,4.15,9.8,18.9,33.7,24.3,23.3
2021-07-28 19:10:00,-5,680814600,25.0,4.15,9.7,19.0,33.7,24.3,23.4
2021-07-28 19:20:00,-5,680815200,24.8,4.15,9.7,19.0,33.7,24.3,23.5
2021-07-28 19:40:00,-5,680816400,23.8,4.15,9.7,19.0,33.7,24.4,23.4
2021-07-28 19:50:00,-5,680817000,23.5,4.15,9.7,19.0,33.7,24.3,23.4
2021-07-28 20:00:00,-5,680817600,23.5,4.15,9.7,18.9,33.7,24.4,23.6
2021-07-28 20:10:00,-5,680818200,23.3,4.15,9.7,18.9,33.7,24.5,23.6
2021-07-28 22:20:00,-5,680826000,19.0,4.14,9.4,19.0,33.7,24.3,23.6
2021-07-28 22:40:00,-5,680827200,19.0,4.14,9.4,18.9,33.8,24.3,23.6
2021-07-28 23:20:00,-5,680829600,18.5,4.12,9.3,19.0,33.8,24.3,23.6
2021-07-28 23:40:00,-5,680830800,18.5,4.12,9.3,19.0,33.8,24.1,23.6
2021-07-29 00:00:00,-5,680832000,18.3,4.12,9.3,18.9,33.8,24.2,23.7
2021-07-29 00:30:00,-5,680833800,18.0,4.12,9.2,18.9,33.8,24.1,23.7
2021-07-29 00:50:00,-5,680835000,17.5,4.12,9.2,18.9,33.8,24.1,23.7
2021-07-29 01:10:00,-5,680836200,17.8,4.11,9.1,19.0,33.8,24.1,23.6
2021-07-29 03:30:00,-5,680844600,19.3,4.09,8.9,18.9,33.8,23.7,23.6
2021-07-29 03:40:00,-5,680845200,19.0,4.09,8.9,18.8,33.8,23.8,23.5
2021-07-29 04:30:00,-5,680848200,19.3,4.09,8.9,18.8,33.8,23.8,23.6
2021-07-29 05:00:00,-5,680850000,19.5,4.09,8.8,18.8,33.8,23.7,23.6
2021-07-29 05:10:00,-5,680850600,19.8,4.09,8.8,18.8,33.8,23.7,23.6
2021-07-29 05:20:00,-5,680851200,19.5,4.08,8.8,18.8,33.8,23.6,23.6
2021-07-29 05:30:00,-5,680851800,19.8,4.08,8.8,18.8,33.8,23.7,23.6
2021-07-29 05:40:00,-5,680852400,20.0,4.08,8.8,18.8,33.8,23.7,23.4
2021-07-29 05:50:00,-5,680853000,20.3,4.08,8.8,18.7,33.8,23.6,23.4
2021-07-29 06:00:00,-5,680853600,20.5,4.08,8.8,18.7,33.8,23.7,23.5
2021-07-29 06:10:00,-5,680854200,20.5,4.08,8.8,18.7,33.8,23.7,23.4
2021-07-29 06:20:00,-5,680854800,21.5,4.08,8.8,18.7,33.8,23.6,23.7
2021-07-29 06:30:00,-5,680855400,23.3,4.09,8.8,18.7,33.8,23.7,23.3
2021-07-29 06:40:00,-5,680856000,23.3,4.09,8.8,18.7,33.8,23.6,23.5
2021-07-29 07:20:00,-5,680858400,24.3,4.08,8.8,18.7,33.8,23.5,23.3
2021-07-29 07:50:00,-5,680860200,25.3,4.09,8.8,18.7,33.8,23.5,23.4
2021-07-29 08:00:00,-5,680860800,25.0,4.09,8.8,18.7,33.8,23.6,23.4
2021-07-29 08:10:00,-5,680861400,25.0,4.09,8.9,18.6,33.8,23.5,23.4
2021-07-29 08:20:00,-5,680862000,25.8,4.09,8.8,18.7,33.8,23.5,23.4
2021-07-29 08:50:00,-5,680863800,25.5,4.09,8.8,18.7,33.8,23.4,23.3
2021-07-29 09:00:00,-5,680864400,26.3,4.09,8.9,18.6,33.8,23.4,23.3
2021-07-29 09:10:00,-5,680865000,26.5,4.09,8.8,18.6,33.7,23.2,23.4
2021-07-29 09:40:00,-5,680866800,29.0,4.09,8.9,18.6,33.7,23.4,23.3
2021-07-29 10:10:00,-5,680868600,30.5,4.09,9.0,18.5,33.7,23.4,23.3
2021-07-29 10:50:00,-5,680871000,27.5,4.09,9.0,18.6,33.8,23.5,23.2
2021-07-29 11:20:00,-5,680872800,29.0,4.09,9.0,18.6,33.7,23.5,23.2
2021-07-29 12:00:00,-5,680875200,36.8,4.12,9.0,18.6,33.7,23.5,23.3
2021-07-29 12:10:00,-5,680875800,35.8,4.12,9.1,18.5,33.7,23.5,23.2
2021-07-29 12:20:00,-5,680876400,34.5,4.12,9.1,18.5,33.7,23.5,23.1
2021-07-29 12:50:00,-5,680878200,34.8,4.12,9.1,18.6,33.7,23.5,23.2
2021-07-29 15:00:00,-5,680886000,26.0,4.12,9.2,18.7,33.7,23.6,23.2
2021-07-29 15:20:00,-5,680887200,28.5,4.12,9.2,18.7,33.7,23.7,23.1
2021-07-29 15:50:00,-5,680889000,29.3,4.12,9.3,18.7,33.7,23.7,23.1
2021-07-29 16:20:00,-5,680890800,27.8,4.12,9.3,18.7,33.7,23.8,23.2
2021-07-29 16:40:00,-5,680892000,26.8,4.12,9.3,18.7,33.7,23.8,23.2
2021-07-29 17:40:00,-5,680895600,27.5,4.12,9.3,18.7,33.7,24.0,23.4
2021-07-29 18:00:00,-5,680896800,29.0,4.12,9.4,18.7,33.7,24.0,23.1
2021-07-29 19:20:00,-5,680901600,25.5,4.11,9.3,18.8,33.7,24.0,23.4
2021-07-29 20:20:00,-5,680905200,24.5,4.09,9.4,18.7,33.7,24.0,23.3
2021-07-29 20:30:00,-5,680905800,24.0,4.09,9.4,18.7,33.7,24.0,23.3
2021-07-29 21:10:00,-5,680908200,22.8,4.09,9.3,18.8,33.7,23.7,23.4
2021-07-29 21:30:00,-5,680909400,22.0,4.09,9.3,18.8,33.7,24.0,23.3
2021-07-29 22:30:00,-5,680913000,21.0,4.08,9.2,18.8,33.7,24.0,23.3
2021-07-29 23:00:00,-5,680914800,21.5,4.08,9.2,18.7,33.7,24.0,23.3
2021-07-29 23:30:00,-5,680916600,22.3,4.08,9.2,18.8,33.7,23.8,23.2
2021-07-29 23:50:00,-5,680917800,22.3,4.08,9.2,18.8,33.7,24.0,23.3
2021-07-30 00:30:00,-5,680920200,22.3,4.08,9.1,18.8,33.7,24.0,23.4
2021-07-30 00:50:00,-5,680921400,22.0,4.08,9.2,18.7,33.7,23.7,23.3
2021-07-30 02:40:00,-5,680928000,20.0,4.06,9.0,18.8,33.7,23.8,23.4
2021-07-30 03:00:00,-5,680929200,20.5,4.06,9.0,18.8,33.7,23.8,23.4
2021-07-30 04:10:00,-5,680933400,20.8,4.05,8.9,18.7,33.7,23.7,23.3
2021-07-30 04:30:00,-5,680934600,20.3,4.05,8.9,18.7,33.7,23.6,23.3
2021-07-30 04:40:00,-5,680935200,20.3,4.05,8.9,18.7,33.7,23.7,23.4
2021-07-30 05:00:00,-5,680936400,19.5,4.05,8.9,18.7,33.7,23.7,23.3
2021-07-30 05:20:00,-5,680937600,19.8,4.05,8.9,18.7,33.7,23.7,23.2
2021-07-30 05:40:00,-5,680938800,21.0,4.05,8.9,18.7,33.7,23.7,23.4
2021-07-30 05:50:00,-5,680939400,22.0,4.05,8.9,18.7,33.7,23.6,23.3
2021-07-30 06:20:00,-5,680941200,25.5,4.06,8.8,18.7,33.7,23.6,23.4
2021-07-30 06:40:00,-5,680942400,28.3,4.06,8.8,18.7,33.7,23.6,23.2
2021-07-30 06:50:00,-5,680943000,30.0,4.06,8.8,18.7,33.7,23.6,23.3
2021-07-30 07:00:00,-5,680943600,31.3,4.08,8.8,18.7,33.7,23.6,23.4
2021-07-30 07:20:00,-5,680944800,33.3,4.08,8.8,18.7,33.7,23.7,23.2
2021-07-30 07:30:00,-5,680945400,34.8,4.08,8.8,18.7,33.7,23.6,23.2
2021-07-30 07:50:00,-5,680946600,36.5,4.09,8.9,18.7,33.7,23.5,23.2
2021-07-30 08:10:00,-5,680947800,37.8,4.11,8.9,18.6,33.7,23.6,23.3
2021-07-30 08:20:00,-5,680948400,38.5,4.11,8.9,18.5,33.7,23.5,23.3
2021-07-30 08:30:00,-5,680949000,38.5,4.11,8.9,18.6,33.7,23.5,23.3
2021-07-30 08:50:00,-5,680950200,39.3,4.12,8.9,18.6,33.6,23.5,23.3
2021-07-30 10:20:00,-5,680955600,44.0,4.17,9.0,18.5,33.5,23.5,23.2
2021-07-30 10:40:00,-5,680956800,46.3,4.17,9.0,18.5,33.5,23.6,23.2
2021-07-30 11:00:00,-5,680958000,46.8,4.17,9.0,18.5,33.4,23.5,23.2
2021-07-30 11:10:00,-5,680958600,45.5,4.17,9.1,18.4,33.4,23.5,23.3
2021-07-30 13:10:00,-5,680965800,39.8,4.17,9.2,18.5,33.3,23.6,23.2
2021-07-30 14:10:00,-5,680969400,37.0,4.17,9.2,18.5,33.3,23.7,23.2
2021-07-30 14:40:00,-5,680971200,38.0,4.17,9.3,18.5,33.3,23.7,23.1
2021-07-30 14:50:00,-5,680971800,36.5,4.17,9.3,18.5,33.3,23.8,23.2
2021-07-30 15:00:00,-5,680972400,36.3,4.17,9.3,18.5,33.3,24.0,23.2
2021-07-30 15:20:00,-5,680973600,34.5,4.18,9.3,18.5,33.3,24.0,23.2
2021-07-30 15:30:00,-5,680974200,34.3,4.18,9.3,18.5,33.3,24.0,23.1
2021-07-30 15:40:00,-5,680974800,34.3,4.18,9.3,18.5,33.3,24.0,23.2
2021-07-30 15:50:00,-5,680975400,33.3,4.18,9.4,18.4,33.3,24.0,23.2
2021-07-30 16:00:00,-5,680976000,32.5,4.18,9.3,18.5,33.3,24.0,23.3
2021-07-30 16:10:00,-5,680976600,33.3,4.18,9.3,18.5,33.2,24.0,23.2
2021-07-30 16:20:00,-5,680977200,32.5,4.18,9.3,18.5,33.3,24.0,23.2
2021-07-30 16:40:00,-5,680978400,31.5,4.18,9.4,18.4,33.3,24.0,23.2
2021-07-30 16:50:00,-5,680979000,31.0,4.18,9.3,18.5,33.3,24.1,23.2
2021-07-30 17:00:00,-5,680979600,31.0,4.17,9.3,18.5,33.3,24.0,23.2
2021-07-30 17:20:00,-5,680980800,30.8,4.17,9.4,18.5,33.3,24.1,23.3
2021-07-30 17:40:00,-5,680982000,30.3,4.17,9.3,18.6,33.3,24.1,23.3
2021-07-30 17:50:00,-5,680982600,29.8,4.17,9.3,18.5,33.3,24.2,23.2
2021-07-30 18:00:00,-5,680983200,29.3,4.17,9.4,18.5,33.3,24.2,23.3
2021-07-30 18:10:00,-5,680983800,28.5,4.17,9.3,18.6,33.3,24.1,23.3
2021-07-30 18:20:00,-5,680984400,28.0,4.17,9.3,18.6,33.3,24.2,23.2
2021-07-30 18:30:00,-5,680985000,27.5,4.17,9.3,18.6,33.3,24.1,23.4
2021-07-30 19:00:00,-5,680986800,25.0,4.17,9.3,18.6,33.3,24.3,23.3
2021-07-30 19:10:00,-5,680987400,23.5,4.17,9.3,18.5,33.3,24.3,23.3
2021-07-30 19:40:00,-5,680989200,21.5,4.15,9.2,18.5,33.3,24.1,23.4
2021-07-30 22:30:00,-5,680999400,17.3,4.14,8.8,18.6,33.3,24.1,23.5
2021-07-30 23:40:00,-5,681003600,16.3,4.12,8.6,18.5,33.3,23.8,23.5
2021-07-30 23:50:00,-5,681004200,15.8,4.12,8.6,18.6,33.3,23.7,23.4
2021-07-31 00:10:00,-5,681005400,15.5,4.12,8.6,18.5,33.3,23.8,23.4
2021-07-31 00:50:00,-5,681007800,13.8,4.12,8.4,18.5,33.3,23.7,23.4
2021-07-31 01:00:00,-5,681008400,13.3,4.12,8.5,18.5,33.3,23.8,23.5
2021-07-31 01:10:00,-5,681009000,13.5,4.11,8.4,18.4,33.3,23.8,23.4
2021-07-31 01:30:00,-5,681010200,13.0,4.11,8.3,18.5,33.3,23.7,23.4
2021-07-31 01:40:00,-5,681010800,13.0,4.11,8.3,18.5,33.3,23.6,23.3
2021-07-31 01:50:00,-5,681011400,12.8,4.11,8.3,18.4,33.3,23.6,23.5
2021-07-31 02:20:00,-5,681013200,12.0,4.11,8.3,18.4,33.3,23.5,23.4
2021-07-31 02:40:00,-5,681014400,12.0,4.11,8.3,18.3,33.3,23.5,23.4
2021-07-31 02:50:00,-5,681015000,11.5,4.11,8.3,18.3,33.3,23.4,23.4
2021-07-31 03:00:00,-5,681015600,11.5,4.11,8.2,18.4,33.3,23.4,23.3
2021-07-31 03:10:00,-5,681016200,11.3,4.11,8.2,18.3,33.3,23.3,23.3
2021-07-31 03:20:00,-5,681016800,11.0,4.11,8.2,18.3,33.3,23.1,23.3
2021-07-31 03:30:00,-5,681017400,10.8,4.11,8.1,18.3,33.3,23.2,23.3
2021-07-31 03:40:00,-5,681018000,10.8,4.11,8.1,18.3,33.3,23.1,23.3
2021-07-31 03:50:00,-5,681018600,10.5,4.11,8.1,18.3,33.3,23.1,23.4
2021-07-31 04:00:00,-5,681019200,10.8,4.11,8.1,18.3,33.3,23.1,23.3
2021-07-31 04:10:00,-5,681019800,11.5,4.11,8.0,18.3,33.3,23.1,23.3
2021-07-31 04:20:00,-5,681020400,11.0,4.11,8.0,18.3,33.3,23.1,23.2
2021-07-31 04:40:00,-5,681021600,11.0,4.09,8.0,18.2,33.3,23.1,23.2
2021-07-31 05:00:00,-5,681022800,11.3,4.09,7.9,18.2,33.3,22.7,23.2
2021-07-31 05:10:00,-5,681023400,11.5,4.09,7.9,18.2,33.3,22.7,23.2
2021-07-31 05:20:00,-5,681024000,11.3,4.09,7.9,18.2,33.3,23.0,23.1
2021-07-31 05:30:00,-5,681024600,11.8,4.09,7.8,18.1,33.3,22.8,23.2
2021-07-31 05:40:00,-5,681025200,13.5,4.09,7.9,18.0,33.3,22.7,23.2
2021-07-31 05:50:00,-5,681025800,14.8,4.11,7.8,18.1,33.3,22.8,23.1
2021-07-31 06:00:00,-5,681026400,18.3,4.11,7.8,18.1,33.3,22.7,23.1
2021-07-31 06:10:00,-5,681027000,20.0,4.11,7.8,18.1,33.3,22.8,23.2
2021-07-31 06:20:00,-5,681027600,18.8,4.11,7.8,18.1,33.3,22.6,23.1
2021-07-31 06:30:00,-5,681028200,19.0,4.12,7.7,18.1,33.3,22.6,23.1
2021-07-31 06:40:00,-5,681028800,20.5,4.11,7.7,18.0,33.3,22.6,23.1
2021-07-31 06:50:00,-5,681029400,22.0,4.11,7.7,18.0,33.3,22.5,23.1
2021-07-31 07:00:00,-5,681030000,20.3,4.11,7.7,18.0,33.3,22.5,23.1
2021-07-31 07:10:00,-5,681030600,20.5,4.12,7.7,18.0,33.3,22.3,23.1
2021-07-31 07:20:00,-5,681031200,20.8,4.12,7.8,17.9,33.3,22.5,23.1
2021-07-31 07:40:00,-5,681032400,22.0,4.12,7.7,18.0,33.3,22.4,23.1
2021-07-31 07:50:00,-5,681033000,23.0,4.12,7.7,17.9,33.3,22.3,22.9
2021-07-31 08:10:00,-5,681034200,25.0,4.12,7.7,17.9,33.3,22.2,22.9
2021-07-31 08:30:00,-5,681035400,25.5,4.12,7.7,17.9,33.3,22.2,23.1
2021-07-31 08:40:00,-5,681036000,27.0,4.14,7.7,17.9,33.3,22.1,22.8
2021-07-31 08:50:00,-5,681036600,32.5,4.15,7.7,17.9,33.3,22.2,23.0
2021-07-31 09:00:00,-5,681037200,33.5,4.15,7.7,17.9,33.3,22.2,22.9
2021-07-31 09:10:00,-5,681037800,34.3,4.15,7.7,17.8,33.3,22.1,22.8
2021-07-31 09:20:00,-5,681038400,39.0,4.15,7.7,17.8,33.3,22.1,22.8
2021-07-31 09:30:00,-5,681039000,39.8,4.17,7.7,17.8,33.3,22.1,22.8
2021-07-31 09:40:00,-5,681039600,40.5,4.17,7.8,17.8,33.3,22.1,22.8
2021-07-31 09:50:00,-5,681040200,43.0,4.17,7.8,17.8,33.2,22.1,22.8
2021-07-31 10:00:00,-5,681040800,42.8,4.17,7.8,17.8,33.2,22.2,22.8
2021-07-31 10:40:00,-5,681043200,43.3,4.17,7.9,17.7,33.1,22.1,22.7
2021-07-31 11:00:00,-5,681044400,44.8,4.17,7.9,17.7,33.1,22.2,22.7
2021-07-31 11:10:00,-5,681045000,44.0,4.17,7.9,17.7,33.1,22.2,22.7
2021-07-31 11:20:00,-5,681045600,45.3,4.17,8.0,17.7,33.1,22.1,22.7
2021-07-31 11:30:00,-5,681046200,44.5,4.17,8.0,17.7,33.1,22.1,22.6
2021-07-31 11:40:00,-5,681046800,42.8,4.17,8.0,17.7,33.0,22.1,22.7
2021-07-31 12:00:00,-5,681048000,42.3,4.17,8.0,17.7,33.0,22.1,22.6
2021-07-31 12:10:00,-5,681048600,42.8,4.17,8.1,17.7,33.0,22.1,22.6
2021-07-31 12:20:00,-5,681049200,43.8,4.17,8.1,17.7,33.0,22.2,22.6
2021-07-31 12:30:00,-5,681049800,43.3,4.17,8.1,17.7,33.0,22.2,22.7
2021-07-31 12:50:00,-5,681051000,39.8,4.17,8.2,17.6,33.0,22.2,22.7
2021-07-31 13:10:00,-5,681052200,38.3,4.17,8.2,17.6,33.0,17.6,33.0
2021-07-31 13:20:00,-5,681052800,38.0,4.17,8.3,17.6,32.9,22.3,22.6
2021-07-31 13:30:00,-5,681053400,40.8,4.17,8.3,17.6,32.9,22.3,22.7
2021-07-31 13:50:00,-5,681054600,40.5,4.17,8.3,17.6,32.9,22.4,22.7
2021-07-31 15:40:00,-5,681061200,33.8,4.17,8.5,17.7,32.9,22.8,22.6
2021-07-31 16:00:00,-5,681062400,33.0,4.17,8.5,17.7,32.9,22.7,22.6
2021-07-31 17:50:00,-5,681069000,29.5,4.17,8.6,17.8,32.9,23.0,22.5
2021-07-31 18:30:00,-5,681071400,25.8,4.15,8.6,17.9,32.9,23.1,22.6
2021-07-31 19:50:00,-5,681076200,16.8,4.15,8.5,17.9,32.9,23.3,22.6
2021-07-31 21:00:00,-5,681080400,15.3,4.14,8.4,17.9,33.0,23.2,22.7
2021-07-31 21:40:00,-5,681082800,15.3,4.12,8.3,17.9,33.0,23.1,22.6
2021-07-31 22:20:00,-5,681085200,15.0,4.12,8.3,17.9,33.0,23.1,22.8
2021-07-31 22:30:00,-5,681085800,14.8,4.12,8.3,17.9,33.0,23.1,22.7
2021-07-31 22:50:00,-5,681087000,14.3,4.12,8.2,17.9,33.0,23.1,22.7
2021-07-31 23:00:00,-5,681087600,14.5,4.12,8.2,17.9,33.0,23.1,22.8
2021-07-31 23:10:00,-5,681088200,14.3,4.12,8.1,17.9,33.0,23.1,22.8
2021-08-01 00:00:00,-5,681091200,13.8,4.11,8.0,17.9,33.0,23.1,22.6
2021-08-01 00:30:00,-5,681093000,14.0,4.11,8.0,17.8,33.0,22.8,22.6
2021-08-01 00:40:00,-5,681093600,14.0,4.11,8.0,17.8,33.0,22.8,22.7
2021-08-01 01:00:00,-5,681094800,13.5,4.11,7.9,17.8,33.0,22.8,22.7
2021-08-01 01:10:00,-5,681095400,13.8,4.11,7.9,17.8,33.0,22.7,22.7
2021-08-01 01:20:00,-5,681096000,13.5,4.11,7.9,17.8,33.0,22.8,22.7
2021-08-01 01:30:00,-5,681096600,13.3,4.11,7.8,17.8,33.0,22.6,22.8
2021-08-01 01:40:00,-5,681097200,13.5,4.11,7.8,17.8,33.0,22.7,22.7
2021-08-01 01:50:00,-5,681097800,13.3,4.11,7.8,17.8,33.0,22.7,22.7
2021-08-01 02:10:00,-5,681099000,12.8,4.11,7.8,17.8,33.0,22.6,22.7
2021-08-01 02:20:00,-5,681099600,12.8,4.11,7.8,17.7,33.0,22.6,22.7
2021-08-01 02:30:00,-5,681100200,12.8,4.11,7.7,17.7,33.0,22.6,22.6
2021-08-01 02:40:00,-5,681100800,13.0,4.11,7.7,17.7,33.0,22.6,22.7
2021-08-01 02:50:00,-5,681101400,12.8,4.11,7.7,17.7,33.0,22.5,22.6
2021-08-01 03:00:00,-5,681102000,13.0,4.11,7.7,17.7,33.0,22.4,22.7
2021-08-01 03:10:00,-5,681102600,13.5,4.11,7.7,17.7,33.0,22.5,22.6
2021-08-01 03:20:00,-5,681103200,13.0,4.11,7.6,17.7,33.0,22.5,22.7
2021-08-01 03:50:00,-5,681105000,13.3,4.09,7.6,17.6,33.0,22.3,22.8
2021-08-01 04:00:00,-5,681105600,13.3,4.09,7.6,17.6,33.0,22.3,22.6
2021-08-01 04:10:00,-5,681106200,13.3,4.09,7.6,17.6,33.0,22.2,22.5
2021-08-01 04:20:00,-5,681106800,13.3,4.09,7.6,17.6,33.0,22.3,22.7
2021-08-01 04:30:00,-5,681107400,13.3,4.09,7.5,17.6,33.0,22.3,22.7
2021-08-01 04:40:00,-5,681108000,13.0,4.09,7.6,17.5,33.0,22.2,22.7
2021-08-01 04:50:00,-5,681108600,13.3,4.09,7.5,17.6,33.0,22.1,22.6
2021-08-01 05:00:00,-5,681109200,13.5,4.09,7.5,17.6,33.0,22.1,22.6
2021-08-01 05:20:00,-5,681110400,14.3,4.09,7.5,17.5,33.0,22.1,22.5
2021-08-01 05:40:00,-5,681111600,15.0,4.09,7.4,17.5,32.9,22.1,22.6
2021-08-01 05:50:00,-5,681112200,16.0,4.09,7.4,17.5,33.0,22.1,22.5
2021-08-01 06:00:00,-5,681112800,16.5,4.09,7.4,17.5,32.9,22.1,22.6
2021-08-01 06:10:00,-5,681113400,16.8,4.09,7.4,17.4,33.0,22.1,22.5
2021-08-01 06:30:00,-5,681114600,17.0,4.09,7.4,17.5,33.0,22.1,22.5
2021-08-01 06:50:00,-5,681115800,17.8,4.09,7.4,17.4,32.9,21.7,22.5
2021-08-01 07:00:00,-5,681116400,17.8,4.09,7.4,17.4,32.9,22.1,22.4
2021-08-01 07:50:00,-5,681119400,19.3,4.08,7.4,17.4,32.9,21.8,22.4
2021-08-01 08:00:00,-5,681120000,18.8,4.08,7.4,17.4,32.9,21.8,22.4
2021-08-01 08:10:00,-5,681120600,18.5,4.08,7.4,17.4,32.9,21.8,22.4
2021-08-01 08:20:00,-5,681121200,18.8,4.08,7.4,17.4,32.9,21.8,22.3
2021-08-01 08:30:00,-5,681121800,19.0,4.08,7.4,17.4,32.9,21.8,22.4
2021-08-01 08:40:00,-5,681122400,18.8,4.08,7.4,17.3,32.9,21.8,22.4
2021-08-01 09:00:00,-5,681123600,21.3,4.09,7.4,17.3,32.9,21.8,22.3
2021-08-01 09:10:00,-5,681124200,24.3,4.09,7.4,17.3,32.9,21.8,22.3
2021-08-01 09:20:00,-5,681124800,26.0,4.09,7.4,17.3,32.9,21.7,22.4
2021-08-01 09:30:00,-5,681125400,26.8,4.09,7.4,17.3,32.9,21.8,22.3
2021-08-01 09:40:00,-5,681126000,26.8,4.09,7.5,17.3,32.9,21.7,22.3
2021-08-01 09:50:00,-5,681126600,25.5,4.09,7.5,17.3,32.9,21.8,22.3
2021-08-01 10:00:00,-5,681127200,25.8,4.09,7.5,17.3,32.9,21.8,22.3
2021-08-01 10:10:00,-5,681127800,26.5,4.09,7.5,17.3,32.9,21.8,22.2
2021-08-01 10:20:00,-5,681128400,27.8,4.11,7.5,17.3,32.9,21.7,22.3
2021-08-01 10:30:00,-5,681129000,29.0,4.11,7.5,17.3,32.9,21.7,22.3
2021-08-01 10:40:00,-5,681129600,27.0,4.11,7.5,17.3,32.9,21.6,22.3
2021-08-01 10:50:00,-5,681130200,26.5,4.11,7.6,17.3,32.9,21.8,22.2
2021-08-01 11:00:00,-5,681130800,25.0,4.11,7.6,17.3,32.9,21.7,22.3
2021-08-01 11:10:00,-5,681131400,24.3,4.11,7.6,17.3,32.9,21.8,22.3
2021-08-01 11:20:00,-5,681132000,24.8,4.11,7.6,17.3,32.9,21.7,22.2
2021-08-01 11:30:00,-5,681132600,27.0,4.11,7.6,17.3,32.9,21.7,22.2
2021-08-01 11:40:00,-5,681133200,26.5,4.11,7.6,17.3,32.9,21.7,22.3
2021-08-01 11:50:00,-5,681133800,24.5,4.11,7.6,17.3,32.9,21.7,22.2
2021-08-01 12:00:00,-5,681134400,22.8,4.11,7.6,17.3,32.9,21.7,22.2
2021-08-01 12:10:00,-5,681135000,22.5,4.11,7.6,17.2,32.9,21.7,22.2
2021-08-01 12:30:00,-5,681136200,23.3,4.11,7.7,17.3,32.9,21.7,22.2
2021-08-01 12:50:00,-5,681137400,24.3,4.12,7.7,17.3,32.9,21.8,22.3
2021-08-01 13:00:00,-5,681138000,31.0,4.12,7.7,17.3,32.9,21.7,22.1
2021-08-01 13:10:00,-5,681138600,32.5,4.12,7.7,17.3,32.9,21.7,22.2
2021-08-01 13:20:00,-5,681139200,31.0,4.12,7.7,17.3,32.9,21.7,22.1
2021-08-01 13:30:00,-5,681139800,29.3,4.12,7.7,17.3,32.9,21.7,22.1
2021-08-01 13:50:00,-5,681141000,27.0,4.12,7.8,17.3,32.9,21.8,22.2
2021-08-01 14:00:00,-5,681141600,27.0,4.12,7.8,17.3,32.9,22.1,22.2
2021-08-01 14:10:00,-5,681142200,28.3,4.12,7.8,17.3,32.9,22.1,22.1
2021-08-01 14:20:00,-5,681142800,27.8,4.12,7.8,17.3,32.9,21.8,22.2
2021-08-01 14:30:00,-5,681143400,25.3,4.12,7.8,17.3,32.9,21.7,22.1
2021-08-01 14:40:00,-5,681144000,24.3,4.12,7.8,17.3,32.9,21.7,22.2
2021-08-01 14:50:00,-5,681144600,24.0,4.12,7.8,17.3,32.9,21.8,22.2
2021-08-01 15:00:00,-5,681145200,24.3,4.12,7.8,17.3,32.9,21.8,22.1
2021-08-01 15:10:00,-5,681145800,24.8,4.12,7.8,17.3,32.9,21.7,22.1
2021-08-01 15:30:00,-5,681147000,24.0,4.12,7.9,17.3,32.9,22.1,22.1
2021-08-01 17:10:00,-5,681153000,25.5,4.12,7.9,17.3,32.8,22.1,22.1
2021-08-01 17:30:00,-5,681154200,25.0,4.12,7.9,17.3,32.8,22.1,22.1
2021-08-01 17:40:00,-5,681154800,25.0,4.12,7.9,17.3,32.8,22.0,22.1
2021-08-01 18:00:00,-5,681156000,24.3,4.12,7.9,17.4,32.8,22.0,22.1
2021-08-01 18:20:00,-5,681157200,23.3,4.11,8.0,17.3,32.8,22.1,22.2
2021-08-01 18:40:00,-5,681158400,22.8,4.11,8.0,17.4,32.8,22.1,22.1
2021-08-01 18:50:00,-5,681159000,22.0,4.11,8.0,17.4,32.8,22.1,22.1
2021-08-01 19:00:00,-5,681159600,21.8,4.11,8.0,17.4,32.8,22.2,22.1
2021-08-01 19:30:00,-5,681161400,21.0,4.11,8.0,17.4,32.8,22.2,22.1
2021-08-01 20:00:00,-5,681163200,20.5,4.11,8.0,17.4,32.8,22.1,22.1
2021-08-01 20:30:00,-5,681165000,17.3,4.09,8.0,17.4,32.8,22.2,22.2
2021-08-01 20:40:00,-5,681165600,17.0,4.09,8.0,17.4,32.9,22.2,22.1
2021-08-01 20:50:00,-5,681166200,16.8,4.09,8.0,17.4,32.8,22.1,22.1
2021-08-01 21:00:00,-5,681166800,16.8,4.09,8.0,17.4,32.8,22.1,22.1
2021-08-01 21:10:00,-5,681167400,16.5,4.09,8.0,17.4,32.9,22.1,22.1
2021-08-01 21:30:00,-5,681168600,16.5,4.09,8.0,17.4,32.8,22.1,22.1
2021-08-01 21:40:00,-5,681169200,16.5,4.09,8.0,17.4,32.9,22.1,22.1
2021-08-01 21:50:00,-5,681169800,16.5,4.09,8.0,17.4,32.8,22.1,22.2
2021-08-01 22:00:00,-5,681170400,16.5,4.09,7.9,17.4,32.9,22.2,22.1
2021-08-01 22:10:00,-5,681171000,16.5,4.09,7.9,17.4,32.9,22.1,22.2
2021-08-01 22:20:00,-5,681171600,16.3,4.09,7.9,17.4,32.8,22.1,22.1
2021-08-01 22:30:00,-5,681172200,16.0,4.09,7.9,17.4,32.8,22.1,22.1
2021-08-01 22:50:00,-5,681173400,15.5,4.09,7.9,17.4,32.8,22.1,22.2
2021-08-01 23:00:00,-5,681174000,15.3,4.09,7.9,17.4,32.8,22.1,22.1
2021-08-01 23:10:00,-5,681174600,15.3,4.09,7.9,17.4,32.9,22.2,22.1
2021-08-01 23:20:00,-5,681175200,15.3,4.09,7.9,17.4,32.8,22.1,22.1
2021-08-01 23:40:00,-5,681176400,14.8,4.08,7.9,17.4,32.9,22.1,22.1
2021-08-02 00:00:00,-5,681177600,14.8,4.08,7.9,17.4,32.8,22.1,22.1
2021-08-02 00:10:00,-5,681178200,14.5,4.08,7.8,17.4,32.8,22.1,22.1
2021-08-02 00:20:00,-5,681178800,14.5,4.08,7.8,17.4,32.8,22.1,22.2
2021-08-02 00:40:00,-5,681180000,14.5,4.08,7.8,17.4,32.8,22.0,22.1
2021-08-02 01:00:00,-5,681181200,15.3,4.08,7.8,17.4,32.8,22.0,22.1
2021-08-02 01:10:00,-5,681181800,15.3,4.08,7.8,17.4,32.8,21.7,22.2
2021-08-02 01:30:00,-5,681183000,15.0,4.08,7.8,17.4,32.8,21.7,22.1
2021-08-02 01:40:00,-5,681183600,15.0,4.08,7.8,17.4,32.9,21.8,22.1
2021-08-02 02:20:00,-5,681186000,14.0,4.06,7.8,17.3,32.8,22.1,22.1
2021-08-02 02:30:00,-5,681186600,13.8,4.06,7.7,17.3,32.8,21.8,22.1
2021-08-02 02:40:00,-5,681187200,13.5,4.06,7.8,17.3,32.8,21.8,22.2
2021-08-02 02:50:00,-5,681187800,13.3,4.06,7.8,17.3,32.8,21.8,22.2
2021-08-02 03:00:00,-5,681188400,13.8,4.06,7.9,17.3,32.8,21.8,22.1
2021-08-02 03:10:00,-5,681189000,14.3,4.06,7.7,17.3,32.8,21.8,22.2
2021-08-02 03:20:00,-5,681189600,14.3,4.06,7.7,17.3,32.8,21.8,22.1
2021-08-02 03:30:00,-5,681190200,14.0,4.06,7.7,17.3,32.8,21.7,22.1
2021-08-02 03:40:00,-5,681190800,13.8,4.06,7.7,17.3,32.8,21.7,22.1
2021-08-02 03:50:00,-5,681191400,13.5,4.06,8.0,17.3,32.8,21.7,22.1
2021-08-02 04:00:00,-5,681192000,13.8,4.06,7.8,17.3,32.8,21.7,22.1
2021-08-02 04:10:00,-5,681192600,13.8,4.06,7.7,17.3,32.8,21.5,22.1
2021-08-02 04:30:00,-5,681193800,13.8,4.06,7.8,17.3,32.8,21.6,22.1
2021-08-02 04:40:00,-5,681194400,13.8,4.06,7.8,17.2,32.8,21.6,22.2
2021-08-02 04:50:00,-5,681195000,13.8,4.06,7.7,17.2,32.8,21.5,22.1
2021-08-02 05:00:00,-5,681195600,13.5,4.06,7.6,17.2,32.8,21.5,21.9
2021-08-02 05:20:00,-5,681196800,13.8,4.06,7.6,17.2,32.8,21.6,22.1
2021-08-02 05:50:00,-5,681198600,16.8,4.06,7.6,17.2,32.8,21.4,22.1
2021-08-02 06:00:00,-5,681199200,18.0,4.06,7.6,17.2,32.8,21.5,22.0
2021-08-02 06:20:00,-5,681200400,21.3,4.08,7.6,17.2,32.8,21.5,22.1
2021-08-02 06:30:00,-5,681201000,23.3,4.08,7.6,17.1,32.8,21.5,22.1
2021-08-02 06:50:00,-5,681202200,26.0,4.08,7.6,17.1,32.8,21.3,22.0
2021-08-02 07:10:00,-5,681203400,28.0,4.09,7.7,17.0,32.8,21.3,22.1
2021-08-02 07:40:00,-5,681205200,31.5,4.11,7.6,17.1,32.8,21.2,21.8
2021-08-02 08:00:00,-5,681206400,33.3,4.12,7.7,17.1,32.8,21.3,21.8
2021-08-02 08:10:00,-5,681207000,33.5,4.12,7.7,17.1,32.8,21.3,21.7
2021-08-02 08:20:00,-5,681207600,33.8,4.14,7.7,17.1,32.8,21.2,22.0
2021-08-02 08:40:00,-5,681208800,35.5,4.15,7.7,17.1,32.8,21.2,21.8
2021-08-02 08:50:00,-5,681209400,37.0,4.15,7.7,17.1,32.8,21.2,21.8
2021-08-02 09:00:00,-5,681210000,37.3,4.17,7.7,17.0,32.8,21.3,21.8
2021-08-02 09:20:00,-5,681211200,36.3,4.17,7.8,17.0,32.8,21.1,21.7
2021-08-02 09:30:00,-5,681211800,38.8,4.17,7.8,17.0,32.8,21.1,21.8
2021-08-02 09:40:00,-5,681212400,37.0,4.17,7.8,17.0,32.8,21.2,21.8
2021-08-02 09:50:00,-5,681213000,36.5,4.17,7.8,17.0,32.8,21.1,21.8
2021-08-02 10:00:00,-5,681213600,32.5,4.17,7.8,17.0,32.8,21.2,21.8
2021-08-02 10:10:00,-5,681214200,36.5,4.17,7.8,17.0,32.8,21.2,21.7
2021-08-02 10:20:00,-5,681214800,39.5,4.17,7.8,17.0,32.8,21.2,21.7
2021-08-02 10:30:00,-5,681215400,41.0,4.17,7.9,17.0,32.8,21.2,21.8
2021-08-02 10:50:00,-5,681216600,38.3,4.17,7.9,17.0,32.8,21.2,21.7
2021-08-02 11:00:00,-5,681217200,32.5,4.17,8.0,17.0,32.8,21.2,21.8
2021-08-02 11:10:00,-5,681217800,34.8,4.17,8.0,17.0,32.8,21.1,21.7
2021-08-02 11:20:00,-5,681218400,35.8,4.17,8.0,17.0,32.8,21.2,21.8
2021-08-02 11:30:00,-5,681219000,35.5,4.18,8.0,17.0,32.8,21.2,21.8
2021-08-02 11:40:00,-5,681219600,37.5,4.17,8.0,17.0,32.8,21.2,21.7
2021-08-02 11:50:00,-5,681220200,40.0,4.17,8.0,17.0,32.7,21.2,21.7
2021-08-02 12:10:00,-5,681221400,37.0,4.17,8.1,17.0,32.8,21.2,21.6
2021-08-02 12:20:00,-5,681222000,38.8,4.17,8.1,17.0,32.7,21.3,21.8
2021-08-02 12:30:00,-5,681222600,36.0,4.17,8.1,17.0,32.7,21.3,21.7
2021-08-02 12:40:00,-5,681223200,38.0,4.17,8.1,17.0,32.7,21.4,21.7
2021-08-02 12:50:00,-5,681223800,36.8,4.17,8.2,17.0,32.7,21.2,21.7
2021-08-02 13:30:00,-5,681226200,36.0,4.17,8.2,17.0,32.7,21.3,21.7
2021-08-02 13:50:00,-5,681227400,37.3,4.17,8.3,17.1,32.7,21.4,21.7
2021-08-02 14:30:00,-5,681229800,34.0,4.17,8.3,17.1,32.7,21.5,21.6
2021-08-02 15:00:00,-5,681231600,29.3,4.18,8.3,17.1,32.7,21.8,21.7
2021-08-02 16:10:00,-5,681235800,31.5,4.17,8.4,17.2,32.7,21.7,21.7
2021-08-02 16:20:00,-5,681236400,31.8,4.18,8.4,17.2,32.7,21.8,21.7
2021-08-02 17:00:00,-5,681238800,26.5,4.17,8.5,17.2,32.7,21.8,21.6
2021-08-02 17:30:00,-5,681240600,27.5,4.17,8.5,17.2,32.7,21.7,21.7
2021-08-02 18:40:00,-5,681244800,25.3,4.15,8.5,17.3,32.7,22.2,21.7
2021-08-02 18:50:00,-5,681245400,23.8,4.15,8.5,17.3,32.7,22.0,21.8
2021-08-02 19:20:00,-5,681247200,19.0,4.15,8.7,17.3,32.7,22.1,21.7
2021-08-02 19:50:00,-5,681249000,16.8,4.15,8.5,17.3,32.7,22.1,21.8
2021-08-02 20:00:00,-5,681249600,16.8,4.15,8.5,17.3,32.7,22.1,21.7
2021-08-02 21:00:00,-5,681253200,15.5,4.14,8.4,17.4,32.7,22.1,21.7
2021-08-02 21:10:00,-5,681253800,15.5,4.14,8.4,17.4,32.7,22.1,21.8
2021-08-02 21:20:00,-5,681254400,15.3,4.14,8.3,17.4,32.7,22.1,21.7
2021-08-02 21:40:00,-5,681255600,15.3,4.14,8.3,17.4,32.7,22.1,21.8
2021-08-02 23:00:00,-5,681260400,13.8,4.12,8.2,17.3,32.7,22.1,21.8
2021-08-02 23:10:00,-5,681261000,13.8,4.12,8.2,17.3,32.7,21.7,21.8
2021-08-03 00:00:00,-5,681264000,13.3,4.12,8.3,17.3,32.7,22.1,21.9
2021-08-03 00:20:00,-5,681265200,13.0,4.11,8.3,17.3,32.7,21.8,21.8
2021-08-03 00:30:00,-5,681265800,13.0,4.11,8.3,17.3,32.7,21.6,21.8
2021-08-03 00:40:00,-5,681266400,12.8,4.11,8.2,17.3,32.7,21.7,21.8
2021-08-03 00:50:00,-5,681267000,12.5,4.11,8.1,17.3,32.7,21.8,21.7
2021-08-03 01:00:00,-5,681267600,12.5,4.11,8.0,17.2,32.7,21.7,21.8
2021-08-03 01:10:00,-5,681268200,12.5,4.11,8.0,17.3,32.7,21.6,21.8
2021-08-03 01:20:00,-5,681268800,12.3,4.11,8.0,17.2,32.7,21.6,21.7
2021-08-03 01:30:00,-5,681269400,12.0,4.11,8.0,17.2,32.7,21.7,21.8
2021-08-03 01:40:00,-5,681270000,12.3,4.11,7.9,17.2,32.7,21.7,21.8
2021-08-03 01:50:00,-5,681270600,12.5,4.11,8.1,17.2,32.7,21.6,21.8
2021-08-03 02:00:00,-5,681271200,12.3,4.11,8.1,17.2,32.7,21.6,21.8
2021-08-03 02:10:00,-5,681271800,12.3,4.11,8.0,17.2,32.7,21.5,21.8
2021-08-03 02:20:00,-5,681272400,12.0,4.11,8.1,17.2,32.7,21.7,21.7
2021-08-03 02:30:00,-5,681273000,12.3,4.11,7.8,17.2,32.7,21.5,21.9
2021-08-03 02:40:00,-5,681273600,12.8,4.11,7.8,17.2,32.7,21.5,21.8
2021-08-03 02:50:00,-5,681274200,12.8,4.11,7.8,17.2,32.7,21.4,21.8
2021-08-03 03:00:00,-5,681274800,12.5,4.11,7.8,17.1,32.7,21.5,21.8
2021-08-03 03:10:00,-5,681275400,12.3,4.11,7.8,17.1,32.7,21.4,21.8
2021-08-03 03:20:00,-5,681276000,12.3,4.11,7.8,17.1,32.7,21.3,21.8
2021-08-03 03:30:00,-5,681276600,12.5,4.11,7.7,17.1,32.7,21.5,21.8
2021-08-03 03:40:00,-5,681277200,12.5,4.11,7.7,17.1,32.7,21.3,21.8
2021-08-03 03:50:00,-5,681277800,12.5,4.11,7.7,17.1,32.7,21.3,21.7
2021-08-03 04:00:00,-5,681278400,12.5,4.11,7.7,17.1,32.7,21.3,21.7
2021-08-03 04:10:00,-5,681279000,12.8,4.11,7.7,17.1,32.7,21.2,21.7
2021-08-03 04:20:00,-5,681279600,12.8,4.11,7.7,17.1,32.7,21.2,21.8
2021-08-03 04:40:00,-5,681280800,12.3,4.09,7.6,17.0,32.7,21.2,21.7
2021-08-03 04:50:00,-5,681281400,12.3,4.09,7.6,17.0,32.7,21.2,21.7
2021-08-03 05:00:00,-5,681282000,12.5,4.09,7.6,17.0,32.7,21.1,21.7
2021-08-03 05:10:00,-5,681282600,12.5,4.09,7.6,17.0,32.7,21.1,21.7
2021-08-03 05:20:00,-5,681283200,12.8,4.09,7.6,17.0,32.7,21.1,21.7
2021-08-03 05:30:00,-5,681283800,13.0,4.09,7.6,17.0,32.7,21.1,21.7
2021-08-03 05:40:00,-5,681284400,13.3,4.09,7.6,17.0,32.7,21.0,21.7
2021-08-03 05:50:00,-5,681285000,13.5,4.09,7.6,17.0,32.7,21.1,21.7
2021-08-03 06:00:00,-5,681285600,14.0,4.09,7.6,17.0,32.7,21.1,21.6
2021-08-03 06:10:00,-5,681286200,14.5,4.09,7.5,16.9,32.7,21.0,21.6
2021-08-03 06:20:00,-5,681286800,15.0,4.09,7.5,16.9,32.7,21.1,21.6
2021-08-03 06:30:00,-5,681287400,15.5,4.09,7.5,16.9,32.7,20.7,21.6
2021-08-03 06:40:00,-5,681288000,15.8,4.09,7.5,16.9,32.7,21.1,21.6
2021-08-03 06:50:00,-5,681288600,16.5,4.11,7.5,16.9,32.7,20.8,21.6
2021-08-03 07:00:00,-5,681289200,17.3,4.11,7.5,16.9,32.7,20.7,21.6
2021-08-03 07:10:00,-5,681289800,17.5,4.11,7.5,16.9,32.7,20.8,21.6
2021-08-03 07:30:00,-5,681291000,19.3,4.11,7.5,16.9,32.7,20.8,21.6
2021-08-03 07:40:00,-5,681291600,20.8,4.11,7.5,16.9,32.7,20.8,21.5
2021-08-03 08:00:00,-5,681292800,25.3,4.11,7.5,16.8,32.7,20.8,21.5
2021-08-03 08:20:00,-5,681294000,29.3,4.12,7.5,16.8,32.7,20.7,21.5
2021-08-03 08:40:00,-5,681295200,30.0,4.12,7.6,16.8,32.7,20.8,21.5
2021-08-03 08:50:00,-5,681295800,31.3,4.12,7.6,16.8,32.7,20.8,21.6
2021-08-03 09:00:00,-5,681296400,31.0,4.14,7.6,16.8,32.7,20.7,21.5
2021-08-03 09:10:00,-5,681297000,29.3,4.14,7.6,16.8,32.7,20.7,21.5
2021-08-03 09:50:00,-5,681299400,31.3,4.14,7.7,16.8,32.7,20.7,21.4
2021-08-03 10:00:00,-5,681300000,32.5,4.14,7.7,16.8,32.7,20.6,21.5
2021-08-03 10:10:00,-5,681300600,32.3,4.15,7.7,16.8,32.7,20.5,21.5
2021-08-03 10:30:00,-5,681301800,32.3,4.15,8.0,16.8,32.7,20.7,21.5
2021-08-03 14:10:00,-5,681315000,41.3,4.17,8.1,16.8,32.6,21.1,21.3
2021-08-03 14:50:00,-5,681317400,35.5,4.17,8.3,16.8,32.6,21.1,21.4
2021-08-03 15:00:00,-5,681318000,34.3,4.17,8.3,16.8,32.6,21.1,21.3
2021-08-03 15:10:00,-5,681318600,36.0,4.17,8.3,16.8,32.6,21.1,21.3
2021-08-03 15:30:00,-5,681319800,33.8,4.18,8.3,16.8,32.6,21.1,21.3
2021-08-03 15:40:00,-5,681320400,34.3,4.18,8.3,16.8,32.6,21.1,21.3
2021-08-03 15:50:00,-5,681321000,33.5,4.18,8.3,16.9,32.6,21.1,21.3
2021-08-03 16:00:00,-5,681321600,34.5,4.18,8.3,16.9,32.6,21.1,21.3
2021-08-03 16:10:00,-5,681322200,33.8,4.18,8.3,16.9,32.6,21.2,21.2
2021-08-03 16:20:00,-5,681322800,32.5,4.18,8.3,16.9,32.6,21.2,21.4
2021-08-03 16:40:00,-5,681324000,30.3,4.18,8.3,16.9,32.6,21.4,21.2
2021-08-03 16:50:00,-5,681324600,29.8,4.18,8.3,16.9,32.6,21.2,21.2
2021-08-03 17:00:00,-5,681325200,29.5,4.18,8.3,16.9,32.6,21.2,21.3
2021-08-03 17:30:00,-5,681327000,26.8,4.18,8.3,16.9,32.6,21.4,21.3
2021-08-03 17:40:00,-5,681327600,26.5,4.18,8.3,16.9,32.6,21.3,21.2
2021-08-03 17:50:00,-5,681328200,25.5,4.18,8.3,16.9,32.6,21.3,21.2
2021-08-03 18:20:00,-5,681330000,23.3,4.17,8.3,17.0,32.6,21.5,21.3
2021-08-03 18:50:00,-5,681331800,22.8,4.17,8.4,17.0,32.6,21.5,21.2
2021-08-03 19:00:00,-5,681332400,22.3,4.17,8.4,17.0,32.6,21.5,21.4
2021-08-03 19:10:00,-5,681333000,21.3,4.17,8.4,17.0,32.6,21.4,21.2
2021-08-03 19:20:00,-5,681333600,20.0,4.17,8.4,17.0,32.6,21.5,21.4
2021-08-03 19:30:00,-5,681334200,19.5,4.17,8.4,17.0,32.6,21.5,21.2
2021-08-03 19:40:00,-5,681334800,18.5,4.17,8.3,17.0,32.6,21.5,21.3
2021-08-03 19:50:00,-5,681335400,18.0,4.17,8.3,17.1,32.6,21.5,21.3
2021-08-03 20:00:00,-5,681336000,17.8,4.17,8.3,17.1,32.6,21.5,21.3
2021-08-03 20:10:00,-5,681336600,17.5,4.17,8.3,17.1,32.6,21.5,21.5
2021-08-03 20:20:00,-5,681337200,17.8,4.15,8.3,17.1,32.6,21.6,21.4
2021-08-03 20:30:00,-5,681337800,17.3,4.15,8.3,17.1,32.6,21.6,21.3
2021-08-03 20:40:00,-5,681338400,16.8,4.15,8.3,17.1,32.6,21.6,21.4
2021-08-03 20:50:00,-5,681339000,16.8,4.15,8.3,17.1,32.6,21.6,21.3
2021-08-03 21:00:00,-5,681339600,16.8,4.15,8.3,17.1,32.6,21.5,21.3
2021-08-03 21:20:00,-5,681340800,16.8,4.15,8.3,17.1,32.6,21.7,21.4
2021-08-03 21:30:00,-5,681341400,16.5,4.15,8.3,17.1,32.6,21.6,21.4
2021-08-03 21:40:00,-5,681342000,16.3,4.15,8.3,17.1,32.6,21.5,21.3
2021-08-03 21:50:00,-5,681342600,16.3,4.15,8.4,17.1,32.6,21.6,21.4
2021-08-03 22:00:00,-5,681343200,16.0,4.15,8.4,17.1,32.6,21.6,21.4
2021-08-03 22:10:00,-5,681343800,15.8,4.15,8.3,17.1,32.6,21.5,21.4
2021-08-03 22:20:00,-5,681344400,15.8,4.15,8.3,17.1,32.6,21.5,21.5
2021-08-03 22:30:00,-5,681345000,15.5,4.15,8.3,17.1,32.6,21.5,21.5
2021-08-03 22:40:00,-5,681345600,15.3,4.15,8.2,17.1,32.6,21.6,21.4
2021-08-03 22:50:00,-5,681346200,15.3,4.15,8.2,17.1,32.6,21.5,21.5
2021-08-03 23:10:00,-5,681347400,15.3,4.14,8.2,17.1,32.6,21.5,21.5
2021-08-03 23:20:00,-5,681348000,15.0,4.14,8.2,17.1,32.6,21.5,21.5
2021-08-03 23:30:00,-5,681348600,15.0,4.14,8.1,17.1,32.6,21.5,21.5
2021-08-03 23:40:00,-5,681349200,15.0,4.14,8.1,17.1,32.6,21.5,21.5
2021-08-03 23:50:00,-5,681349800,15.0,4.14,8.1,17.1,32.6,21.5,21.5
2021-08-04 00:00:00,-5,681350400,14.8,4.14,8.1,17.1,32.6,21.5,21.5
2021-08-04 00:10:00,-5,681351000,15.0,4.14,8.1,17.1,32.6,21.5,21.5
2021-08-04 00:20:00,-5,681351600,15.0,4.14,8.1,17.1,32.6,21.5,21.6
2021-08-04 00:30:00,-5,681352200,15.0,4.14,8.1,17.1,32.6,21.5,21.3
2021-08-04 00:40:00,-5,681352800,15.0,4.14,8.1,17.1,32.6,21.5,21.5
2021-08-04 00:50:00,-5,681353400,15.0,4.14,8.1,17.1,32.6,21.5,21.4
2021-08-04 01:00:00,-5,681354000,14.8,4.14,8.1,17.1,32.6,21.5,21.6
2021-08-04 01:10:00,-5,681354600,14.5,4.14,8.0,17.1,32.6,21.5,21.4
2021-08-04 01:20:00,-5,681355200,14.3,4.14,8.0,17.0,32.6,21.3,21.5
2021-08-04 01:30:00,-5,681355800,14.0,4.14,8.0,17.0,32.6,21.3,21.3
2021-08-04 01:40:00,-5,681356400,14.3,4.14,8.0,17.0,32.6,21.4,21.4
2021-08-04 01:50:00,-5,681357000,14.3,4.14,7.9,17.0,32.6,21.3,21.5
2021-08-04 02:00:00,-5,681357600,14.3,4.14,7.9,17.0,32.6,21.3,21.3
2021-08-04 02:10:00,-5,681358200,14.3,4.14,7.9,17.0,32.6,21.2,21.5
2021-08-04 02:20:00,-5,681358800,14.0,4.12,7.9,17.0,32.6,21.2,21.5
2021-08-04 02:30:00,-5,681359400,13.8,4.12,7.9,17.0,32.6,21.2,21.4
2021-08-04 02:40:00,-5,681360000,14.0,4.12,7.9,17.0,32.6,21.3,21.5
2021-08-04 02:50:00,-5,681360600,14.3,4.12,7.9,17.0,32.6,21.1,21.4
2021-08-04 03:10:00,-5,681361800,14.5,4.12,7.8,17.0,32.6,21.2,21.5
2021-08-04 03:20:00,-5,681362400,14.5,4.12,7.8,17.0,32.6,21.1,21.4
2021-08-04 03:30:00,-5,681363000,14.3,4.12,7.8,17.0,32.6,21.2,21.3
2021-08-04 03:40:00,-5,681363600,14.0,4.12,7.8,17.0,32.6,21.2,21.5
2021-08-04 03:50:00,-5,681364200,14.0,4.12,7.8,17.0,32.6,21.2,21.4
2021-08-04 04:00:00,-5,681364800,13.8,4.12,7.8,17.0,32.6,21.2,21.5
2021-08-04 04:10:00,-5,681365400,14.0,4.12,7.8,16.9,32.6,21.1,21.3
2021-08-04 04:20:00,-5,681366000,14.0,4.12,7.8,16.9,32.6,21.1,21.4
2021-08-04 04:40:00,-5,681367200,13.8,4.12,7.7,16.9,32.6,21.1,21.4
2021-08-04 04:50:00,-5,681367800,13.8,4.12,7.7,16.9,32.6,21.1,21.4
2021-08-04 05:00:00,-5,681368400,13.8,4.12,7.7,16.9,32.6,21.1,21.5
2021-08-04 05:10:00,-5,681369000,13.5,4.12,7.7,16.9,32.6,21.1,21.3
2021-08-04 05:20:00,-5,681369600,13.5,4.12,7.7,16.9,32.6,21.1,21.3
2021-08-04 05:30:00,-5,681370200,14.0,4.12,7.7,16.9,32.6,21.1,21.3
2021-08-04 05:50:00,-5,681371400,14.8,4.12,7.7,16.9,32.6,20.7,21.3
2021-08-04 06:00:00,-5,681372000,15.0,4.12,7.6,16.9,32.6,21.1,21.3
2021-08-04 06:10:00,-5,681372600,15.3,4.12,7.7,16.9,32.6,21.1,21.3
2021-08-04 06:30:00,-5,681373800,16.0,4.12,7.6,16.9,32.6,21.1,21.4
2021-08-04 07:20:00,-5,681376800,18.5,4.12,7.6,16.8,32.6,20.7,21.3
