SL223 - Mayfly GPLP3 Logger
DateTime_EST,TZ-Offset,Loggertime,BoardTemp_C,Battery_V,Segment1_percent,Segment2_percent,Segment3_percent,T1_degC,T2_degC
2020-10-06 10:50:00,-5,655296600,31.0,4.14,25.7,37.4,48.0,13.6,15.3
2020-10-06 11:00:00,-5,655297200,37.0,4.14,25.7,37.4,47.9,13.6,15.3
2020-10-06 11:10:00,-5,655297800,37.5,4.14,25.9,37.3,47.9,13.6,15.3
2020-10-06 11:20:00,-5,655298400,39.3,4.14,25.9,37.3,47.9,13.6,15.2
2020-10-06 11:30:00,-5,655299000,39.0,4.14,25.9,37.3,47.9,13.7,15.1
2020-10-06 11:40:00,-5,655299600,37.3,4.14,26.0,37.3,47.9,13.7,15.2
2020-10-06 11:50:00,-5,655300200,33.8,4.14,26.0,37.3,47.9,13.7,15.3
2020-10-06 12:00:00,-5,655300800,31.5,4.14,26.1,37.3,47.9,13.8,15.2
2020-10-06 12:10:00,-5,655301400,35.5,4.15,26.1,37.3,47.9,13.8,15.3
2020-10-06 12:20:00,-5,655302000,37.0,4.15,26.1,37.3,47.9,13.8,15.2
2020-10-06 12:30:00,-5,655302600,37.0,4.15,26.2,37.3,47.9,13.8,15.2
2020-10-06 12:40:00,-5,655303200,31.5,4.15,26.2,37.4,47.9,14.0,15.2
2020-10-06 12:50:00,-5,655303800,32.0,4.15,26.3,37.4,47.9,14.0,15.2
2020-10-06 13:00:00,-5,655304400,35.5,4.15,26.3,37.4,47.9,14.1,15.2
2020-10-06 13:10:00,-5,655305000,34.3,4.15,26.3,37.4,47.9,14.1,15.1
2020-10-06 13:20:00,-5,655305600,35.3,4.15,26.3,37.4,47.9,14.2,15.1
2020-10-06 13:30:00,-5,655306200,32.0,4.15,26.4,37.4,47.9,14.2,15.1
2020-10-06 13:40:00,-5,655306800,29.0,4.15,26.4,37.4,47.8,14.2,15.2
2020-10-06 13:50:00,-5,655307400,30.0,4.15,26.4,37.4,47.9,14.3,15.2
2020-10-06 14:00:00,-5,655308000,31.0,4.15,26.4,37.4,47.9,14.3,15.1
2020-10-06 14:10:00,-5,655308600,30.5,4.15,26.4,37.5,47.8,14.4,15.2
2020-10-06 14:20:00,-5,655309200,31.0,4.15,26.5,37.5,47.8,14.4,15.1
2020-10-06 14:30:00,-5,655309800,30.5,4.15,26.5,37.5,47.9,14.5,15.1
2020-10-06 14:40:00,-5,655310400,29.3,4.15,26.5,37.5,47.8,14.4,15.2
2020-10-06 14:50:00,-5,655311000,27.8,4.15,26.5,37.5,47.8,14.7,15.2
2020-10-06 15:00:00,-5,655311600,26.8,4.15,26.5,37.5,47.8,14.5,15.2
2020-10-06 15:10:00,-5,655312200,25.0,4.15,26.5,37.5,47.8,14.8,15.1
2020-10-06 15:20:00,-5,655312800,24.3,4.15,26.5,37.5,47.8,14.6,15.2
2020-10-06 15:30:00,-5,655313400,22.0,4.15,26.6,37.5,47.9,14.7,15.2
2020-10-06 15:40:00,-5,655314000,21.8,4.15,26.6,37.5,47.9,14.7,15.2
2020-10-06 15:50:00,-5,655314600,21.5,4.15,26.6,37.5,47.8,14.8,15.1
2020-10-06 16:00:00,-5,655315200,20.8,4.15,26.6,37.5,47.9,14.8,15.3
2020-10-06 16:10:00,-5,655315800,20.3,4.15,26.6,37.5,47.8,15.0,15.2
2020-10-06 16:20:00,-5,655316400,19.8,4.15,26.6,37.5,47.8,15.0,15.1
2020-10-06 16:30:00,-5,655317000,19.3,4.15,26.6,37.5,47.8,15.0,15.2
2020-10-06 16:40:00,-5,655317600,18.8,4.15,26.6,37.6,47.9,15.0,15.2
2020-10-06 16:50:00,-5,655318200,18.3,4.15,26.6,37.6,47.8,15.0,15.1
2020-10-06 17:00:00,-5,655318800,17.5,4.15,26.6,37.6,47.8,15.0,15.3
2020-10-06 17:10:00,-5,655319400,16.8,4.15,26.6,37.6,47.8,15.2,15.2
2020-10-06 17:20:00,-5,655320000,16.0,4.15,26.6,37.6,47.8,15.1,15.3
2020-10-06 17:30:00,-5,655320600,15.3,4.15,26.5,37.6,47.9,15.1,15.3
2020-10-06 17:40:00,-5,655321200,15.0,4.15,26.5,37.6,47.9,15.2,15.4
2020-10-06 17:50:00,-5,655321800,14.8,4.15,26.5,37.6,47.9,15.1,15.3
2020-10-06 18:00:00,-5,655322400,14.5,4.15,26.5,37.6,47.8,15.2,15.5
2020-10-06 18:10:00,-5,655323000,14.0,4.15,26.5,37.6,47.8,15.2,15.4
2020-10-06 18:20:00,-5,655323600,13.0,4.15,26.5,37.7,47.9,15.2,15.3
2020-10-06 18:30:00,-5,655324200,12.5,4.15,26.5,37.7,47.9,15.2,15.5
2020-10-06 18:40:00,-5,655324800,12.3,4.15,26.5,37.7,47.9,15.3,15.5
2020-10-06 18:50:00,-5,655325400,11.5,4.15,26.5,37.7,47.9,15.2,15.5
2020-10-06 19:00:00,-5,655326000,11.0,4.15,26.4,37.7,47.9,15.2,15.5
2020-10-06 19:10:00,-5,655326600,10.5,4.15,26.4,37.7,47.9,15.2,15.5
2020-10-06 19:20:00,-5,655327200,10.3,4.15,26.4,37.7,47.9,15.2,15.6
2020-10-06 19:30:00,-5,655327800,10.3,4.15,26.4,37.7,47.9,15.3,15.5
2020-10-06 19:40:00,-5,655328400,10.0,4.15,26.4,37.7,47.9,15.2,15.4
2020-10-06 19:50:00,-5,655329000,10.0,4.15,26.4,37.7,47.9,15.2,15.6
2020-10-06 20:00:00,-5,655329600,9.8,4.15,26.3,37.7,47.9,15.2,15.6
2020-10-06 20:10:00,-5,655330200,9.5,4.14,26.3,37.7,47.9,15.3,15.6
2020-10-06 20:20:00,-5,655330800,9.5,4.14,26.3,37.7,47.9,15.3,15.5
2020-10-06 20:30:00,-5,655331400,9.3,4.14,26.3,37.7,47.9,15.3,15.5
2020-10-06 20:40:00,-5,655332000,9.5,4.14,26.3,37.7,47.9,15.2,15.5
2020-10-06 20:50:00,-5,655332600,9.3,4.14,26.2,37.7,47.9,15.2,15.5
2020-10-06 21:00:00,-5,655333200,8.8,4.14,26.2,37.7,47.9,15.2,15.6
2020-10-06 21:10:00,-5,655333800,8.8,4.14,26.2,37.7,47.9,15.2,15.5
2020-10-06 21:20:00,-5,655334400,8.8,4.14,26.2,37.7,47.9,15.2,15.6
2020-10-06 21:30:00,-5,655335000,8.8,4.14,26.2,37.7,47.9,15.3,15.6
2020-10-06 21:40:00,-5,655335600,8.5,4.14,26.2,37.7,47.9,15.2,15.6
2020-10-06 21:50:00,-5,655336200,8.5,4.14,26.1,37.7,47.9,15.2,15.5
2020-10-06 22:00:00,-5,655336800,8.5,4.14,26.1,37.7,47.9,15.2,15.5
2020-10-06 22:10:00,-5,655337400,8.5,4.14,26.1,37.7,47.9,15.2,15.6
2020-10-06 22:20:00,-5,655338000,8.3,4.14,26.1,37.7,47.9,15.1,15.6
2020-10-06 22:30:00,-5,655338600,8.3,4.14,26.0,37.7,47.9,15.1,15.6
2020-10-06 22:40:00,-5,655339200,8.3,4.14,26.0,37.7,47.9,15.1,15.6
2020-10-06 22:50:00,-5,655339800,8.0,4.14,26.0,37.7,47.9,15.2,15.6
2020-10-06 23:00:00,-5,655340400,8.0,4.14,26.0,37.6,47.9,15.1,15.7
2020-10-06 23:10:00,-5,655341000,7.8,4.14,26.0,37.6,47.9,15.1,15.7
2020-10-06 23:20:00,-5,655341600,7.8,4.14,26.0,37.6,47.9,15.1,15.6
2020-10-06 23:30:00,-5,655342200,7.8,4.14,26.0,37.6,47.9,15.0,15.6
2020-10-06 23:40:00,-5,655342800,7.8,4.14,25.9,37.6,47.9,15.0,15.6
2020-10-06 23:50:00,-5,655343400,8.0,4.14,25.9,37.6,47.9,15.0,15.6
2020-10-07 00:00:00,-5,655344000,8.0,4.14,25.9,37.6,47.9,15.0,15.6
2020-10-07 00:10:00,-5,655344600,8.0,4.14,25.9,37.6,47.9,15.0,15.6
2020-10-07 00:20:00,-5,655345200,8.3,4.14,25.9,37.6,47.9,15.0,15.6
2020-10-07 00:30:00,-5,655345800,8.5,4.14,25.9,37.6,47.9,15.0,15.6
2020-10-07 00:40:00,-5,655346400,8.5,4.14,25.8,37.6,47.9,15.0,15.6
2020-10-07 00:50:00,-5,655347000,8.0,4.14,25.8,37.6,47.9,14.9,15.5
2020-10-07 01:00:00,-5,655347600,7.8,4.14,25.8,37.6,47.9,14.8,15.6
2020-10-07 01:10:00,-5,655348200,7.5,4.14,25.8,37.6,47.9,14.7,15.7
2020-10-07 01:20:00,-5,655348800,7.3,4.14,25.8,37.5,47.9,14.7,15.6
2020-10-07 01:30:00,-5,655349400,7.3,4.14,25.8,37.5,47.9,14.7,15.7
2020-10-07 01:40:00,-5,655350000,7.5,4.14,25.8,37.5,47.9,14.8,15.6
2020-10-07 01:50:00,-5,655350600,7.0,4.14,25.8,37.5,47.9,14.8,15.6
2020-10-07 02:00:00,-5,655351200,7.0,4.14,25.7,37.5,47.9,14.7,15.6
2020-10-07 02:10:00,-5,655351800,7.0,4.14,25.7,37.5,47.9,14.6,15.5
2020-10-07 02:20:00,-5,655352400,7.0,4.14,25.7,37.5,47.8,14.6,15.7
2020-10-07 02:30:00,-5,655353000,6.8,4.14,25.7,37.5,47.9,14.7,15.6
2020-10-07 02:40:00,-5,655353600,6.8,4.14,25.7,37.5,47.9,14.7,15.6
2020-10-07 02:50:00,-5,655354200,6.5,4.14,25.7,37.5,47.8,14.6,15.6
2020-10-07 03:00:00,-5,655354800,6.5,4.14,25.7,37.5,47.8,14.6,15.7
2020-10-07 03:10:00,-5,655355400,6.3,4.14,25.6,37.5,47.8,14.7,15.6
2020-10-07 03:20:00,-5,655356000,6.0,4.14,25.6,37.5,47.8,14.6,15.6
2020-10-07 03:30:00,-5,655356600,6.0,4.14,25.6,37.5,47.8,14.6,15.5
2020-10-07 03:40:00,-5,655357200,6.0,4.14,25.6,37.5,47.9,14.4,15.6
2020-10-07 03:50:00,-5,655357800,5.8,4.14,25.6,37.5,47.8,14.4,15.5
2020-10-07 04:00:00,-5,655358400,5.8,4.14,25.6,37.5,47.8,14.5,15.5
2020-10-07 04:10:00,-5,655359000,5.8,4.14,25.6,37.5,47.8,14.5,15.6
2020-10-07 04:20:00,-5,655359600,5.8,4.14,25.6,37.5,47.8,14.5,15.6
2020-10-07 04:30:00,-5,655360200,5.8,4.14,25.5,37.5,47.8,14.3,15.6
2020-10-07 04:40:00,-5,655360800,5.8,4.14,25.5,37.5,47.8,14.3,15.5
2020-10-07 04:50:00,-5,655361400,5.8,4.14,25.5,37.5,47.8,14.4,15.6
2020-10-07 05:00:00,-5,655362000,6.0,4.14,25.5,37.4,47.8,14.4,15.5
2020-10-07 05:10:00,-5,655362600,6.5,4.14,25.5,37.4,47.8,14.4,15.5
2020-10-07 05:20:00,-5,655363200,7.0,4.14,25.5,37.4,47.8,14.2,15.5
2020-10-07 05:30:00,-5,655363800,7.3,4.14,25.4,37.4,47.8,14.2,15.6
2020-10-07 05:40:00,-5,655364400,6.8,4.14,25.5,37.4,47.8,14.3,15.5
2020-10-07 05:50:00,-5,655365000,7.5,4.14,25.4,37.4,47.8,14.3,15.4
2020-10-07 06:00:00,-5,655365600,8.3,4.14,25.4,37.4,47.8,14.2,15.6
2020-10-07 06:10:00,-5,655366200,7.8,4.14,25.4,37.4,47.8,14.2,15.5
2020-10-07 06:20:00,-5,655366800,7.3,4.14,25.4,37.4,47.8,14.2,15.6
2020-10-07 06:30:00,-5,655367400,8.3,4.14,25.4,37.4,47.8,14.2,15.4
2020-10-07 06:40:00,-5,655368000,8.3,4.14,25.4,37.4,47.8,14.1,15.5
2020-10-07 06:50:00,-5,655368600,8.5,4.14,25.4,37.3,47.8,14.2,15.5
2020-10-07 07:00:00,-5,655369200,9.3,4.14,25.4,37.3,47.8,14.2,15.3
2020-10-07 07:10:00,-5,655369800,10.5,4.14,25.4,37.3,47.8,14.1,15.3
2020-10-07 07:20:00,-5,655370400,11.5,4.14,25.4,37.3,47.8,14.1,15.5
2020-10-07 07:30:00,-5,655371000,11.8,4.14,25.4,37.3,47.8,14.1,15.6
2020-10-07 07:40:00,-5,655371600,12.5,4.14,25.4,37.3,47.8,14.1,15.3
2020-10-07 07:50:00,-5,655372200,13.3,4.14,25.4,37.3,47.8,14.1,15.4
2020-10-07 08:00:00,-5,655372800,15.3,4.14,25.4,37.3,47.8,14.0,15.4
2020-10-07 08:10:00,-5,655373400,22.3,4.14,25.4,37.3,47.8,14.1,15.3
2020-10-07 08:20:00,-5,655374000,25.8,4.14,25.4,37.3,47.7,14.1,15.3
2020-10-07 08:30:00,-5,655374600,29.3,4.14,25.4,37.3,47.8,14.0,15.5
2020-10-07 08:40:00,-5,655375200,32.5,4.14,25.4,37.3,47.8,14.0,15.5
2020-10-07 08:50:00,-5,655375800,35.3,4.14,25.4,37.2,47.8,14.0,15.4
2020-10-07 09:00:00,-5,655376400,36.8,4.14,25.4,37.2,47.8,14.0,15.5
2020-10-07 09:10:00,-5,655377000,38.8,4.14,25.5,37.2,47.8,14.0,15.3
2020-10-07 09:20:00,-5,655377600,40.3,4.15,25.5,37.2,47.8,14.0,15.4
2020-10-07 09:30:00,-5,655378200,39.3,4.15,25.5,37.2,47.8,14.0,15.2
2020-10-07 09:40:00,-5,655378800,40.5,4.15,25.5,37.2,47.8,14.0,15.3
2020-10-07 09:50:00,-5,655379400,42.0,4.15,25.6,37.2,47.8,14.0,15.3
2020-10-07 10:00:00,-5,655380000,40.8,4.15,25.6,37.2,47.8,14.0,15.2
2020-10-07 10:10:00,-5,655380600,41.3,4.15,25.6,37.2,47.8,14.0,15.3
2020-10-07 10:20:00,-5,655381200,42.0,4.15,25.6,37.2,47.7,14.0,15.2
2020-10-07 10:30:00,-5,655381800,42.0,4.15,25.7,37.2,47.8,14.0,15.3
2020-10-07 10:40:00,-5,655382400,43.5,4.15,25.7,37.2,47.8,14.0,15.3
2020-10-07 10:50:00,-5,655383000,42.8,4.15,25.8,37.2,47.8,14.0,15.2
2020-10-07 11:00:00,-5,655383600,43.3,4.15,25.8,37.2,47.8,14.1,15.3
2020-10-07 11:10:00,-5,655384200,43.5,4.15,25.8,37.2,47.8,14.1,15.2
2020-10-07 11:20:00,-5,655384800,40.3,4.15,25.9,37.2,47.7,14.2,15.2
2020-10-07 11:30:00,-5,655385400,39.5,4.15,25.9,37.2,47.8,14.3,15.2
2020-10-07 11:40:00,-5,655386000,39.5,4.15,26.0,37.2,47.7,14.2,15.5
2020-10-07 11:50:00,-5,655386600,38.8,4.15,26.0,37.2,47.8,14.3,15.2
2020-10-07 12:00:00,-5,655387200,39.8,4.15,26.0,37.2,47.7,14.3,15.1
2020-10-07 12:10:00,-5,655387800,39.0,4.15,26.1,37.2,47.7,14.3,15.1
2020-10-07 12:20:00,-5,655388400,38.3,4.15,26.1,37.3,47.7,14.3,15.2
2020-10-07 12:30:00,-5,655389000,38.3,4.15,26.1,37.3,47.7,14.3,15.2
2020-10-07 12:40:00,-5,655389600,38.0,4.15,26.2,37.3,47.7,14.5,15.1
2020-10-07 12:50:00,-5,655390200,37.5,4.15,26.2,37.3,47.7,14.5,15.1
2020-10-07 13:00:00,-5,655390800,36.8,4.15,26.2,37.3,47.7,14.4,15.2
2020-10-07 13:10:00,-5,655391400,36.5,4.15,26.2,37.3,47.7,14.7,15.1
2020-10-07 13:20:00,-5,655392000,36.0,4.15,26.3,37.3,47.7,14.7,15.2
2020-10-07 13:30:00,-5,655392600,35.0,4.15,26.3,37.3,47.7,14.6,15.1
2020-10-07 13:40:00,-5,655393200,33.8,4.15,26.3,37.3,47.7,14.7,15.2
2020-10-07 13:50:00,-5,655393800,33.3,4.15,26.3,37.4,47.7,14.7,15.2
2020-10-07 14:00:00,-5,655394400,33.0,4.15,26.3,37.4,47.7,15.0,15.2
2020-10-07 14:10:00,-5,655395000,32.3,4.15,26.4,37.4,47.7,14.8,15.2
2020-10-07 14:20:00,-5,655395600,32.3,4.15,26.4,37.4,47.7,14.8,15.1
2020-10-07 14:30:00,-5,655396200,32.0,4.15,26.4,37.4,47.7,15.0,15.5
2020-10-07 14:40:00,-5,655396800,31.3,4.15,26.4,37.4,47.7,15.1,15.2
2020-10-07 14:50:00,-5,655397400,31.0,4.15,26.4,37.4,47.7,15.1,15.2
2020-10-07 15:00:00,-5,655398000,28.8,4.15,26.4,37.5,47.7,15.1,15.3
2020-10-07 15:10:00,-5,655398600,27.0,4.15,26.5,37.5,47.7,15.1,15.2
2020-10-07 15:20:00,-5,655399200,25.5,4.15,26.5,37.5,47.7,15.2,15.1
2020-10-07 15:30:00,-5,655399800,24.8,4.15,26.5,37.5,47.7,15.2,15.3
2020-10-07 15:40:00,-5,655400400,24.3,4.15,26.5,37.5,47.7,15.3,15.3
2020-10-07 15:50:00,-5,655401000,24.0,4.15,26.5,37.5,47.7,15.3,15.3
2020-10-07 16:00:00,-5,655401600,24.5,4.15,26.5,37.5,47.7,15.3,15.4
2020-10-07 16:10:00,-5,655402200,25.3,4.15,26.5,37.5,47.7,15.5,15.2
2020-10-07 16:20:00,-5,655402800,24.8,4.15,26.5,37.5,47.7,15.5,15.2
2020-10-07 16:30:00,-5,655403400,24.3,4.15,26.5,37.5,47.7,15.5,15.3
2020-10-07 16:40:00,-5,655404000,23.5,4.15,26.5,37.5,47.7,15.5,15.3
2020-10-07 16:50:00,-5,655404600,23.0,4.15,26.5,37.5,47.7,15.6,15.2
2020-10-07 17:00:00,-5,655405200,22.5,4.15,26.5,37.5,47.7,15.6,15.5
2020-10-07 17:10:00,-5,655405800,22.0,4.15,26.5,37.5,47.8,15.6,15.3
2020-10-07 17:20:00,-5,655406400,21.5,4.15,26.5,37.5,47.7,15.5,15.3
2020-10-07 17:30:00,-5,655407000,21.0,4.15,26.5,37.5,47.8,15.7,15.4
2020-10-07 17:40:00,-5,655407600,20.5,4.15,26.5,37.6,47.7,15.6,15.5
2020-10-07 17:50:00,-5,655408200,20.5,4.15,26.5,37.6,47.7,15.7,15.4
2020-10-07 18:00:00,-5,655408800,20.8,4.15,26.5,37.6,47.8,15.7,15.5
2020-10-07 18:10:00,-5,655409400,20.5,4.15,26.5,37.6,47.8,15.7,15.5
2020-10-07 18:20:00,-5,655410000,20.5,4.15,26.5,37.6,47.8,15.8,15.5
2020-10-07 18:30:00,-5,655410600,19.8,4.15,26.5,37.6,47.7,15.8,15.6
2020-10-07 18:40:00,-5,655411200,19.3,4.15,26.5,37.6,47.8,15.8,15.6
2020-10-07 18:50:00,-5,655411800,19.3,4.15,26.5,37.6,47.8,15.8,15.5
2020-10-07 19:00:00,-5,655412400,19.8,4.15,26.5,37.6,47.8,15.7,15.6
2020-10-07 19:10:00,-5,655413000,19.5,4.15,26.5,37.6,47.8,15.8,15.6
2020-10-07 19:20:00,-5,655413600,19.5,4.15,26.5,37.6,47.8,15.8,15.6
2020-10-07 19:30:00,-5,655414200,19.3,4.15,26.5,37.7,47.8,15.8,15.6
2020-10-07 19:40:00,-5,655414800,19.0,4.15,26.4,37.7,47.8,15.8,15.6
2020-10-07 19:50:00,-5,655415400,18.5,4.15,26.4,37.7,47.8,15.8,15.6
2020-10-07 20:00:00,-5,655416000,18.3,4.15,26.4,37.7,47.8,16.0,15.6
2020-10-07 20:10:00,-5,655416600,17.8,4.15,26.4,37.7,47.8,16.0,15.7
2020-10-07 20:20:00,-5,655417200,17.5,4.15,26.4,37.7,47.8,16.0,15.7
2020-10-07 20:30:00,-5,655417800,17.0,4.15,26.4,37.7,47.8,16.0,15.6
2020-10-07 20:40:00,-5,655418400,16.8,4.15,26.4,37.7,47.8,15.8,15.7
2020-10-07 20:50:00,-5,655419000,16.3,4.15,26.3,37.7,47.8,16.0,15.7
2020-10-07 21:00:00,-5,655419600,15.5,4.15,26.3,37.8,47.8,16.0,15.7
2020-10-07 21:10:00,-5,655420200,15.3,4.15,26.2,37.8,47.8,15.8,15.7
2020-10-07 21:20:00,-5,655420800,15.3,4.15,26.2,37.8,47.8,15.8,15.7
2020-10-07 21:30:00,-5,655421400,14.8,4.15,26.2,37.8,47.8,16.0,15.7
2020-10-07 21:40:00,-5,655422000,14.5,4.15,26.2,37.8,47.8,16.0,15.7
2020-10-07 21:50:00,-5,655422600,14.0,4.15,26.2,37.8,47.8,16.0,15.7
2020-10-07 22:00:00,-5,655423200,13.3,4.15,26.2,37.8,47.8,16.0,15.7
2020-10-07 22:10:00,-5,655423800,14.0,4.15,26.1,37.8,47.8,15.8,15.7
2020-10-07 22:20:00,-5,655424400,14.3,4.15,26.1,37.8,47.8,16.0,15.7
2020-10-07 22:30:00,-5,655425000,14.0,4.15,26.1,37.8,47.8,15.8,15.7
2020-10-07 22:40:00,-5,655425600,13.8,4.15,26.2,37.7,47.8,16.0,15.8
2020-10-07 22:50:00,-5,655426200,13.5,4.15,26.1,37.8,47.8,15.8,15.8
2020-10-07 23:00:00,-5,655426800,13.3,4.15,26.1,37.8,47.8,15.8,15.7
2020-10-07 23:10:00,-5,655427400,13.0,4.15,26.0,37.8,47.8,16.0,15.8
2020-10-07 23:20:00,-5,655428000,13.3,4.15,26.0,37.8,47.8,15.8,15.8
2020-10-07 23:30:00,-5,655428600,13.3,4.15,26.0,37.8,47.8,15.8,15.8
2020-10-07 23:40:00,-5,655429200,13.0,4.15,26.0,37.8,47.7,15.8,15.8
2020-10-07 23:50:00,-5,655429800,13.3,4.15,26.0,37.7,47.8,15.7,15.8
2020-10-08 00:00:00,-5,655430400,13.3,4.15,26.0,37.7,47.8,15.8,15.8
2020-10-08 00:10:00,-5,655431000,12.8,4.15,26.0,37.7,47.8,15.8,15.8
2020-10-08 00:20:00,-5,655431600,12.0,4.15,25.9,37.7,47.8,15.7,15.7
2020-10-08 00:30:00,-5,655432200,11.3,4.15,25.9,37.7,47.8,15.7,15.8
2020-10-08 00:40:00,-5,655432800,10.8,4.15,25.9,37.7,47.8,15.7,15.7
2020-10-08 00:50:00,-5,655433400,10.5,4.15,25.9,37.7,47.8,15.8,15.8
2020-10-08 01:00:00,-5,655434000,10.3,4.15,25.9,37.7,47.8,15.7,15.8
2020-10-08 01:10:00,-5,655434600,10.3,4.15,25.9,37.7,47.8,15.7,15.8
2020-10-08 01:20:00,-5,655435200,10.0,4.15,25.8,37.7,47.8,15.8,15.8
2020-10-08 01:30:00,-5,655435800,10.0,4.15,25.8,37.7,47.8,15.6,15.8
2020-10-08 01:40:00,-5,655436400,9.5,4.15,25.8,37.7,47.8,15.7,15.7
2020-10-08 01:50:00,-5,655437000,9.0,4.15,25.8,37.7,47.8,15.7,15.7
2020-10-08 02:00:00,-5,655437600,9.0,4.15,25.8,37.7,47.8,15.6,15.8
2020-10-08 02:10:00,-5,655438200,8.5,4.15,25.7,37.7,47.8,15.6,16.1
2020-10-08 02:20:00,-5,655438800,8.3,4.15,25.7,37.7,47.8,15.6,15.8
2020-10-08 02:30:00,-5,655439400,8.3,4.15,25.8,37.6,47.8,15.6,15.7
2020-10-08 02:40:00,-5,655440000,8.8,4.14,25.7,37.6,47.8,15.4,15.6
2020-10-08 02:50:00,-5,655440600,8.8,4.14,25.7,37.6,47.8,15.6,15.8
2020-10-08 03:00:00,-5,655441200,9.0,4.14,25.7,37.5,47.8,15.5,15.7
2020-10-08 03:10:00,-5,655441800,9.3,4.14,25.7,37.5,47.8,15.4,15.8
2020-10-08 03:20:00,-5,655442400,9.5,4.14,25.7,37.5,47.8,15.5,15.7
2020-10-08 03:30:00,-5,655443000,9.3,4.14,25.7,37.5,47.8,15.3,15.8
2020-10-08 03:40:00,-5,655443600,9.0,4.14,25.6,37.5,47.8,15.5,16.1
2020-10-08 03:50:00,-5,655444200,8.3,4.14,25.6,37.5,47.8,15.4,15.8
2020-10-08 04:00:00,-5,655444800,8.3,4.14,25.6,37.5,47.8,15.3,15.7
2020-10-08 04:10:00,-5,655445400,8.3,4.14,25.6,37.5,47.8,15.3,15.7
2020-10-08 04:20:00,-5,655446000,8.5,4.14,25.6,37.5,47.8,15.4,15.7
2020-10-08 04:30:00,-5,655446600,8.8,4.14,25.6,37.5,47.8,15.3,15.8
2020-10-08 04:40:00,-5,655447200,8.5,4.14,25.5,37.5,47.8,15.2,15.8
2020-10-08 04:50:00,-5,655447800,8.5,4.14,25.5,37.5,47.8,15.2,15.8
2020-10-08 05:00:00,-5,655448400,8.0,4.14,25.5,37.5,47.8,15.2,15.8
2020-10-08 05:10:00,-5,655449000,7.8,4.14,25.5,37.5,47.8,15.2,15.8
2020-10-08 05:20:00,-5,655449600,7.0,4.14,25.5,37.5,47.8,15.2,15.7
2020-10-08 05:30:00,-5,655450200,7.0,4.14,25.4,37.5,47.8,15.2,15.8
2020-10-08 05:40:00,-5,655450800,6.8,4.14,25.4,37.5,47.8,15.1,15.8
2020-10-08 05:50:00,-5,655451400,6.8,4.14,25.4,37.5,47.8,15.1,15.8
2020-10-08 06:00:00,-5,655452000,7.0,4.14,25.4,37.5,47.8,15.1,15.8
2020-10-08 06:10:00,-5,655452600,7.0,4.14,25.4,37.5,47.7,15.1,15.7
2020-10-08 06:20:00,-5,655453200,7.0,4.14,25.4,37.5,47.8,15.0,15.7
2020-10-08 06:30:00,-5,655453800,7.0,4.14,25.4,37.4,47.8,15.2,15.7
2020-10-08 06:40:00,-5,655454400,6.8,4.14,25.3,37.4,47.8,15.1,15.8
2020-10-08 06:50:00,-5,655455000,6.8,4.14,25.3,37.4,47.7,15.0,15.7
2020-10-08 07:00:00,-5,655455600,6.8,4.14,25.3,37.4,47.8,15.0,15.6
2020-10-08 07:10:00,-5,655456200,7.0,4.14,25.3,37.4,47.8,14.8,15.8
2020-10-08 07:20:00,-5,655456800,8.5,4.14,25.2,37.4,47.8,15.0,15.7
2020-10-08 07:30:00,-5,655457400,9.5,4.14,25.2,37.4,47.8,15.0,15.7
2020-10-08 07:40:00,-5,655458000,9.8,4.14,25.2,37.4,47.8,14.7,15.7
2020-10-08 07:50:00,-5,655458600,10.5,4.14,25.2,37.4,47.8,14.7,15.8
2020-10-08 08:00:00,-5,655459200,12.0,4.15,25.2,37.4,47.8,14.7,15.8
2020-10-08 08:10:00,-5,655459800,23.0,4.15,25.2,37.3,47.8,14.7,15.7
2020-10-08 08:20:00,-5,655460400,29.5,4.15,25.2,37.3,47.8,14.7,15.7
2020-10-08 08:30:00,-5,655461000,32.5,4.15,25.2,37.3,47.8,14.6,15.7
2020-10-08 08:40:00,-5,655461600,34.5,4.15,25.2,37.3,47.8,14.6,15.7
2020-10-08 08:50:00,-5,655462200,36.0,4.15,25.2,37.3,47.7,14.6,15.7
2020-10-08 09:00:00,-5,655462800,38.3,4.15,25.2,37.3,47.7,14.5,15.7
2020-10-08 09:10:00,-5,655463400,39.5,4.15,25.2,37.3,47.7,14.5,15.8
2020-10-08 09:20:00,-5,655464000,40.0,4.15,25.2,37.3,47.7,14.6,15.8
2020-10-08 09:30:00,-5,655464600,40.3,4.15,25.2,37.2,47.7,14.5,15.8
2020-10-08 09:40:00,-5,655465200,41.8,4.15,25.2,37.2,47.7,14.7,15.7
2020-10-08 09:50:00,-5,655465800,40.8,4.15,25.2,37.2,47.7,14.6,15.7
2020-10-08 10:00:00,-5,655466400,41.5,4.15,25.2,37.2,47.7,14.6,15.7
2020-10-08 10:10:00,-5,655467000,40.8,4.15,25.2,37.2,47.7,14.5,15.6
2020-10-08 10:20:00,-5,655467600,41.8,4.15,25.3,37.2,47.7,14.6,15.6
2020-10-08 10:30:00,-5,655468200,41.8,4.15,25.3,37.2,47.7,14.5,15.7
2020-10-08 10:40:00,-5,655468800,41.5,4.15,25.3,37.2,47.8,14.6,15.7
2020-10-08 10:50:00,-5,655469400,41.5,4.15,25.3,37.2,47.7,14.4,15.6
2020-10-08 11:00:00,-5,655470000,40.5,4.15,25.3,37.2,47.7,14.6,15.6
2020-10-08 11:10:00,-5,655470600,40.3,4.15,25.4,37.2,47.7,14.5,15.7
2020-10-08 11:20:00,-5,655471200,39.0,4.15,25.4,37.2,47.7,14.5,15.5
2020-10-08 11:30:00,-5,655471800,38.5,4.15,25.4,37.2,47.7,14.6,15.6
2020-10-08 11:40:00,-5,655472400,39.3,4.15,25.5,37.2,47.7,14.7,15.6
2020-10-08 11:50:00,-5,655473000,38.0,4.15,25.5,37.2,47.7,14.7,15.6
2020-10-08 12:00:00,-5,655473600,38.3,4.15,25.5,37.2,47.7,14.7,15.6
2020-10-08 12:10:00,-5,655474200,37.5,4.15,25.5,37.2,47.7,14.6,15.7
2020-10-08 12:20:00,-5,655474800,36.8,4.15,25.5,37.2,47.7,14.7,15.6
2020-10-08 12:30:00,-5,655475400,35.3,4.15,25.6,37.2,47.7,14.7,15.6
2020-10-08 12:40:00,-5,655476000,34.0,4.15,25.6,37.2,47.7,14.7,15.6
2020-10-08 12:50:00,-5,655476600,33.5,4.17,25.6,37.2,47.7,14.7,15.5
2020-10-08 13:00:00,-5,655477200,33.3,4.15,25.6,37.2,47.7,14.7,15.5
2020-10-08 13:10:00,-5,655477800,32.3,4.17,25.6,37.2,47.7,14.8,15.6
2020-10-08 13:20:00,-5,655478400,31.5,4.17,25.6,37.2,47.7,14.9,15.5
2020-10-08 13:30:00,-5,655479000,30.8,4.17,25.6,37.2,47.7,14.8,15.5
2020-10-08 13:40:00,-5,655479600,28.8,4.17,25.6,37.2,47.7,15.0,15.5
2020-10-08 13:50:00,-5,655480200,28.8,4.17,25.6,37.2,47.7,15.0,15.6
2020-10-08 14:00:00,-5,655480800,29.3,4.17,25.6,37.2,47.7,15.0,15.6
2020-10-08 14:10:00,-5,655481400,28.5,4.17,25.6,37.2,47.7,15.0,15.5
2020-10-08 14:20:00,-5,655482000,28.3,4.17,25.6,37.2,47.7,15.0,15.6
2020-10-08 14:30:00,-5,655482600,28.5,4.17,25.6,37.2,47.7,15.2,15.5
2020-10-08 14:40:00,-5,655483200,28.5,4.17,25.6,37.2,47.7,15.2,15.6
2020-10-08 14:50:00,-5,655483800,28.3,4.17,25.6,37.3,47.6,15.1,15.5
2020-10-08 15:00:00,-5,655484400,26.8,4.17,25.6,37.3,47.7,15.1,15.3
2020-10-08 15:10:00,-5,655485000,25.3,4.17,25.6,37.3,47.7,15.0,15.6
2020-10-08 15:20:00,-5,655485600,23.3,4.17,25.6,37.3,47.7,15.2,15.6
2020-10-08 15:30:00,-5,655486200,23.0,4.17,25.6,37.3,47.7,15.1,15.5
2020-10-08 15:40:00,-5,655486800,21.8,4.17,25.7,37.3,47.7,15.2,15.6
2020-10-08 15:50:00,-5,655487400,21.5,4.17,25.7,37.3,47.7,15.1,15.3
2020-10-08 16:00:00,-5,655488000,21.0,4.17,25.7,37.3,47.7,15.2,15.5
2020-10-08 16:10:00,-5,655488600,20.0,4.17,25.7,37.3,47.7,15.1,15.5
2020-10-08 16:20:00,-5,655489200,19.3,4.17,25.7,37.3,47.7,15.1,15.6
2020-10-08 16:30:00,-5,655489800,18.8,4.17,25.7,37.3,47.7,15.2,15.5
2020-10-08 16:40:00,-5,655490400,17.8,4.17,25.7,37.3,47.7,15.4,15.6
2020-10-08 16:50:00,-5,655491000,16.3,4.17,25.7,37.3,47.7,15.2,15.6
2020-10-08 17:00:00,-5,655491600,15.0,4.17,25.6,37.3,47.7,15.2,15.5
2020-10-08 17:10:00,-5,655492200,14.3,4.17,25.6,37.3,47.7,15.2,15.6
2020-10-08 17:20:00,-5,655492800,13.5,4.17,25.6,37.3,47.7,15.3,15.5
2020-10-08 17:30:00,-5,655493400,12.5,4.17,25.6,37.3,47.7,15.3,15.6
2020-10-08 17:40:00,-5,655494000,11.8,4.17,25.6,37.3,47.7,15.2,15.6
2020-10-08 17:50:00,-5,655494600,11.0,4.17,25.6,37.3,47.7,15.3,15.6
2020-10-08 18:00:00,-5,655495200,9.8,4.15,25.6,37.3,47.7,15.2,15.6
2020-10-08 18:10:00,-5,655495800,9.0,4.15,25.6,37.4,47.7,15.3,15.6
2020-10-08 18:20:00,-5,655496400,8.8,4.15,25.5,37.4,47.7,15.3,15.6
2020-10-08 18:30:00,-5,655497000,8.3,4.15,25.5,37.4,47.7,15.3,15.5
2020-10-08 18:40:00,-5,655497600,7.8,4.15,25.5,37.4,47.7,15.3,15.6
2020-10-08 18:50:00,-5,655498200,7.5,4.15,25.5,37.3,47.7,15.4,15.7
2020-10-08 19:00:00,-5,655498800,7.0,4.15,25.4,37.4,47.7,15.4,15.6
2020-10-08 19:10:00,-5,655499400,6.5,4.15,25.4,37.4,47.7,15.3,15.6
2020-10-08 19:20:00,-5,655500000,6.3,4.15,25.4,37.4,47.7,15.3,15.7
2020-10-08 19:30:00,-5,655500600,6.3,4.15,25.3,37.4,47.7,15.2,15.6
2020-10-08 19:40:00,-5,655501200,5.8,4.15,25.3,37.3,47.7,15.2,15.7
2020-10-08 19:50:00,-5,655501800,5.8,4.15,25.3,37.3,47.7,15.2,15.6
2020-10-08 20:00:00,-5,655502400,5.5,4.15,25.3,37.3,47.7,15.2,15.6
2020-10-08 20:10:00,-5,655503000,5.0,4.15,25.2,37.3,47.7,15.2,15.6
2020-10-08 20:20:00,-5,655503600,5.5,4.15,25.2,37.3,47.7,15.3,15.7
2020-10-08 20:30:00,-5,655504200,5.8,4.15,25.2,37.3,47.7,15.2,15.7
2020-10-08 20:40:00,-5,655504800,5.8,4.15,25.1,37.3,47.7,15.1,15.6
2020-10-08 20:50:00,-5,655505400,5.5,4.15,25.1,37.3,47.7,15.2,15.7
2020-10-08 21:00:00,-5,655506000,5.3,4.15,25.1,37.3,47.7,15.2,15.7
2020-10-08 21:10:00,-5,655506600,5.0,4.15,25.1,37.3,47.7,15.1,15.7
2020-10-08 21:20:00,-5,655507200,4.8,4.15,25.0,37.3,47.7,15.1,15.6
2020-10-08 21:30:00,-5,655507800,4.8,4.15,25.0,37.3,47.7,15.1,15.6
2020-10-08 21:40:00,-5,655508400,4.8,4.15,25.0,37.3,47.7,15.1,15.6
2020-10-08 21:50:00,-5,655509000,4.3,4.15,25.0,37.3,47.6,15.0,15.6
2020-10-08 22:00:00,-5,655509600,4.0,4.15,25.0,37.2,47.7,15.2,15.7
2020-10-08 22:10:00,-5,655510200,4.5,4.15,25.0,37.2,47.7,15.0,15.7
2020-10-08 22:20:00,-5,655510800,4.8,4.15,25.0,37.2,47.7,15.0,15.7
2020-10-08 22:30:00,-5,655511400,4.0,4.15,25.0,37.2,47.6,14.8,15.7
2020-10-08 22:40:00,-5,655512000,3.8,4.15,25.0,37.2,47.7,14.8,15.7
2020-10-08 22:50:00,-5,655512600,3.8,4.15,24.9,37.2,47.7,14.8,15.7
2020-10-08 23:00:00,-5,655513200,3.5,4.15,24.9,37.2,47.7,14.7,15.6
2020-10-08 23:10:00,-5,655513800,3.0,4.15,24.9,37.2,47.7,14.8,15.6
2020-10-08 23:20:00,-5,655514400,3.0,4.15,24.9,37.2,47.7,14.7,15.6
2020-10-08 23:30:00,-5,655515000,3.3,4.15,24.8,37.1,47.7,14.6,15.6
2020-10-08 23:40:00,-5,655515600,3.0,4.15,24.8,37.1,47.7,14.6,15.6
2020-10-08 23:50:00,-5,655516200,2.8,4.15,24.8,37.1,47.7,14.6,15.7
2020-10-09 00:00:00,-5,655516800,2.5,4.15,24.8,37.1,47.7,14.6,15.7
2020-10-09 00:10:00,-5,655517400,2.5,4.15,24.7,37.1,47.7,14.6,15.6
2020-10-09 00:20:00,-5,655518000,2.8,4.15,24.7,37.1,47.7,14.5,15.6
2020-10-09 00:30:00,-5,655518600,3.0,4.15,24.7,37.1,47.7,14.5,15.6
2020-10-09 00:40:00,-5,655519200,2.8,4.15,24.7,37.0,47.7,14.5,15.6
2020-10-09 00:50:00,-5,655519800,2.0,4.15,24.6,37.0,47.7,14.5,15.6
2020-10-09 01:00:00,-5,655520400,1.8,4.15,24.6,37.0,47.7,14.3,15.5
2020-10-09 01:10:00,-5,655521000,1.8,4.15,24.6,37.0,47.7,14.3,15.5
2020-10-09 01:20:00,-5,655521600,1.5,4.15,24.6,37.0,47.7,14.3,15.5
2020-10-09 01:30:00,-5,655522200,1.8,4.15,24.6,37.0,47.7,14.4,15.5
2020-10-09 01:40:00,-5,655522800,1.8,4.15,24.5,37.0,47.7,14.4,15.5
2020-10-09 01:50:00,-5,655523400,1.8,4.15,24.5,36.9,47.7,14.3,15.7
2020-10-09 02:00:00,-5,655524000,2.3,4.15,24.5,36.9,47.6,14.2,15.7
2020-10-09 02:10:00,-5,655524600,2.0,4.15,24.5,36.9,47.7,14.2,15.6
2020-10-09 02:20:00,-5,655525200,2.0,4.15,24.5,36.9,47.6,14.1,15.5
2020-10-09 02:30:00,-5,655525800,1.8,4.15,24.4,36.9,47.7,14.2,15.6
2020-10-09 02:40:00,-5,655526400,1.5,4.15,24.4,36.9,47.6,14.0,15.6
2020-10-09 02:50:00,-5,655527000,1.5,4.15,24.4,36.8,47.7,14.0,15.6
2020-10-09 03:00:00,-5,655527600,1.5,4.15,24.4,36.8,47.7,14.0,15.5
2020-10-09 03:10:00,-5,655528200,1.3,4.15,24.4,36.8,47.6,13.8,15.5
2020-10-09 03:20:00,-5,655528800,1.3,4.15,24.3,36.8,47.6,13.8,15.5
2020-10-09 03:30:00,-5,655529400,0.8,4.15,24.3,36.8,47.6,14.0,15.3
2020-10-09 03:40:00,-5,655530000,0.8,4.15,24.3,36.8,47.6,13.8,15.3
2020-10-09 03:50:00,-5,655530600,1.0,4.15,24.3,36.7,47.6,13.8,15.5
2020-10-09 04:00:00,-5,655531200,0.8,4.15,24.3,36.7,47.6,13.7,15.6
2020-10-09 04:10:00,-5,655531800,1.0,4.15,24.2,36.7,47.6,13.7,15.3
2020-10-09 04:20:00,-5,655532400,0.8,4.15,24.2,36.7,47.6,13.7,15.5
2020-10-09 04:30:00,-5,655533000,0.8,4.15,24.2,36.7,47.6,13.7,15.3
2020-10-09 04:40:00,-5,655533600,0.8,4.15,24.2,36.7,47.6,13.6,15.4
2020-10-09 04:50:00,-5,655534200,1.0,4.15,24.2,36.7,47.6,13.6,15.3
2020-10-09 05:00:00,-5,655534800,0.8,4.15,24.1,36.7,47.6,13.6,15.3
2020-10-09 05:10:00,-5,655535400,0.8,4.15,24.1,36.6,47.6,13.6,15.5
2020-10-09 05:20:00,-5,655536000,0.5,4.15,24.1,36.6,47.6,13.5,15.3
2020-10-09 05:30:00,-5,655536600,0.5,4.15,24.1,36.6,47.6,13.5,15.2
2020-10-09 05:40:00,-5,655537200,0.5,4.15,24.1,36.6,47.6,13.5,15.3
2020-10-09 05:50:00,-5,655537800,0.3,4.15,24.1,36.6,47.6,13.4,15.3
2020-10-09 06:00:00,-5,655538400,0.5,4.15,24.0,36.6,47.6,13.3,15.4
2020-10-09 06:10:00,-5,655539000,1.0,4.15,24.0,36.5,47.6,13.3,15.3
2020-10-09 06:20:00,-5,655539600,1.5,4.15,24.0,36.5,47.6,13.3,15.1
2020-10-09 06:30:00,-5,655540200,1.8,4.15,24.0,36.5,47.6,13.3,15.3
2020-10-09 06:40:00,-5,655540800,1.8,4.15,24.0,36.5,47.6,13.3,15.3
2020-10-09 06:50:00,-5,655541400,2.0,4.15,24.0,36.5,47.6,13.3,15.1
2020-10-09 07:00:00,-5,655542000,2.8,4.15,23.9,36.5,47.6,13.3,15.1
2020-10-09 07:10:00,-5,655542600,3.3,4.15,23.9,36.4,47.6,13.1,15.2
2020-10-09 07:20:00,-5,655543200,3.8,4.15,23.9,36.4,47.6,13.3,15.1
2020-10-09 07:30:00,-5,655543800,4.8,4.15,23.9,36.4,47.6,13.1,15.2
2020-10-09 07:40:00,-5,655544400,5.0,4.15,23.9,36.4,47.6,13.1,15.1
2020-10-09 07:50:00,-5,655545000,5.5,4.15,23.9,36.4,47.6,13.1,15.1
2020-10-09 08:00:00,-5,655545600,6.3,4.15,23.9,36.4,47.6,13.1,15.1
2020-10-09 08:10:00,-5,655546200,15.5,4.15,23.9,36.3,47.6,13.1,15.1
2020-10-09 08:20:00,-5,655546800,22.3,4.15,23.9,36.3,47.6,13.1,15.1
2020-10-09 08:30:00,-5,655547400,26.5,4.15,23.9,36.3,47.5,13.1,15.0
2020-10-09 08:40:00,-5,655548000,29.3,4.15,23.9,36.3,47.5,13.1,15.0
2020-10-09 08:50:00,-5,655548600,31.0,4.15,23.9,36.3,47.5,13.0,15.0
2020-10-09 09:00:00,-5,655549200,32.0,4.15,23.9,36.3,47.5,13.0,15.0
2020-10-09 09:10:00,-5,655549800,33.0,4.15,23.9,36.3,47.5,12.8,15.0
2020-10-09 09:20:00,-5,655550400,37.0,4.15,23.9,36.3,47.5,13.1,14.7
2020-10-09 09:30:00,-5,655551000,39.5,4.15,23.9,36.2,47.5,13.0,15.0
2020-10-09 09:40:00,-5,655551600,41.3,4.15,24.0,36.2,47.5,13.0,14.8
2020-10-09 09:50:00,-5,655552200,40.8,4.15,24.0,36.2,47.5,13.0,15.0
2020-10-09 10:00:00,-5,655552800,42.3,4.15,24.0,36.2,47.5,12.8,15.0
2020-10-09 10:10:00,-5,655553400,43.8,4.17,24.0,36.2,47.5,12.8,14.7
2020-10-09 10:20:00,-5,655554000,44.5,4.17,24.1,36.2,47.5,12.8,14.7
2020-10-09 10:30:00,-5,655554600,45.0,4.17,24.1,36.2,47.5,13.0,14.7
2020-10-09 10:40:00,-5,655555200,44.3,4.17,24.1,36.2,47.5,13.0,14.7
2020-10-09 10:50:00,-5,655555800,43.5,4.17,24.2,36.2,47.5,12.8,14.8
2020-10-09 11:00:00,-5,655556400,44.5,4.17,24.2,36.2,47.5,13.0,14.7
2020-10-09 11:10:00,-5,655557000,41.8,4.17,24.3,36.2,47.5,13.0,14.8
2020-10-09 11:20:00,-5,655557600,40.5,4.17,24.3,36.2,47.5,13.0,14.7
2020-10-09 11:30:00,-5,655558200,39.8,4.17,24.4,36.2,47.5,13.0,14.7
2020-10-09 11:50:00,-5,655559400,41.0,4.17,24.5,36.2,47.4,13.1,14.7
2020-10-09 12:00:00,-5,655560000,40.3,4.17,24.5,36.2,47.5,13.0,14.7
2020-10-09 12:10:00,-5,655560600,40.8,4.17,24.6,36.2,47.5,13.1,14.7
2020-10-09 12:20:00,-5,655561200,40.0,4.17,24.6,36.2,47.5,13.2,14.6
2020-10-09 12:30:00,-5,655561800,37.3,4.17,24.6,36.2,47.5,13.2,14.6
2020-10-09 12:40:00,-5,655562400,35.8,4.17,24.7,36.2,47.5,13.3,14.6
2020-10-09 12:50:00,-5,655563000,34.5,4.17,24.7,36.2,47.5,13.2,14.7
2020-10-09 13:00:00,-5,655563600,35.8,4.17,24.7,36.2,47.4,13.3,14.6
2020-10-09 13:10:00,-5,655564200,35.5,4.17,24.8,36.2,47.4,13.3,14.6
2020-10-09 13:20:00,-5,655564800,34.5,4.17,24.8,36.2,47.4,13.3,14.6
2020-10-09 13:30:00,-5,655565400,35.3,4.17,24.8,36.2,47.4,13.5,14.6
2020-10-09 13:40:00,-5,655566000,33.8,4.17,24.8,36.3,47.4,13.5,14.6
2020-10-09 13:50:00,-5,655566600,33.0,4.17,24.8,36.3,47.4,13.5,14.5
2020-10-09 14:00:00,-5,655567200,32.8,4.17,24.9,36.3,47.5,13.6,14.5
2020-10-09 14:10:00,-5,655567800,31.0,4.17,24.9,36.3,47.4,13.5,14.6
2020-10-09 14:20:00,-5,655568400,29.5,4.17,24.9,36.3,47.4,13.6,14.6
2020-10-09 14:30:00,-5,655569000,28.3,4.17,24.9,36.3,47.4,13.7,14.5
2020-10-09 14:40:00,-5,655569600,28.3,4.17,24.9,36.3,47.4,13.7,14.7
2020-10-09 14:50:00,-5,655570200,27.3,4.17,25.0,36.4,47.4,13.8,14.6
2020-10-09 15:00:00,-5,655570800,26.8,4.17,25.0,36.4,47.4,13.8,14.6
2020-10-09 15:10:00,-5,655571400,26.3,4.17,25.0,36.4,47.4,13.8,14.6
2020-10-09 15:20:00,-5,655572000,24.8,4.17,25.0,36.4,47.4,14.0,14.7
2020-10-09 15:30:00,-5,655572600,23.3,4.17,25.0,36.4,47.4,14.0,14.5
2020-10-09 15:40:00,-5,655573200,22.0,4.17,25.0,36.4,47.4,14.1,14.5
2020-10-09 15:50:00,-5,655573800,21.8,4.17,25.0,36.4,47.4,14.1,14.5
2020-10-09 16:00:00,-5,655574400,20.5,4.17,25.0,36.4,47.4,14.0,14.6
2020-10-09 16:10:00,-5,655575000,20.0,4.17,25.0,36.5,47.4,14.0,14.6
2020-10-09 16:20:00,-5,655575600,19.0,4.17,25.0,36.5,47.4,14.1,14.5
2020-10-09 16:30:00,-5,655576200,18.8,4.17,25.0,36.5,47.4,14.3,14.7
2020-10-09 16:40:00,-5,655576800,18.0,4.17,25.0,36.5,47.4,14.2,14.6
2020-10-09 16:50:00,-5,655577400,17.5,4.17,25.0,36.5,47.4,14.2,14.6
2020-10-09 17:00:00,-5,655578000,16.8,4.17,25.0,36.5,47.4,14.2,14.6
2020-10-09 17:10:00,-5,655578600,16.3,4.17,25.0,36.5,47.4,14.3,14.7
2020-10-09 17:20:00,-5,655579200,15.5,4.17,25.0,36.5,47.4,14.2,14.6
2020-10-09 17:30:00,-5,655579800,15.0,4.17,25.0,36.6,47.4,14.3,14.8
2020-10-09 17:40:00,-5,655580400,14.5,4.17,25.0,36.6,47.4,14.3,14.7
2020-10-09 17:50:00,-5,655581000,14.3,4.17,25.0,36.6,47.4,14.5,14.7
2020-10-09 18:00:00,-5,655581600,14.0,4.17,25.0,36.6,47.4,14.3,14.7
2020-10-09 18:10:00,-5,655582200,14.0,4.17,25.0,36.6,47.4,14.3,14.7
2020-10-09 18:20:00,-5,655582800,13.8,4.17,25.0,36.6,47.4,14.3,14.7
2020-10-09 18:30:00,-5,655583400,13.5,4.17,25.0,36.6,47.4,14.5,14.7
2020-10-09 18:40:00,-5,655584000,13.3,4.17,25.0,36.6,47.4,14.5,14.6
2020-10-09 18:50:00,-5,655584600,12.8,4.17,25.0,36.6,47.4,14.5,14.7
2020-10-09 19:00:00,-5,655585200,12.5,4.17,25.0,36.6,47.4,14.5,14.8
2020-10-09 19:10:00,-5,655585800,12.3,4.17,24.9,36.6,47.4,14.5,14.8
2020-10-09 19:20:00,-5,655586400,12.3,4.17,24.9,36.6,47.4,14.5,14.6
2020-10-09 19:30:00,-5,655587000,12.0,4.17,24.9,36.6,47.4,14.5,14.7
2020-10-09 19:40:00,-5,655587600,11.5,4.17,24.9,36.6,47.4,14.5,14.8
2020-10-09 19:50:00,-5,655588200,11.3,4.17,24.9,36.6,47.4,14.5,14.7
2020-10-09 20:00:00,-5,655588800,11.0,4.17,24.9,36.6,47.4,14.4,14.7
2020-10-09 20:10:00,-5,655589400,11.3,4.17,24.8,36.6,47.4,14.5,15.0
2020-10-09 20:20:00,-5,655590000,10.8,4.17,24.8,36.6,47.4,14.4,14.8
2020-10-09 20:30:00,-5,655590600,10.8,4.17,24.8,36.6,47.4,14.5,14.7
2020-10-09 20:40:00,-5,655591200,10.8,4.17,24.8,36.6,47.4,14.6,14.8
2020-10-09 20:50:00,-5,655591800,10.8,4.17,24.8,36.6,47.4,14.5,14.8
2020-10-09 21:00:00,-5,655592400,11.0,4.17,24.8,36.6,47.4,14.4,14.8
2020-10-09 21:10:00,-5,655593000,11.0,4.17,24.8,36.6,47.4,14.5,14.7
2020-10-09 21:20:00,-5,655593600,11.0,4.17,24.7,36.6,47.4,14.4,14.8
2020-10-09 21:30:00,-5,655594200,11.0,4.17,24.7,36.6,47.4,14.5,14.8
2020-10-09 21:40:00,-5,655594800,11.3,4.17,24.7,36.6,47.4,14.5,14.7
2020-10-09 21:50:00,-5,655595400,11.0,4.17,24.7,36.6,47.4,14.3,14.7
2020-10-09 22:00:00,-5,655596000,11.0,4.15,24.7,36.6,47.4,14.5,15.2
2020-10-09 22:10:00,-5,655596600,11.0,4.15,24.7,36.6,47.4,14.3,14.7
2020-10-09 22:20:00,-5,655597200,10.8,4.15,24.7,36.6,47.4,14.4,15.1
2020-10-09 22:30:00,-5,655597800,10.5,4.15,24.6,36.6,47.4,14.5,15.1
2020-10-09 22:40:00,-5,655598400,10.5,4.15,24.6,36.6,47.4,14.3,15.0
2020-10-09 22:50:00,-5,655599000,10.3,4.15,24.6,36.6,47.4,14.4,15.0
2020-10-09 23:00:00,-5,655599600,10.3,4.15,24.6,36.6,47.4,14.4,14.7
2020-10-09 23:10:00,-5,655600200,10.0,4.15,24.6,36.6,47.4,14.2,14.8
2020-10-09 23:20:00,-5,655600800,9.5,4.15,24.6,36.6,47.4,14.3,14.8
2020-10-09 23:30:00,-5,655601400,9.3,4.15,24.6,36.6,47.4,14.4,14.8
2020-10-09 23:40:00,-5,655602000,9.8,4.15,24.6,36.6,47.4,14.3,15.0
2020-10-09 23:50:00,-5,655602600,9.5,4.15,24.6,36.6,47.4,14.2,15.0
2020-10-10 00:00:00,-5,655603200,9.8,4.15,24.5,36.6,47.4,14.2,15.0
2020-10-10 00:10:00,-5,655603800,10.0,4.15,24.5,36.6,47.4,14.3,15.1
2020-10-10 00:20:00,-5,655604400,9.8,4.15,24.5,36.6,47.4,14.3,14.6
2020-10-10 00:30:00,-5,655605000,9.8,4.15,24.5,36.6,47.4,14.3,15.0
2020-10-10 00:40:00,-5,655605600,9.8,4.15,24.5,36.6,47.4,14.2,15.1
2020-10-10 00:50:00,-5,655606200,10.0,4.15,24.5,36.5,47.4,14.3,15.0
2020-10-10 01:00:00,-5,655606800,10.0,4.15,24.5,36.5,47.4,14.2,15.0
2020-10-10 01:10:00,-5,655607400,10.3,4.15,24.5,36.5,47.4,14.2,14.8
2020-10-10 01:20:00,-5,655608000,10.3,4.15,24.5,36.5,47.4,14.2,15.0
2020-10-10 01:30:00,-5,655608600,10.3,4.15,24.5,36.5,47.4,14.1,15.1
2020-10-10 01:40:00,-5,655609200,10.5,4.15,24.4,36.5,47.4,14.3,15.1
2020-10-10 01:50:00,-5,655609800,10.3,4.15,24.4,36.5,47.4,14.2,14.8
2020-10-10 02:00:00,-5,655610400,11.0,4.15,24.4,36.5,47.4,14.2,14.7
2020-10-10 02:10:00,-5,655611000,11.3,4.15,24.4,36.5,47.4,14.2,15.1
2020-10-10 02:20:00,-5,655611600,11.0,4.15,24.4,36.5,47.4,14.1,14.8
2020-10-10 02:30:00,-5,655612200,11.0,4.15,24.4,36.5,47.4,14.0,14.8
2020-10-10 02:40:00,-5,655612800,11.3,4.15,24.4,36.5,47.4,14.1,15.0
2020-10-10 02:50:00,-5,655613400,11.3,4.15,24.4,36.5,47.4,14.1,15.1
2020-10-10 03:00:00,-5,655614000,11.5,4.15,24.4,36.5,47.4,14.2,15.2
2020-10-10 03:10:00,-5,655614600,11.5,4.15,24.4,36.5,47.4,14.1,14.8
2020-10-10 03:20:00,-5,655615200,11.3,4.15,24.4,36.5,47.4,14.1,15.0
2020-10-10 03:30:00,-5,655615800,11.3,4.15,24.4,36.5,47.4,14.1,15.0
2020-10-10 03:40:00,-5,655616400,11.5,4.15,24.4,36.5,47.4,14.1,14.7
2020-10-10 03:50:00,-5,655617000,11.5,4.15,24.4,36.4,47.4,14.0,15.0
2020-10-10 04:00:00,-5,655617600,11.3,4.15,24.4,36.4,47.4,14.0,15.2
2020-10-10 04:10:00,-5,655618200,11.3,4.15,24.4,36.4,47.4,14.0,14.7
2020-10-10 04:20:00,-5,655618800,11.0,4.15,24.4,36.4,47.4,14.0,15.0
2020-10-10 04:30:00,-5,655619400,11.0,4.15,24.4,36.4,47.4,14.0,14.8
2020-10-10 04:40:00,-5,655620000,11.0,4.15,24.4,36.4,47.4,14.1,15.1
2020-10-10 04:50:00,-5,655620600,10.5,4.15,24.4,36.4,47.4,14.0,14.6
2020-10-10 05:00:00,-5,655621200,10.3,4.15,24.4,36.4,47.4,14.0,14.8
2020-10-10 05:10:00,-5,655621800,10.3,4.15,24.4,36.4,47.4,14.0,14.8
2020-10-10 05:20:00,-5,655622400,10.5,4.15,24.4,36.4,47.4,14.0,15.0
2020-10-10 05:30:00,-5,655623000,10.5,4.15,24.4,36.4,47.4,14.0,14.7
2020-10-10 05:40:00,-5,655623600,11.0,4.15,24.4,36.4,47.4,14.0,14.8
2020-10-10 05:50:00,-5,655624200,10.8,4.15,24.4,36.4,47.4,14.0,15.1
2020-10-10 06:00:00,-5,655624800,10.5,4.15,24.4,36.4,47.4,14.0,14.7
2020-10-10 06:10:00,-5,655625400,10.5,4.15,24.4,36.4,47.4,14.0,15.1
2020-10-10 06:20:00,-5,655626000,10.8,4.15,24.4,36.4,47.4,13.8,14.7
2020-10-10 06:30:00,-5,655626600,10.5,4.15,24.4,36.4,47.4,14.0,15.0
2020-10-10 06:40:00,-5,655627200,10.3,4.15,24.4,36.4,47.4,14.0,15.2
2020-10-10 06:50:00,-5,655627800,10.8,4.15,24.3,36.4,47.4,14.0,14.8
2020-10-10 07:00:00,-5,655628400,11.3,4.15,24.3,36.4,47.4,14.0,14.8
2020-10-10 07:10:00,-5,655629000,11.8,4.15,24.3,36.4,47.4,14.0,15.1
2020-10-10 07:20:00,-5,655629600,12.0,4.15,24.3,36.4,47.4,13.8,14.8
2020-10-10 07:30:00,-5,655630200,12.5,4.15,24.3,36.3,47.4,14.0,14.8
2020-10-10 07:40:00,-5,655630800,13.3,4.15,24.3,36.3,47.4,14.0,15.0
2020-10-10 07:50:00,-5,655631400,13.5,4.15,24.3,36.3,47.4,14.0,15.1
2020-10-10 08:00:00,-5,655632000,14.0,4.15,24.3,36.3,47.4,14.0,15.1
2020-10-10 08:10:00,-5,655632600,15.0,4.15,24.3,36.3,47.4,14.0,14.8
2020-10-10 08:20:00,-5,655633200,15.8,4.15,24.3,36.3,47.4,13.8,14.7
2020-10-10 08:30:00,-5,655633800,16.5,4.15,24.3,36.3,47.4,13.8,14.8
2020-10-10 08:40:00,-5,655634400,17.8,4.15,24.4,36.3,47.4,14.0,14.8
2020-10-10 08:50:00,-5,655635000,18.3,4.15,24.4,36.3,47.4,14.0,15.1
2020-10-10 09:00:00,-5,655635600,18.5,4.15,24.4,36.3,47.4,13.8,14.8
2020-10-10 09:10:00,-5,655636200,18.8,4.15,24.4,36.3,47.4,14.0,14.8
2020-10-10 09:20:00,-5,655636800,19.5,4.15,24.4,36.3,47.4,13.8,14.8
2020-10-10 09:30:00,-5,655637400,20.3,4.15,24.4,36.3,47.4,13.8,14.7
2020-10-10 09:40:00,-5,655638000,21.5,4.15,24.4,36.3,47.4,13.8,14.6
2020-10-10 09:50:00,-5,655638600,22.0,4.15,24.5,36.3,47.4,13.8,14.7
2020-10-10 10:00:00,-5,655639200,22.3,4.15,24.5,36.3,47.4,14.0,14.8
2020-10-10 10:10:00,-5,655639800,23.0,4.15,24.5,36.3,47.4,14.0,14.7
2020-10-10 10:20:00,-5,655640400,23.5,4.15,24.5,36.3,47.4,14.0,14.8
2020-10-10 10:30:00,-5,655641000,24.3,4.15,24.5,36.3,47.4,14.0,15.1
2020-10-10 10:40:00,-5,655641600,24.5,4.15,24.6,36.3,47.4,14.0,14.7
2020-10-10 10:50:00,-5,655642200,25.3,4.15,24.6,36.3,47.4,14.0,14.8
2020-10-10 11:00:00,-5,655642800,25.3,4.15,24.6,36.3,47.4,14.0,14.7
2020-10-10 11:10:00,-5,655643400,25.0,4.15,24.6,36.3,47.4,14.1,14.7
2020-10-10 11:20:00,-5,655644000,24.8,4.15,24.7,36.3,47.4,14.0,14.7
2020-10-10 11:30:00,-5,655644600,25.0,4.15,24.7,36.3,47.4,14.0,14.8
2020-10-10 11:40:00,-5,655645200,24.8,4.17,24.7,36.3,47.4,14.0,14.7
2020-10-10 11:50:00,-5,655645800,25.0,4.17,24.8,36.3,47.4,14.3,14.7
2020-10-10 12:00:00,-5,655646400,26.3,4.17,24.8,36.3,47.3,14.2,14.7
2020-10-10 12:10:00,-5,655647000,27.0,4.17,24.8,36.3,47.4,14.2,14.8
2020-10-10 12:20:00,-5,655647600,28.3,4.17,24.8,36.3,47.4,14.2,14.8
2020-10-10 12:30:00,-5,655648200,28.5,4.17,24.9,36.4,47.4,14.2,14.7
2020-10-10 12:40:00,-5,655648800,28.3,4.17,24.9,36.4,47.4,14.3,14.8
2020-10-10 12:50:00,-5,655649400,27.5,4.17,24.9,36.4,47.4,14.3,14.8
2020-10-10 13:00:00,-5,655650000,28.0,4.17,24.9,36.4,47.3,14.3,14.8
2020-10-10 13:10:00,-5,655650600,28.0,4.17,25.0,36.4,47.4,14.3,14.8
2020-10-10 13:20:00,-5,655651200,28.5,4.17,25.0,36.4,47.3,14.2,14.7
2020-10-10 13:30:00,-5,655651800,27.3,4.17,25.0,36.4,47.4,14.5,14.7
2020-10-10 13:40:00,-5,655652400,27.3,4.17,25.0,36.4,47.3,14.3,14.8
2020-10-10 13:50:00,-5,655653000,27.3,4.17,25.0,36.4,47.4,14.5,15.1
2020-10-10 14:00:00,-5,655653600,27.5,4.17,25.0,36.4,47.4,14.5,14.8
2020-10-10 14:10:00,-5,655654200,28.8,4.17,25.0,36.4,47.3,14.5,15.1
2020-10-10 14:20:00,-5,655654800,28.3,4.17,25.0,36.4,47.4,14.6,14.8
2020-10-10 14:30:00,-5,655655400,27.0,4.17,25.1,36.5,47.3,14.7,14.7
2020-10-10 14:40:00,-5,655656000,26.8,4.17,25.1,36.5,47.4,14.7,14.7
2020-10-10 14:50:00,-5,655656600,26.8,4.17,25.1,36.5,47.3,14.7,14.8
2020-10-10 15:00:00,-5,655657200,28.0,4.17,25.1,36.5,47.3,14.8,14.7
2020-10-10 15:10:00,-5,655657800,27.8,4.17,25.1,36.5,47.3,14.8,14.7
2020-10-10 15:20:00,-5,655658400,26.3,4.17,25.2,36.5,47.4,14.8,14.7
2020-10-10 15:30:00,-5,655659000,25.0,4.17,25.2,36.5,47.4,14.8,14.8
2020-10-10 15:40:00,-5,655659600,24.3,4.17,25.2,36.5,47.4,15.0,15.1
2020-10-10 15:50:00,-5,655660200,23.3,4.17,25.2,36.6,47.4,15.0,15.2
2020-10-10 16:00:00,-5,655660800,22.8,4.17,25.2,36.6,47.4,15.0,14.8
2020-10-10 16:10:00,-5,655661400,22.5,4.17,25.2,36.6,47.4,15.2,15.0
2020-10-10 16:20:00,-5,655662000,22.0,4.17,25.3,36.6,47.4,15.0,15.0
2020-10-10 16:30:00,-5,655662600,21.5,4.17,25.3,36.6,47.4,15.2,14.8
2020-10-10 16:40:00,-5,655663200,20.8,4.17,25.3,36.6,47.4,15.2,15.0
2020-10-10 16:50:00,-5,655663800,20.3,4.17,25.3,36.6,47.4,15.3,15.0
2020-10-10 17:00:00,-5,655664400,19.8,4.17,25.3,36.6,47.4,15.2,15.1
2020-10-10 17:10:00,-5,655665000,19.3,4.17,25.3,36.6,47.4,15.2,14.7
2020-10-10 17:20:00,-5,655665600,18.8,4.17,25.3,36.7,47.4,15.2,15.1
2020-10-10 17:30:00,-5,655666200,18.3,4.17,25.3,36.7,47.3,15.4,14.8
2020-10-10 17:40:00,-5,655666800,17.8,4.17,25.3,36.7,47.4,15.3,15.1
2020-10-10 17:50:00,-5,655667400,17.5,4.17,25.3,36.7,47.4,15.3,15.0
2020-10-10 18:00:00,-5,655668000,17.0,4.17,25.3,36.7,47.4,15.3,15.0
2020-10-10 18:10:00,-5,655668600,17.0,4.17,25.3,36.7,47.4,15.5,15.1
2020-10-10 18:20:00,-5,655669200,17.0,4.17,25.3,36.7,47.4,15.5,15.1
2020-10-10 18:30:00,-5,655669800,16.8,4.17,25.3,36.7,47.4,15.5,15.0
2020-10-10 18:40:00,-5,655670400,17.0,4.17,25.3,36.7,47.4,15.5,15.1
2020-10-10 18:50:00,-5,655671000,17.0,4.17,25.3,36.7,47.4,15.5,15.2
2020-10-10 19:00:00,-5,655671600,16.8,4.17,25.2,36.7,47.4,15.6,15.2
2020-10-10 19:10:00,-5,655672200,16.8,4.17,25.2,36.7,47.4,15.5,15.3
2020-10-10 19:20:00,-5,655672800,16.8,4.17,25.2,36.8,47.4,15.6,15.2
2020-10-10 19:30:00,-5,655673400,16.8,4.17,25.2,36.8,47.4,15.6,15.1
2020-10-10 19:40:00,-5,655674000,17.0,4.17,25.2,36.8,47.4,15.7,15.1
2020-10-10 19:50:00,-5,655674600,17.0,4.17,25.2,36.8,47.4,15.6,15.2
2020-10-10 20:00:00,-5,655675200,17.0,4.17,25.2,36.8,47.4,15.6,15.1
2020-10-10 20:10:00,-5,655675800,17.0,4.17,25.2,36.8,47.4,15.6,15.1
2020-10-10 20:20:00,-5,655676400,17.0,4.17,25.2,36.8,47.4,15.5,15.5
2020-10-10 20:30:00,-5,655677000,17.0,4.17,25.2,36.8,47.4,15.6,15.2
2020-10-10 20:40:00,-5,655677600,17.0,4.17,25.2,36.8,47.4,15.7,15.3
2020-10-10 20:50:00,-5,655678200,17.3,4.17,25.2,36.8,47.4,15.6,15.3
2020-10-10 21:00:00,-5,655678800,17.0,4.17,25.2,36.8,47.4,15.6,15.2
2020-10-10 21:10:00,-5,655679400,16.8,4.17,25.2,36.8,47.4,15.6,15.2
2020-10-10 21:20:00,-5,655680000,16.5,4.17,25.2,36.8,47.4,15.7,15.3
2020-10-10 21:30:00,-5,655680600,16.5,4.17,25.2,36.8,47.4,15.7,15.2
2020-10-10 21:40:00,-5,655681200,16.5,4.15,25.2,36.8,47.4,15.6,15.2
2020-10-10 21:50:00,-5,655681800,16.3,4.17,25.2,36.8,47.4,15.6,15.3
2020-10-10 22:00:00,-5,655682400,16.3,4.17,25.2,36.8,47.4,15.7,15.4
2020-10-10 22:10:00,-5,655683000,16.3,4.15,25.2,36.8,47.4,15.6,15.3
2020-10-10 22:20:00,-5,655683600,16.3,4.15,25.2,36.8,47.4,15.7,15.5
2020-10-10 22:30:00,-5,655684200,16.3,4.15,25.2,36.8,47.4,15.7,15.2
2020-10-10 22:40:00,-5,655684800,16.3,4.15,25.2,36.8,47.4,15.6,15.5
2020-10-10 22:50:00,-5,655685400,15.8,4.15,25.2,36.8,47.4,15.8,15.3
2020-10-10 23:00:00,-5,655686000,15.8,4.15,25.2,36.8,47.4,15.6,15.4
2020-10-10 23:10:00,-5,655686600,16.0,4.15,25.1,36.8,47.4,15.7,15.5
2020-10-10 23:20:00,-5,655687200,15.8,4.15,25.2,36.8,47.4,15.6,15.3
2020-10-10 23:30:00,-5,655687800,15.5,4.15,25.2,36.8,47.4,15.6,15.4
2020-10-10 23:40:00,-5,655688400,15.5,4.15,25.1,36.8,47.4,15.7,15.4
2020-10-10 23:50:00,-5,655689000,15.5,4.15,25.1,36.8,47.4,15.7,15.4
2020-10-11 00:00:00,-5,655689600,15.3,4.15,25.1,36.8,47.4,15.7,15.6
2020-10-11 00:10:00,-5,655690200,14.8,4.15,25.1,36.8,47.4,15.7,15.5
2020-10-11 00:20:00,-5,655690800,14.5,4.15,25.1,36.8,47.4,15.7,15.3
2020-10-11 00:30:00,-5,655691400,14.8,4.15,25.1,36.8,47.4,15.7,15.5
2020-10-11 00:40:00,-5,655692000,14.5,4.15,25.1,36.8,47.4,15.6,15.5
2020-10-11 00:50:00,-5,655692600,14.0,4.15,25.1,36.8,47.4,15.7,15.5
2020-10-11 01:00:00,-5,655693200,14.3,4.15,25.1,36.8,47.4,15.8,15.5
2020-10-11 01:10:00,-5,655693800,14.5,4.15,25.1,36.8,47.4,15.8,15.6
2020-10-11 01:20:00,-5,655694400,14.3,4.15,25.1,36.8,47.4,15.7,15.5
2020-10-11 01:30:00,-5,655695000,14.0,4.15,25.1,36.8,47.4,15.7,15.5
2020-10-11 01:40:00,-5,655695600,13.8,4.15,25.0,36.8,47.4,15.8,15.5
2020-10-11 01:50:00,-5,655696200,13.8,4.15,25.0,36.8,47.4,15.7,15.6
2020-10-11 02:00:00,-5,655696800,13.8,4.15,25.0,36.8,47.4,15.7,15.5
2020-10-11 02:10:00,-5,655697400,13.5,4.15,25.0,36.8,47.4,15.7,15.5
2020-10-11 02:20:00,-5,655698000,13.8,4.15,25.0,36.8,47.4,15.7,15.6
2020-10-11 02:30:00,-5,655698600,14.0,4.15,25.0,36.8,47.4,15.6,15.6
2020-10-11 02:40:00,-5,655699200,13.5,4.15,25.0,36.8,47.4,15.7,15.6
2020-10-11 02:50:00,-5,655699800,13.3,4.15,25.0,36.8,47.4,15.7,15.6
2020-10-11 03:00:00,-5,655700400,13.3,4.15,25.0,36.8,47.5,15.7,15.6
2020-10-11 03:10:00,-5,655701000,14.0,4.15,25.0,36.8,47.4,15.6,15.7
2020-10-11 03:20:00,-5,655701600,14.0,4.15,25.0,36.8,47.5,15.6,15.6
2020-10-11 03:30:00,-5,655702200,13.8,4.15,25.0,36.8,47.4,15.6,15.5
2020-10-11 03:40:00,-5,655702800,13.8,4.15,25.0,36.8,47.4,15.6,15.7
2020-10-11 03:50:00,-5,655703400,14.3,4.15,25.0,36.8,47.4,15.6,15.5
2020-10-11 04:00:00,-5,655704000,14.0,4.15,25.0,36.8,47.4,15.6,15.6
2020-10-11 04:10:00,-5,655704600,13.8,4.15,25.0,36.8,47.4,15.6,15.6
2020-10-11 04:20:00,-5,655705200,13.0,4.15,25.0,36.8,47.5,15.6,15.6
2020-10-11 04:30:00,-5,655705800,13.0,4.15,25.0,36.8,47.4,15.5,15.7
2020-10-11 04:40:00,-5,655706400,13.3,4.15,25.0,36.8,47.5,15.5,15.7
2020-10-11 04:50:00,-5,655707000,13.0,4.15,25.0,36.8,47.4,15.6,15.7
2020-10-11 05:00:00,-5,655707600,13.3,4.15,25.0,36.8,47.4,15.5,15.6
2020-10-11 05:10:00,-5,655708200,12.8,4.15,25.0,36.8,47.4,15.5,15.5
2020-10-11 05:20:00,-5,655708800,12.8,4.15,25.0,36.8,47.5,15.5,15.6
2020-10-11 05:30:00,-5,655709400,13.0,4.15,25.0,36.8,47.5,15.6,15.6
2020-10-11 05:40:00,-5,655710000,13.3,4.15,24.9,36.7,47.5,15.4,15.6
2020-10-11 05:50:00,-5,655710600,13.3,4.15,24.9,36.7,47.5,15.6,15.6
2020-10-11 06:00:00,-5,655711200,13.3,4.15,24.9,36.7,47.4,15.5,15.6
2020-10-11 06:10:00,-5,655711800,13.8,4.15,24.9,36.7,47.5,15.5,15.6
2020-10-11 06:20:00,-5,655712400,13.8,4.15,24.9,36.7,47.4,15.5,15.6
2020-10-11 06:30:00,-5,655713000,13.8,4.15,24.9,36.7,47.5,15.3,15.7
2020-10-11 06:40:00,-5,655713600,14.0,4.15,24.9,36.7,47.4,15.5,15.6
2020-10-11 06:50:00,-5,655714200,14.5,4.15,24.9,36.7,47.4,15.5,15.7
2020-10-11 07:00:00,-5,655714800,14.8,4.15,24.9,36.7,47.4,15.4,15.7
2020-10-11 07:10:00,-5,655715400,15.0,4.15,24.9,36.7,47.4,15.3,15.6
2020-10-11 07:20:00,-5,655716000,15.3,4.15,24.9,36.7,47.4,15.4,15.6
2020-10-11 07:30:00,-5,655716600,15.8,4.15,24.9,36.7,47.4,15.3,15.7
2020-10-11 07:40:00,-5,655717200,16.3,4.15,24.9,36.7,47.5,15.4,15.7
2020-10-11 07:50:00,-5,655717800,17.0,4.15,24.9,36.7,47.5,15.4,15.6
2020-10-11 08:00:00,-5,655718400,17.8,4.15,24.9,36.7,47.4,15.4,15.5
2020-10-11 08:10:00,-5,655719000,18.0,4.15,24.9,36.7,47.4,15.3,15.7
2020-10-11 08:20:00,-5,655719600,18.8,4.15,24.9,36.7,47.5,15.3,15.7
2020-10-11 08:30:00,-5,655720200,19.0,4.15,24.9,36.7,47.4,15.5,15.6
2020-10-11 08:40:00,-5,655720800,19.5,4.15,24.9,36.7,47.5,15.3,15.6
2020-10-11 08:50:00,-5,655721400,19.5,4.15,25.0,36.7,47.4,15.3,15.6
2020-10-11 09:00:00,-5,655722000,19.5,4.15,25.0,36.7,47.5,15.5,15.7
2020-10-11 09:10:00,-5,655722600,19.3,4.15,25.0,36.7,47.4,15.4,15.5
2020-10-11 09:20:00,-5,655723200,19.0,4.15,25.0,36.7,47.5,15.5,15.6
2020-10-11 09:30:00,-5,655723800,19.3,4.15,25.0,36.7,47.4,15.5,15.6
2020-10-11 09:40:00,-5,655724400,19.3,4.15,25.0,36.7,47.4,15.4,15.6
2020-10-11 09:50:00,-5,655725000,20.3,4.15,25.0,36.7,47.4,15.4,15.6
2020-10-11 10:00:00,-5,655725600,21.8,4.15,25.0,36.7,47.4,15.4,15.7
2020-10-11 10:10:00,-5,655726200,21.5,4.15,25.0,36.7,47.4,15.3,15.6
2020-10-11 10:20:00,-5,655726800,21.3,4.15,25.0,36.7,47.4,15.3,15.7
2020-10-11 10:30:00,-5,655727400,21.8,4.15,25.0,36.7,47.4,15.3,15.7
2020-10-11 10:40:00,-5,655728000,22.0,4.15,25.0,36.7,47.4,15.5,15.6
2020-10-11 10:50:00,-5,655728600,21.8,4.15,25.0,36.7,47.4,15.5,15.6
2020-10-11 11:00:00,-5,655729200,21.5,4.15,25.0,36.7,47.4,15.5,15.7
2020-10-11 11:10:00,-5,655729800,21.5,4.15,25.0,36.7,47.4,15.5,15.6
2020-10-11 11:20:00,-5,655730400,22.5,4.15,25.1,36.7,47.4,15.5,15.7
2020-10-11 11:30:00,-5,655731000,23.0,4.15,25.1,36.7,47.4,15.6,15.6
2020-10-11 11:40:00,-5,655731600,23.8,4.15,25.1,36.7,47.4,15.5,15.6
2020-10-11 11:50:00,-5,655732200,23.0,4.15,25.1,36.7,47.4,15.5,15.6
2020-10-11 12:00:00,-5,655732800,22.5,4.15,25.1,36.7,47.4,15.5,15.7
2020-10-11 12:10:00,-5,655733400,23.0,4.15,25.1,36.7,47.4,15.6,15.6
2020-10-11 12:20:00,-5,655734000,23.5,4.15,25.1,36.7,47.4,15.6,15.6
2020-10-11 12:30:00,-5,655734600,23.0,4.15,25.2,36.7,47.4,15.7,15.7
2020-10-11 12:40:00,-5,655735200,23.5,4.15,25.2,36.7,47.4,15.7,15.7
2020-10-11 12:50:00,-5,655735800,23.5,4.15,25.2,36.7,47.4,15.7,15.7
2020-10-11 13:00:00,-5,655736400,23.3,4.15,25.2,36.7,47.4,15.7,15.7
2020-10-11 13:10:00,-5,655737000,22.8,4.15,25.2,36.7,47.4,15.7,15.6
2020-10-11 13:20:00,-5,655737600,22.0,4.15,25.2,36.7,47.4,15.7,15.7
2020-10-11 13:30:00,-5,655738200,21.8,4.15,25.2,36.7,47.4,15.7,15.7
2020-10-11 13:40:00,-5,655738800,21.3,4.15,25.2,36.8,47.4,15.8,15.6
2020-10-11 13:50:00,-5,655739400,21.0,4.15,25.2,36.8,47.4,16.0,15.6
2020-10-11 14:00:00,-5,655740000,20.3,4.15,25.2,36.8,47.4,15.7,15.7
2020-10-11 14:10:00,-5,655740600,20.5,4.15,25.2,36.8,47.4,15.8,15.6
2020-10-11 14:20:00,-5,655741200,20.5,4.15,25.2,36.8,47.4,15.7,15.7
2020-10-11 14:30:00,-5,655741800,20.0,4.15,25.2,36.8,47.4,15.8,15.8
2020-10-11 14:40:00,-5,655742400,19.8,4.15,25.2,36.9,47.4,15.8,15.7
2020-10-11 14:50:00,-5,655743000,19.3,4.15,25.2,36.9,47.4,16.0,15.7
2020-10-11 15:00:00,-5,655743600,19.3,4.15,25.2,36.9,47.4,15.8,15.6
2020-10-11 15:10:00,-5,655744200,19.0,4.15,25.2,36.9,47.5,16.0,15.7
2020-10-11 15:20:00,-5,655744800,19.0,4.15,25.2,36.9,47.4,16.0,15.7
2020-10-11 15:30:00,-5,655745400,18.8,4.15,25.2,36.9,47.4,15.8,15.7
2020-10-11 15:40:00,-5,655746000,18.5,4.15,25.2,36.9,47.4,16.0,15.7
2020-10-11 15:50:00,-5,655746600,18.5,4.15,25.2,36.9,47.5,16.0,15.7
2020-10-11 16:00:00,-5,655747200,18.3,4.15,25.2,36.9,47.5,16.0,15.8
2020-10-11 16:10:00,-5,655747800,18.0,4.15,25.2,36.9,47.5,16.1,15.7
2020-10-11 16:20:00,-5,655748400,17.8,4.15,25.2,36.9,47.4,16.0,15.7
2020-10-11 16:30:00,-5,655749000,17.5,4.15,25.2,36.9,47.5,16.0,15.7
2020-10-11 16:40:00,-5,655749600,17.3,4.15,25.2,36.9,47.5,16.0,15.8
2020-10-11 16:50:00,-5,655750200,16.8,4.15,25.2,36.9,47.4,16.0,15.8
2020-10-11 17:00:00,-5,655750800,16.5,4.15,25.2,36.9,47.4,16.1,15.7
2020-10-11 17:10:00,-5,655751400,15.8,4.15,25.2,36.9,47.5,16.1,15.7
2020-10-11 17:20:00,-5,655752000,15.3,4.15,25.2,36.9,47.5,16.1,15.8
2020-10-11 17:30:00,-5,655752600,14.8,4.15,25.2,36.9,47.5,16.1,15.7
2020-10-11 17:40:00,-5,655753200,14.8,4.15,25.2,36.9,47.5,16.1,15.8
2020-10-11 17:50:00,-5,655753800,14.5,4.15,25.2,36.9,47.5,16.1,15.8
2020-10-11 18:00:00,-5,655754400,14.5,4.15,25.2,36.9,47.4,16.1,15.8
2020-10-11 18:10:00,-5,655755000,14.5,4.15,25.2,36.9,47.5,16.1,15.7
2020-10-11 18:20:00,-5,655755600,14.3,4.15,25.2,37.0,47.4,16.1,15.8
2020-10-11 18:30:00,-5,655756200,14.5,4.15,25.2,37.0,47.5,16.1,15.8
2020-10-11 18:40:00,-5,655756800,14.5,4.15,25.2,37.0,47.5,16.1,15.8
2020-10-11 18:50:00,-5,655757400,14.5,4.15,25.2,37.0,47.5,16.1,15.8
2020-10-11 19:00:00,-5,655758000,14.5,4.15,25.3,37.0,47.5,16.2,15.8
2020-10-11 19:10:00,-5,655758600,14.5,4.15,25.3,37.0,47.5,16.1,15.8
2020-10-11 19:20:00,-5,655759200,14.5,4.15,25.3,37.0,47.5,16.1,15.7
2020-10-11 19:30:00,-5,655759800,14.5,4.15,25.3,37.0,47.5,16.1,15.7
2020-10-11 19:40:00,-5,655760400,14.5,4.15,25.3,37.0,47.5,16.1,15.8
2020-10-11 19:50:00,-5,655761000,14.5,4.15,25.3,37.0,47.5,16.1,15.6
2020-10-11 20:00:00,-5,655761600,14.8,4.15,25.3,37.0,47.5,16.1,15.8
2020-10-11 20:10:00,-5,655762200,14.8,4.15,25.3,37.0,47.5,16.1,15.8
2020-10-11 20:20:00,-5,655762800,14.8,4.15,25.4,37.0,47.5,16.1,15.8
2020-10-11 20:30:00,-5,655763400,14.8,4.15,25.4,37.0,47.5,16.1,16.1
2020-10-11 20:40:00,-5,655764000,14.8,4.15,25.4,37.0,47.5,16.1,15.8
2020-10-11 20:50:00,-5,655764600,14.8,4.15,25.4,37.0,47.5,16.1,16.0
2020-10-11 21:00:00,-5,655765200,14.8,4.15,25.4,37.0,47.5,16.1,15.7
2020-10-11 21:10:00,-5,655765800,14.8,4.15,25.5,37.0,47.5,16.1,15.8
2020-10-11 21:20:00,-5,655766400,14.8,4.15,25.5,37.0,47.5,16.1,15.6
2020-10-11 21:30:00,-5,655767000,14.8,4.15,25.5,37.0,47.5,16.0,15.7
2020-10-11 21:40:00,-5,655767600,14.8,4.15,25.5,37.0,47.5,16.1,15.7
2020-10-11 21:50:00,-5,655768200,14.8,4.15,25.6,37.0,47.5,16.1,16.1
2020-10-11 22:00:00,-5,655768800,14.8,4.15,25.7,36.9,47.5,16.1,16.1
2020-10-11 22:10:00,-5,655769400,14.5,4.15,25.7,36.9,47.5,16.1,16.1
2020-10-11 22:20:00,-5,655770000,14.5,4.15,25.7,37.0,47.5,16.1,16.1
2020-10-11 22:30:00,-5,655770600,14.5,4.15,25.7,36.9,47.5,16.1,15.8
2020-10-11 22:40:00,-5,655771200,14.5,4.15,25.7,37.0,47.5,16.0,15.8
2020-10-11 22:50:00,-5,655771800,14.5,4.15,25.8,36.9,47.5,16.0,15.8
2020-10-11 23:00:00,-5,655772400,14.5,4.15,25.8,37.0,47.5,16.1,15.7
2020-10-11 23:10:00,-5,655773000,14.5,4.15,25.9,37.0,47.5,16.0,16.0
2020-10-11 23:20:00,-5,655773600,14.5,4.15,25.9,36.9,47.5,16.1,16.0
2020-10-11 23:30:00,-5,655774200,14.5,4.15,26.0,37.0,47.5,16.0,15.7
2020-10-11 23:40:00,-5,655774800,14.5,4.15,26.1,37.0,47.5,16.1,15.7
2020-10-11 23:50:00,-5,655775400,14.3,4.15,26.4,37.0,47.5,16.0,16.0
2020-10-12 00:00:00,-5,655776000,14.3,4.15,26.6,37.0,47.5,16.0,16.1
2020-10-12 00:10:00,-5,655776600,14.0,4.15,26.8,37.0,47.5,16.0,15.8
2020-10-12 00:20:00,-5,655777200,14.0,4.15,27.2,37.0,47.5,16.0,16.0
2020-10-12 00:30:00,-5,655777800,14.0,4.15,27.6,37.0,47.5,16.0,16.1
2020-10-12 00:40:00,-5,655778400,14.0,4.15,28.2,37.0,47.5,16.0,16.0
2020-10-12 00:50:00,-5,655779000,14.0,4.15,29.0,37.0,47.5,16.0,16.1
2020-10-12 01:00:00,-5,655779600,13.8,4.15,29.5,37.1,47.5,16.0,15.8
2020-10-12 01:10:00,-5,655780200,13.8,4.15,30.1,37.2,47.5,16.0,16.0
2020-10-12 01:20:00,-5,655780800,13.8,4.15,30.5,37.2,47.5,16.0,16.0
2020-10-12 01:30:00,-5,655781400,13.5,4.15,30.7,37.5,47.5,16.0,15.7
2020-10-12 01:40:00,-5,655782000,13.5,4.15,30.8,37.6,47.6,16.0,16.0
2020-10-12 01:50:00,-5,655782600,13.5,4.15,30.8,37.9,47.6,16.0,16.0
2020-10-12 02:00:00,-5,655783200,13.5,4.15,30.7,38.3,47.6,16.0,15.7
2020-10-12 02:10:00,-5,655783800,13.5,4.15,30.6,38.5,47.6,16.0,16.0
2020-10-12 02:20:00,-5,655784400,13.5,4.15,30.5,38.7,47.6,16.0,15.7
2020-10-12 02:30:00,-5,655785000,13.3,4.15,30.5,38.8,47.6,16.0,16.0
2020-10-12 02:40:00,-5,655785600,13.0,4.15,30.7,39.0,47.6,15.8,16.0
2020-10-12 02:50:00,-5,655786200,13.0,4.15,30.9,39.4,47.6,16.0,16.1
2020-10-12 03:00:00,-5,655786800,12.8,4.15,31.1,39.7,47.6,16.0,16.0
2020-10-12 03:10:00,-5,655787400,12.8,4.15,31.2,40.1,47.6,16.0,16.1
2020-10-12 03:20:00,-5,655788000,12.8,4.15,31.2,40.4,47.6,16.0,15.7
2020-10-12 03:30:00,-5,655788600,12.8,4.15,31.1,40.9,47.6,16.0,16.0
2020-10-12 03:40:00,-5,655789200,12.8,4.15,31.1,41.2,47.6,16.0,16.0
2020-10-12 03:50:00,-5,655789800,12.8,4.15,31.2,41.4,47.7,15.8,16.0
2020-10-12 04:00:00,-5,655790400,12.8,4.15,31.3,41.6,47.7,15.8,16.0
2020-10-12 04:10:00,-5,655791000,12.8,4.15,31.2,41.8,47.9,15.8,15.7
2020-10-12 04:20:00,-5,655791600,12.5,4.15,31.1,41.9,48.0,16.0,16.0
2020-10-12 04:30:00,-5,655792200,12.5,4.15,31.2,42.0,48.2,15.8,16.0
2020-10-12 04:40:00,-5,655792800,12.5,4.15,31.2,42.1,48.4,15.8,16.1
2020-10-12 04:50:00,-5,655793400,12.3,4.15,31.1,42.1,48.6,15.8,16.0
2020-10-12 05:00:00,-5,655794000,12.0,4.15,31.2,42.1,48.9,15.8,16.0
2020-10-12 05:10:00,-5,655794600,11.8,4.15,31.1,42.2,49.2,15.8,15.8
2020-10-12 05:20:00,-5,655795200,11.8,4.15,31.1,42.2,49.4,15.7,16.0
2020-10-12 05:30:00,-5,655795800,11.8,4.15,31.0,42.2,49.6,15.7,16.1
2020-10-12 05:40:00,-5,655796400,11.5,4.15,31.2,42.2,49.7,15.8,16.1
2020-10-12 05:50:00,-5,655797000,11.5,4.14,31.3,42.3,49.9,15.8,16.0
2020-10-12 06:00:00,-5,655797600,11.5,4.14,31.4,42.4,50.0,15.7,16.0
2020-10-12 06:10:00,-5,655798200,11.3,4.14,31.4,42.6,50.0,15.7,16.1
2020-10-12 06:20:00,-5,655798800,11.3,4.14,31.6,42.8,50.1,15.7,15.8
2020-10-12 06:30:00,-5,655799400,11.3,4.14,31.7,43.0,50.2,15.8,16.1
2020-10-12 06:40:00,-5,655800000,11.3,4.14,32.2,43.2,50.3,15.8,15.8
2020-10-12 06:50:00,-5,655800600,11.3,4.14,32.4,43.5,50.4,15.7,15.8
2020-10-12 07:00:00,-5,655801200,11.3,4.14,32.3,43.6,50.4,15.6,15.8
2020-10-12 07:10:00,-5,655801800,11.3,4.14,32.2,43.5,50.4,15.6,15.7
2020-10-12 07:20:00,-5,655802400,11.5,4.14,32.1,43.3,50.5,15.5,16.0
2020-10-12 07:30:00,-5,655803000,11.5,4.14,31.9,43.1,50.5,15.5,15.7
2020-10-12 07:40:00,-5,655803600,11.8,4.14,31.6,43.1,50.5,15.6,15.8
2020-10-12 07:50:00,-5,655804200,11.8,4.14,31.4,43.0,50.5,15.6,16.1
2020-10-12 08:00:00,-5,655804800,11.8,4.14,31.2,42.8,50.4,15.5,15.8
2020-10-12 08:10:00,-5,655805400,12.0,4.14,31.0,42.6,50.4,15.4,15.8
2020-10-12 08:20:00,-5,655806000,12.0,4.14,31.0,42.5,50.4,15.5,16.1
2020-10-12 08:30:00,-5,655806600,12.3,4.14,30.9,42.4,50.2,15.5,16.0
2020-10-12 08:40:00,-5,655807200,12.3,4.14,30.8,42.3,50.2,15.5,15.8
2020-10-12 08:50:00,-5,655807800,12.5,4.14,30.7,42.2,50.2,15.5,15.8
2020-10-12 09:00:00,-5,655808400,12.5,4.15,30.5,42.1,50.2,15.5,15.8
2020-10-12 09:10:00,-5,655809000,12.5,4.15,30.4,42.0,50.2,15.4,16.1
2020-10-12 09:20:00,-5,655809600,12.5,4.15,30.3,41.8,50.2,15.5,15.7
2020-10-12 09:30:00,-5,655810200,12.8,4.15,30.2,41.7,50.1,15.4,16.0
2020-10-12 09:40:00,-5,655810800,12.8,4.15,30.1,41.6,50.1,15.4,16.1
2020-10-12 09:50:00,-5,655811400,13.0,4.15,30.0,41.6,50.1,15.4,16.1
2020-10-12 10:00:00,-5,655812000,13.3,4.15,29.9,41.5,50.0,15.4,15.8
2020-10-12 10:10:00,-5,655812600,13.3,4.15,29.9,41.3,50.0,15.2,16.1
2020-10-12 10:20:00,-5,655813200,13.3,4.15,29.8,41.3,50.0,15.3,16.1
2020-10-12 10:30:00,-5,655813800,13.8,4.15,29.7,41.2,50.0,15.3,15.8
2020-10-12 10:40:00,-5,655814400,13.5,4.15,29.6,41.1,50.0,15.2,15.8
2020-10-12 10:50:00,-5,655815000,13.3,4.15,29.6,40.9,49.9,15.3,15.8
2020-10-12 11:00:00,-5,655815600,13.8,4.15,29.5,40.8,49.9,15.3,15.8
2020-10-12 11:10:00,-5,655816200,13.8,4.15,29.4,40.8,49.9,15.2,16.1
2020-10-12 11:20:00,-5,655816800,14.0,4.15,29.4,40.7,49.9,15.3,15.8
2020-10-12 11:30:00,-5,655817400,14.0,4.15,29.3,40.7,49.8,15.2,15.8
2020-10-12 11:40:00,-5,655818000,14.0,4.15,29.3,40.6,49.8,15.3,16.1
2020-10-12 11:50:00,-5,655818600,14.3,4.15,29.2,40.6,49.8,15.2,15.7
2020-10-12 12:00:00,-5,655819200,14.3,4.15,29.2,40.5,49.8,15.2,15.8
2020-10-12 12:10:00,-5,655819800,14.0,4.15,29.1,40.5,49.8,15.2,15.7
2020-10-12 12:20:00,-5,655820400,14.0,4.15,29.1,40.4,49.7,15.3,15.7
2020-10-12 12:30:00,-5,655821000,13.8,4.15,29.1,40.4,49.7,15.2,15.8
2020-10-12 12:40:00,-5,655821600,14.0,4.15,29.1,40.4,49.7,15.3,16.1
2020-10-12 12:50:00,-5,655822200,14.0,4.15,29.1,40.3,49.7,15.2,15.8
2020-10-12 13:00:00,-5,655822800,13.8,4.15,29.0,40.3,49.7,15.2,15.7
2020-10-12 13:10:00,-5,655823400,13.8,4.15,29.0,40.3,49.7,15.2,15.8
2020-10-12 13:20:00,-5,655824000,13.8,4.15,29.0,40.2,49.6,15.2,16.1
2020-10-12 13:30:00,-5,655824600,13.8,4.15,29.0,40.2,49.7,15.2,15.8
2020-10-12 13:40:00,-5,655825200,13.8,4.15,28.9,40.2,49.6,15.3,15.8
2020-10-12 13:50:00,-5,655825800,13.5,4.15,28.9,40.1,49.6,15.2,15.8
2020-10-12 14:00:00,-5,655826400,13.5,4.15,28.9,40.1,49.6,15.3,15.7
2020-10-12 14:10:00,-5,655827000,13.8,4.15,28.9,40.1,49.6,15.2,15.8
2020-10-12 14:20:00,-5,655827600,13.5,4.15,28.9,40.1,49.6,15.2,15.8
2020-10-12 14:30:00,-5,655828200,13.3,4.15,28.8,40.0,49.6,15.2,15.8
2020-10-12 14:40:00,-5,655828800,13.3,4.15,28.8,40.0,49.6,15.1,15.8
2020-10-12 14:50:00,-5,655829400,13.3,4.15,28.8,40.0,49.6,15.3,15.7
2020-10-12 15:00:00,-5,655830000,13.3,4.15,28.8,40.0,49.6,15.3,15.8
2020-10-12 15:10:00,-5,655830600,13.3,4.15,28.8,40.0,49.6,15.2,15.8
2020-10-12 15:20:00,-5,655831200,13.0,4.15,28.7,39.9,49.6,15.3,15.8
2020-10-12 15:30:00,-5,655831800,13.0,4.15,28.7,39.9,49.5,15.3,15.7
2020-10-12 15:40:00,-5,655832400,12.8,4.15,28.7,39.9,49.5,15.2,15.8
2020-10-12 15:50:00,-5,655833000,12.5,4.15,28.7,39.9,49.5,15.2,16.1
2020-10-12 16:00:00,-5,655833600,12.5,4.15,28.7,39.9,49.5,15.3,15.7
2020-10-12 16:10:00,-5,655834200,12.5,4.15,28.7,39.8,49.5,15.3,15.7
2020-10-12 16:20:00,-5,655834800,12.5,4.15,28.7,39.8,49.5,15.2,15.8
2020-10-12 16:30:00,-5,655835400,12.5,4.15,28.7,39.8,49.5,15.2,15.8
2020-10-12 16:40:00,-5,655836000,12.5,4.15,28.7,39.8,49.5,15.3,15.7
2020-10-12 16:50:00,-5,655836600,12.3,4.15,28.6,39.8,49.5,15.2,15.7
2020-10-12 17:00:00,-5,655837200,12.3,4.15,28.7,39.8,49.5,15.2,15.8
2020-10-12 17:10:00,-5,655837800,12.3,4.15,28.6,39.8,49.5,15.2,15.7
2020-10-12 17:20:00,-5,655838400,12.0,4.15,28.6,39.7,49.5,15.2,15.7
2020-10-12 17:30:00,-5,655839000,12.0,4.15,28.6,39.7,49.4,15.3,15.8
2020-10-12 17:40:00,-5,655839600,12.0,4.15,28.6,39.7,49.4,15.2,15.8
2020-10-12 17:50:00,-5,655840200,12.0,4.15,28.6,39.7,49.4,15.2,15.8
2020-10-12 18:00:00,-5,655840800,12.0,4.15,28.6,39.7,49.4,15.2,15.8
2020-10-12 18:10:00,-5,655841400,12.0,4.15,28.6,39.7,49.4,15.2,15.7
2020-10-12 18:20:00,-5,655842000,12.0,4.15,28.6,39.7,49.4,15.2,15.7
2020-10-12 18:30:00,-5,655842600,11.8,4.15,28.6,39.7,49.4,15.2,15.6
2020-10-12 18:40:00,-5,655843200,11.8,4.15,28.6,39.7,49.4,15.3,15.7
2020-10-12 18:50:00,-5,655843800,11.8,4.15,28.6,39.7,49.4,15.2,15.7
2020-10-12 19:00:00,-5,655844400,11.8,4.15,28.6,39.7,49.4,15.1,15.7
2020-10-12 19:10:00,-5,655845000,12.0,4.15,28.6,39.6,49.4,15.2,15.7
2020-10-12 19:20:00,-5,655845600,12.0,4.15,28.6,39.6,49.4,15.2,15.7
2020-10-12 19:30:00,-5,655846200,12.0,4.15,28.6,39.6,49.4,15.2,15.8
2020-10-12 19:40:00,-5,655846800,12.0,4.14,28.5,39.6,49.4,15.2,15.7
2020-10-12 19:50:00,-5,655847400,12.0,4.15,28.5,39.6,49.4,15.2,15.7
2020-10-12 20:00:00,-5,655848000,12.0,4.15,28.5,39.6,49.4,15.1,15.7
2020-10-12 20:10:00,-5,655848600,12.3,4.15,28.5,39.6,49.4,15.2,15.5
2020-10-12 20:20:00,-5,655849200,12.3,4.14,28.5,39.6,49.4,15.1,15.7
2020-10-12 20:30:00,-5,655849800,12.3,4.14,28.5,39.6,49.3,15.1,15.8
2020-10-12 20:40:00,-5,655850400,12.3,4.14,28.5,39.6,49.3,15.1,15.7
2020-10-12 20:50:00,-5,655851000,12.5,4.14,28.4,39.6,49.3,15.1,15.7
2020-10-12 21:00:00,-5,655851600,12.5,4.14,28.4,39.5,49.3,15.1,15.7
2020-10-12 21:10:00,-5,655852200,12.8,4.14,28.4,39.5,49.3,15.3,15.7
2020-10-12 21:20:00,-5,655852800,12.8,4.14,28.4,39.5,49.3,15.0,15.7
2020-10-12 21:30:00,-5,655853400,13.0,4.14,28.4,39.5,49.3,15.2,15.7
2020-10-12 21:40:00,-5,655854000,13.0,4.14,28.4,39.5,49.3,15.1,15.7
2020-10-12 21:50:00,-5,655854600,13.0,4.14,28.4,39.5,49.3,15.1,15.7
2020-10-12 22:00:00,-5,655855200,13.0,4.14,28.4,39.5,49.3,15.2,15.7
2020-10-12 22:10:00,-5,655855800,13.0,4.14,28.4,39.5,49.3,15.2,15.7
2020-10-12 22:20:00,-5,655856400,13.0,4.14,28.3,39.4,49.3,15.2,15.7
2020-10-12 22:30:00,-5,655857000,13.3,4.14,28.3,39.4,49.3,15.1,15.7
2020-10-12 22:40:00,-5,655857600,13.3,4.14,28.3,39.4,49.3,15.0,15.7
2020-10-12 22:50:00,-5,655858200,13.3,4.14,28.3,39.4,49.3,15.2,15.7
2020-10-12 23:00:00,-5,655858800,13.3,4.14,28.3,39.4,49.3,15.1,15.7
2020-10-12 23:10:00,-5,655859400,13.3,4.14,28.3,39.4,49.3,15.1,15.7
2020-10-12 23:20:00,-5,655860000,13.3,4.14,28.3,39.4,49.2,15.1,15.7
2020-10-12 23:30:00,-5,655860600,13.3,4.14,28.3,39.4,49.3,15.0,15.7
2020-10-12 23:40:00,-5,655861200,13.5,4.14,28.3,39.4,49.3,15.0,15.6
2020-10-12 23:50:00,-5,655861800,13.3,4.14,28.3,39.4,49.2,15.0,15.7
2020-10-13 00:00:00,-5,655862400,13.3,4.14,28.3,39.4,49.2,15.1,15.6
2020-10-13 00:10:00,-5,655863000,13.3,4.14,28.2,39.3,49.2,15.1,15.6
2020-10-13 00:20:00,-5,655863600,13.3,4.14,28.3,39.3,49.2,15.1,15.7
2020-10-13 00:30:00,-5,655864200,13.5,4.14,28.2,39.3,49.2,15.1,15.7
2020-10-13 00:40:00,-5,655864800,13.5,4.14,28.2,39.3,49.2,15.2,15.7
2020-10-13 00:50:00,-5,655865400,13.3,4.14,28.2,39.3,49.2,15.1,15.6
2020-10-13 01:00:00,-5,655866000,13.5,4.14,28.2,39.3,49.2,15.1,15.5
2020-10-13 01:10:00,-5,655866600,13.3,4.14,28.2,39.3,49.2,15.1,15.6
2020-10-13 01:20:00,-5,655867200,13.3,4.14,28.2,39.3,49.2,15.2,15.6
2020-10-13 01:30:00,-5,655867800,13.3,4.14,28.2,39.3,49.2,15.1,15.6
2020-10-13 01:40:00,-5,655868400,13.3,4.14,28.2,39.3,49.2,15.1,15.7
2020-10-13 01:50:00,-5,655869000,13.5,4.14,28.2,39.3,49.2,15.0,15.6
2020-10-13 02:00:00,-5,655869600,13.5,4.14,28.2,39.3,49.2,15.1,15.7
2020-10-13 02:10:00,-5,655870200,13.5,4.14,28.2,39.3,49.2,15.1,15.7
2020-10-13 02:20:00,-5,655870800,13.3,4.14,28.2,39.3,49.2,15.1,15.7
2020-10-13 02:30:00,-5,655871400,13.3,4.14,28.2,39.2,49.2,15.1,15.6
2020-10-13 02:40:00,-5,655872000,13.3,4.14,28.2,39.2,49.1,15.1,15.6
2020-10-13 02:50:00,-5,655872600,13.3,4.14,28.2,39.2,49.1,15.2,15.7
2020-10-13 03:00:00,-5,655873200,13.0,4.14,28.2,39.2,49.1,15.1,15.6
2020-10-13 03:10:00,-5,655873800,13.0,4.14,28.2,39.2,49.1,15.0,15.6
2020-10-13 03:20:00,-5,655874400,13.0,4.14,28.1,39.2,49.1,15.1,15.6
2020-10-13 03:30:00,-5,655875000,13.0,4.14,28.1,39.2,49.1,15.1,15.6
2020-10-13 03:40:00,-5,655875600,13.0,4.14,28.1,39.2,49.1,15.1,15.6
2020-10-13 03:50:00,-5,655876200,13.0,4.14,28.1,39.2,49.1,15.1,15.5
2020-10-13 04:00:00,-5,655876800,12.8,4.14,28.1,39.2,49.1,15.2,15.6
2020-10-13 04:10:00,-5,655877400,12.8,4.14,28.1,39.2,49.1,15.2,15.6
2020-10-13 04:20:00,-5,655878000,12.8,4.14,28.1,39.2,49.1,15.2,15.6
2020-10-13 04:30:00,-5,655878600,12.5,4.14,28.1,39.2,49.1,15.2,15.6
2020-10-13 04:40:00,-5,655879200,12.5,4.14,28.1,39.2,49.1,15.2,15.7
2020-10-13 04:50:00,-5,655879800,12.5,4.14,28.1,39.2,49.1,15.1,15.5
2020-10-13 05:00:00,-5,655880400,12.5,4.14,28.1,39.1,49.1,15.1,15.6
2020-10-13 05:10:00,-5,655881000,12.5,4.14,28.1,39.1,49.1,15.0,15.6
2020-10-13 05:20:00,-5,655881600,12.3,4.14,28.1,39.1,49.1,15.1,15.7
2020-10-13 05:30:00,-5,655882200,12.3,4.14,28.1,39.1,49.1,15.1,15.6
2020-10-13 05:40:00,-5,655882800,12.3,4.14,28.1,39.1,49.1,15.0,15.6
2020-10-13 05:50:00,-5,655883400,12.3,4.14,28.1,39.1,49.1,15.0,15.7
2020-10-13 06:00:00,-5,655884000,12.3,4.14,28.1,39.1,49.1,15.1,15.5
2020-10-13 06:10:00,-5,655884600,12.3,4.14,28.1,39.1,49.1,15.1,15.7
2020-10-13 06:20:00,-5,655885200,12.3,4.14,28.1,39.1,49.1,15.1,15.6
2020-10-13 06:30:00,-5,655885800,12.3,4.14,28.1,39.1,49.1,15.2,15.6
2020-10-13 06:40:00,-5,655886400,12.5,4.14,28.1,39.1,49.1,15.1,15.7
2020-10-13 06:50:00,-5,655887000,12.5,4.14,28.1,39.1,49.1,15.0,15.6
2020-10-13 07:00:00,-5,655887600,12.8,4.14,28.1,39.1,49.1,15.2,15.5
2020-10-13 07:10:00,-5,655888200,13.0,4.14,28.1,39.1,49.1,15.1,15.7
2020-10-13 07:20:00,-5,655888800,13.8,4.14,28.1,39.1,49.1,15.0,15.6
2020-10-13 07:30:00,-5,655889400,14.0,4.14,28.1,39.1,49.1,15.1,15.5
2020-10-13 07:40:00,-5,655890000,14.8,4.14,28.1,39.1,49.1,15.1,15.6
2020-10-13 07:50:00,-5,655890600,15.0,4.14,28.1,39.1,49.0,15.0,15.6
2020-10-13 08:00:00,-5,655891200,15.5,4.14,28.1,39.1,49.0,15.1,15.6
2020-10-13 08:10:00,-5,655891800,15.8,4.14,28.1,39.1,49.0,15.1,15.7
2020-10-13 08:20:00,-5,655892400,16.3,4.14,28.1,39.1,49.0,15.0,15.6
2020-10-13 08:30:00,-5,655893000,16.3,4.14,28.1,39.1,49.0,15.1,15.6
2020-10-13 08:40:00,-5,655893600,16.0,4.14,28.1,39.0,49.0,15.1,15.6
2020-10-13 08:50:00,-5,655894200,17.0,4.14,28.1,39.0,49.0,15.2,15.6
2020-10-13 09:00:00,-5,655894800,18.5,4.14,28.1,39.0,49.0,15.1,15.6
2020-10-13 09:10:00,-5,655895400,19.0,4.14,28.1,39.0,49.0,15.0,15.5
2020-10-13 09:20:00,-5,655896000,20.5,4.14,28.1,39.0,49.0,15.1,15.7
2020-10-13 09:30:00,-5,655896600,19.3,4.14,28.1,39.0,49.0,15.1,15.5
2020-10-13 09:40:00,-5,655897200,19.5,4.14,28.1,39.0,49.0,15.1,15.6
2020-10-13 09:50:00,-5,655897800,20.0,4.14,28.1,39.0,49.0,15.0,15.6
2020-10-13 10:00:00,-5,655898400,20.5,4.14,28.1,39.0,49.0,15.1,15.6
2020-10-13 10:10:00,-5,655899000,21.3,4.14,28.1,39.0,49.0,15.1,15.6
2020-10-13 10:20:00,-5,655899600,21.5,4.14,28.1,39.0,49.0,15.1,15.5
2020-10-13 10:30:00,-5,655900200,21.0,4.14,28.1,39.0,49.0,15.0,15.5
2020-10-13 10:40:00,-5,655900800,21.3,4.14,28.1,39.0,49.0,15.1,15.6
2020-10-13 10:50:00,-5,655901400,21.5,4.14,28.1,39.0,49.0,15.1,15.6
2020-10-13 11:00:00,-5,655902000,21.5,4.14,28.1,39.0,49.0,15.1,15.5
2020-10-13 11:10:00,-5,655902600,22.8,4.14,28.1,39.0,49.0,15.2,15.6
2020-10-13 11:20:00,-5,655903200,23.5,4.14,28.1,39.0,49.0,15.2,15.6
2020-10-13 11:30:00,-5,655903800,24.0,4.14,28.1,39.0,49.0,15.2,15.5
2020-10-13 11:40:00,-5,655904400,24.3,4.14,28.1,39.0,49.0,15.2,15.6
2020-10-13 11:50:00,-5,655905000,23.5,4.14,28.2,39.0,49.0,15.3,15.5
2020-10-13 12:00:00,-5,655905600,22.5,4.14,28.2,39.0,49.0,15.2,15.5
2020-10-13 12:10:00,-5,655906200,21.5,4.14,28.2,39.0,49.0,15.3,15.6
2020-10-13 12:20:00,-5,655906800,21.0,4.14,28.2,39.0,49.0,15.1,15.6
2020-10-13 12:30:00,-5,655907400,22.0,4.14,28.2,39.0,49.0,15.4,15.6
2020-10-13 12:40:00,-5,655908000,22.5,4.14,28.2,39.0,49.0,15.2,15.5
2020-10-13 12:50:00,-5,655908600,22.3,4.14,28.2,39.0,49.0,15.2,15.5
2020-10-13 13:00:00,-5,655909200,21.5,4.14,28.2,39.0,49.0,15.3,15.6
2020-10-13 13:10:00,-5,655909800,21.0,4.14,28.2,39.0,49.0,15.3,15.5
2020-10-13 13:20:00,-5,655910400,20.5,4.14,28.2,39.0,49.0,15.4,15.7
2020-10-13 13:30:00,-5,655911000,20.3,4.14,28.2,39.0,49.0,15.3,15.5
2020-10-13 13:40:00,-5,655911600,21.0,4.14,28.2,39.0,48.9,15.5,15.6
2020-10-13 13:50:00,-5,655912200,22.3,4.15,28.2,39.0,48.9,15.4,15.6
2020-10-13 14:00:00,-5,655912800,21.8,4.15,28.2,39.0,48.9,15.4,15.6
2020-10-13 14:10:00,-5,655913400,21.3,4.15,28.3,39.0,48.9,15.4,15.6
2020-10-13 14:20:00,-5,655914000,20.8,4.15,28.3,39.0,49.0,15.4,15.6
2020-10-13 14:30:00,-5,655914600,20.0,4.15,28.3,39.0,48.9,15.5,15.6
2020-10-13 14:40:00,-5,655915200,19.8,4.15,28.3,39.0,48.9,15.5,15.6
2020-10-13 14:50:00,-5,655915800,19.8,4.15,28.3,39.0,48.9,15.5,15.6
2020-10-13 15:00:00,-5,655916400,19.5,4.15,28.3,39.0,48.9,15.6,15.6
2020-10-13 15:10:00,-5,655917000,19.0,4.15,28.3,39.0,48.9,15.7,15.6
2020-10-13 15:20:00,-5,655917600,18.8,4.15,28.3,39.0,48.9,15.6,15.7
2020-10-13 15:30:00,-5,655918200,18.3,4.15,28.3,39.0,48.9,15.6,15.6
2020-10-13 15:40:00,-5,655918800,17.8,4.15,28.3,39.0,48.9,15.7,15.6
2020-10-13 15:50:00,-5,655919400,17.5,4.15,28.3,39.0,48.9,15.6,15.6
2020-10-13 16:00:00,-5,655920000,17.3,4.15,28.3,39.0,48.9,15.7,15.6
2020-10-13 16:10:00,-5,655920600,17.0,4.15,28.2,39.1,48.9,15.7,15.6
2020-10-13 16:20:00,-5,655921200,16.8,4.15,28.2,39.1,48.9,15.7,15.7
2020-10-13 16:30:00,-5,655921800,16.5,4.15,28.2,39.1,48.9,15.7,15.7
2020-10-13 16:40:00,-5,655922400,16.5,4.15,28.2,39.1,48.9,15.7,15.7
2020-10-13 16:50:00,-5,655923000,16.5,4.15,28.1,39.1,48.9,15.8,15.6
2020-10-13 17:00:00,-5,655923600,16.3,4.15,28.1,39.2,48.9,15.6,15.7
2020-10-13 17:10:00,-5,655924200,15.8,4.15,28.1,39.2,48.9,15.7,15.6
2020-10-13 17:20:00,-5,655924800,15.0,4.15,28.1,39.2,48.9,15.8,15.6
2020-10-13 17:30:00,-5,655925400,14.0,4.14,28.1,39.2,48.9,15.8,15.6
2020-10-13 17:40:00,-5,655926000,13.3,4.15,28.1,39.2,48.9,15.8,15.7
2020-10-13 17:50:00,-5,655926600,12.8,4.14,28.1,39.2,48.9,15.8,15.7
2020-10-13 18:00:00,-5,655927200,12.3,4.14,28.1,39.2,48.9,15.8,15.7
2020-10-13 18:10:00,-5,655927800,12.3,4.14,28.1,39.2,48.9,15.8,15.6
2020-10-13 18:20:00,-5,655928400,12.0,4.14,28.0,39.2,48.9,16.0,15.7
2020-10-13 18:30:00,-5,655929000,11.5,4.14,28.0,39.2,48.9,15.8,15.7
2020-10-13 18:40:00,-5,655929600,11.0,4.14,28.0,39.2,48.9,15.8,15.7
2020-10-13 18:50:00,-5,655930200,10.5,4.14,28.0,39.2,48.9,15.8,15.7
2020-10-13 19:00:00,-5,655930800,10.3,4.14,28.0,39.1,48.9,15.8,15.8
2020-10-13 19:10:00,-5,655931400,10.3,4.14,27.9,39.1,48.9,15.8,15.7
2020-10-13 19:20:00,-5,655932000,10.3,4.14,27.9,39.1,48.9,15.8,15.7
2020-10-13 19:30:00,-5,655932600,10.0,4.14,27.9,39.1,48.9,15.7,15.7
2020-10-13 19:40:00,-5,655933200,10.0,4.14,27.9,39.1,48.9,15.7,15.8
2020-10-13 19:50:00,-5,655933800,10.0,4.14,27.8,39.1,48.9,15.8,15.8
2020-10-13 20:00:00,-5,655934400,9.8,4.14,27.8,39.1,48.9,15.7,15.7
2020-10-13 20:10:00,-5,655935000,9.5,4.14,27.8,39.1,48.9,15.8,15.8
2020-10-13 20:20:00,-5,655935600,9.8,4.14,27.8,39.1,48.9,15.8,15.8
2020-10-13 20:30:00,-5,655936200,9.5,4.14,27.7,39.1,48.9,15.7,15.7
2020-10-13 20:40:00,-5,655936800,9.0,4.14,27.7,39.1,48.9,15.8,15.8
2020-10-13 20:50:00,-5,655937400,9.0,4.14,27.7,39.1,48.9,15.7,15.8
2020-10-13 21:00:00,-5,655938000,8.5,4.14,27.7,39.1,48.9,15.7,15.7
2020-10-13 21:10:00,-5,655938600,8.3,4.14,27.6,39.1,48.9,15.7,15.8
2020-10-13 21:20:00,-5,655939200,8.3,4.14,27.6,39.1,48.9,15.6,15.8
2020-10-13 21:30:00,-5,655939800,8.0,4.14,27.6,39.0,48.9,15.6,15.8
2020-10-13 21:40:00,-5,655940400,7.8,4.14,27.6,39.0,48.9,15.6,15.8
2020-10-13 21:50:00,-5,655941000,7.5,4.14,27.5,39.0,48.9,15.6,15.7
2020-10-13 22:00:00,-5,655941600,7.8,4.14,27.5,39.0,48.9,15.5,15.7
2020-10-13 22:10:00,-5,655942200,7.3,4.14,27.5,39.0,48.9,15.5,15.7
2020-10-13 22:20:00,-5,655942800,7.0,4.14,27.5,39.0,48.9,15.6,15.8
2020-10-13 22:30:00,-5,655943400,6.5,4.14,27.4,39.0,48.9,15.5,15.8
2020-10-13 22:40:00,-5,655944000,6.8,4.14,27.4,39.0,48.9,15.5,15.7
2020-10-13 22:50:00,-5,655944600,7.0,4.14,27.4,39.0,48.9,15.4,15.8
2020-10-13 23:00:00,-5,655945200,7.3,4.14,27.4,38.9,48.9,15.5,15.7
2020-10-13 23:10:00,-5,655945800,7.5,4.14,27.3,38.9,48.9,15.4,15.7
2020-10-13 23:20:00,-5,655946400,6.8,4.14,27.3,38.9,48.9,15.4,15.7
2020-10-13 23:30:00,-5,655947000,6.5,4.14,27.3,38.9,48.9,15.4,15.7
2020-10-13 23:40:00,-5,655947600,6.8,4.14,27.3,38.9,48.9,15.2,15.7
2020-10-13 23:50:00,-5,655948200,6.3,4.14,27.2,38.9,48.9,15.3,15.8
2020-10-14 00:00:00,-5,655948800,6.5,4.14,27.2,38.9,48.9,15.2,15.8
2020-10-14 00:10:00,-5,655949400,6.0,4.14,27.2,38.9,48.9,15.2,15.8
2020-10-14 00:20:00,-5,655950000,5.8,4.14,27.2,38.8,48.9,15.2,15.7
2020-10-14 00:30:00,-5,655950600,5.8,4.14,27.1,38.8,48.9,15.2,15.7
2020-10-14 00:40:00,-5,655951200,5.5,4.14,27.2,38.7,48.9,15.1,15.8
2020-10-14 00:50:00,-5,655951800,5.5,4.14,27.2,38.7,48.9,15.2,15.7
2020-10-14 01:00:00,-5,655952400,5.0,4.14,27.1,38.7,48.9,15.1,15.8
2020-10-14 01:10:00,-5,655953000,5.0,4.14,27.1,38.7,48.9,15.1,15.7
2020-10-14 01:20:00,-5,655953600,4.8,4.14,27.1,38.7,48.9,15.0,15.8
2020-10-14 01:30:00,-5,655954200,4.8,4.14,27.1,38.7,48.9,15.0,15.7
2020-10-14 01:40:00,-5,655954800,5.0,4.14,27.0,38.6,48.9,15.0,15.7
2020-10-14 01:50:00,-5,655955400,4.8,4.14,27.0,38.6,48.9,15.0,15.8
2020-10-14 02:00:00,-5,655956000,4.5,4.14,27.0,38.6,48.9,15.0,15.8
2020-10-14 02:10:00,-5,655956600,4.3,4.14,27.0,38.6,48.8,14.8,15.8
2020-10-14 02:20:00,-5,655957200,3.8,4.14,26.9,38.6,48.8,14.8,15.7
2020-10-14 02:30:00,-5,655957800,3.5,4.14,26.9,38.6,48.8,14.8,15.6
2020-10-14 02:40:00,-5,655958400,3.5,4.14,26.9,38.5,48.8,14.8,15.7
2020-10-14 02:50:00,-5,655959000,3.3,4.14,26.9,38.5,48.8,14.7,15.7
2020-10-14 03:00:00,-5,655959600,3.0,4.14,26.8,38.5,48.8,14.7,15.7
2020-10-14 03:10:00,-5,655960200,2.8,4.14,26.8,38.5,48.8,14.7,15.7
2020-10-14 03:20:00,-5,655960800,2.8,4.14,26.8,38.5,48.8,14.6,15.6
2020-10-14 03:30:00,-5,655961400,2.8,4.14,26.8,38.5,48.8,14.5,15.7
2020-10-14 03:40:00,-5,655962000,2.8,4.14,26.7,38.4,48.8,14.7,15.7
2020-10-14 03:50:00,-5,655962600,2.8,4.14,26.7,38.4,48.8,14.4,15.7
2020-10-14 04:00:00,-5,655963200,2.8,4.14,26.7,38.4,48.8,14.5,15.5
2020-10-14 04:10:00,-5,655963800,2.8,4.14,26.7,38.4,48.8,14.5,15.6
2020-10-14 04:20:00,-5,655964400,2.3,4.14,26.6,38.4,48.8,14.5,15.6
2020-10-14 04:30:00,-5,655965000,2.5,4.14,26.6,38.4,48.8,14.3,15.7
2020-10-14 04:40:00,-5,655965600,2.8,4.14,26.6,38.4,48.8,14.3,15.6
2020-10-14 04:50:00,-5,655966200,2.5,4.14,26.6,38.3,48.8,14.3,15.6
2020-10-14 05:00:00,-5,655966800,2.3,4.14,26.5,38.3,48.8,14.3,15.6
2020-10-14 05:10:00,-5,655967400,2.0,4.14,26.5,38.3,48.8,14.2,15.7
2020-10-14 05:20:00,-5,655968000,2.3,4.14,26.5,38.3,48.8,14.2,15.6
2020-10-14 05:30:00,-5,655968600,2.0,4.14,26.5,38.3,48.8,14.1,15.6
2020-10-14 05:40:00,-5,655969200,1.8,4.14,26.5,38.3,48.8,14.1,15.6
2020-10-14 05:50:00,-5,655969800,2.0,4.14,26.4,38.2,48.8,14.1,15.5
2020-10-14 06:00:00,-5,655970400,2.3,4.14,26.4,38.2,48.8,14.1,15.6
2020-10-14 06:10:00,-5,655971000,2.0,4.14,26.4,38.2,48.8,14.0,15.6
2020-10-14 06:20:00,-5,655971600,1.8,4.14,26.4,38.2,48.8,14.0,15.5
2020-10-14 06:30:00,-5,655972200,2.0,4.14,26.4,38.2,48.8,14.0,15.6
2020-10-14 06:40:00,-5,655972800,2.3,4.14,26.3,38.2,48.8,14.0,15.6
2020-10-14 06:50:00,-5,655973400,2.3,4.14,26.3,38.1,48.8,14.0,15.5
2020-10-14 07:00:00,-5,655974000,2.8,4.14,26.3,38.1,48.8,14.0,15.5
2020-10-14 07:10:00,-5,655974600,3.5,4.14,26.3,38.1,48.8,13.8,15.3
2020-10-14 07:20:00,-5,655975200,5.0,4.14,26.3,38.1,48.7,13.8,15.3
2020-10-14 07:30:00,-5,655975800,6.3,4.14,26.3,38.1,48.7,13.7,15.4
2020-10-14 07:40:00,-5,655976400,6.3,4.14,26.2,38.1,48.7,13.6,15.5
2020-10-14 07:50:00,-5,655977000,6.3,4.14,26.2,38.0,48.7,13.7,15.3
2020-10-14 08:00:00,-5,655977600,8.5,4.14,26.2,38.0,48.7,13.7,15.4
2020-10-14 08:10:00,-5,655978200,17.8,4.14,26.2,38.0,48.7,13.6,15.3
2020-10-14 08:20:00,-5,655978800,23.5,4.14,26.2,38.0,48.7,13.5,15.4
2020-10-14 08:30:00,-5,655979400,27.3,4.14,26.2,38.0,48.7,13.6,15.2
