SL219 - Mayfly GPLP3 Logger
DateTime_EST,TZ-Offset,Loggertime,BoardTemp_C,Battery_V,Segment1_percent,Segment2_percent,Segment3_percent,T1_degC,T2_degC
2020-06-04 11:00:17,-5,644583617,39.0,4.02,99.9,31.5,0.0,36.5,0.0
2020-06-04 11:10:00,-5,644584200,41.5,4.06,17.6,99.9,31.4,23.2,21.4
2020-06-04 11:20:00,-5,644584800,43.3,4.15,17.3,99.9,31.7,21.5,20.2
2020-06-04 11:30:00,-5,644585400,41.3,4.15,17.4,99.9,31.9,21.1,20.0
2020-06-04 11:40:00,-5,644586000,42.3,4.15,17.6,99.9,32.2,21.0,19.8
2020-06-04 11:50:00,-5,644586600,44.0,4.15,17.7,99.9,32.3,20.7,19.7
2020-06-04 12:00:00,-5,644587200,44.0,4.15,17.8,99.9,32.5,21.1,19.6
2020-06-04 12:10:00,-5,644587800,45.8,4.15,18.0,99.9,32.7,21.0,19.6
2020-06-04 12:20:00,-5,644588400,47.0,4.15,18.1,99.9,32.8,21.0,19.6
2020-06-04 12:30:00,-5,644589000,46.5,4.15,18.2,99.9,32.9,21.1,19.6
2020-06-04 12:40:00,-5,644589600,45.8,4.15,18.3,99.9,33.0,21.1,19.6
2020-06-04 12:50:00,-5,644590200,45.5,4.15,18.4,99.9,33.1,21.1,19.5
2020-06-04 13:00:00,-5,644590800,44.8,4.15,18.5,99.9,33.2,21.3,19.6
2020-06-04 13:10:00,-5,644591400,46.3,4.15,18.6,99.9,33.3,21.4,19.6
2020-06-04 13:20:00,-5,644592000,47.3,4.15,18.7,99.9,33.3,21.5,19.6
2020-06-04 13:30:00,-5,644592600,49.0,4.15,18.8,99.9,33.4,21.6,19.5
2020-06-04 13:40:00,-5,644593200,48.8,4.15,18.9,99.9,33.4,21.6,19.5
2020-06-04 13:50:00,-5,644593800,49.8,4.15,18.9,99.9,33.5,21.6,19.6
2020-06-04 14:00:00,-5,644594400,48.0,4.15,19.0,99.9,33.5,21.8,19.6
2020-06-04 14:10:00,-5,644595000,46.5,4.15,19.1,99.9,33.6,21.7,19.6
2020-06-04 14:20:00,-5,644595600,43.0,4.15,19.2,99.9,33.7,21.7,19.6
2020-06-04 14:30:00,-5,644596200,43.8,4.15,19.2,99.9,33.7,21.8,19.6
2020-06-04 14:40:00,-5,644596800,39.5,4.15,19.3,99.9,33.8,22.0,19.6
2020-06-04 14:50:00,-5,644597400,41.5,4.15,99.9,33.8,0.0,22.1,19.6
2020-06-04 15:00:00,-5,644598000,45.0,4.15,19.4,99.9,33.9,22.2,19.6
2020-06-04 15:10:00,-5,644598600,45.8,4.15,19.5,99.9,33.9,22.1,19.6
2020-06-04 15:20:00,-5,644599200,46.0,4.15,19.5,99.9,33.9,22.2,19.7
2020-06-04 15:30:00,-5,644599800,45.5,4.15,19.6,99.9,34.0,22.3,19.8
2020-06-04 15:40:00,-5,644600400,45.3,4.15,99.9,34.0,0.0,22.5,19.7
2020-06-04 15:50:00,-5,644601000,44.0,4.15,19.7,99.9,34.1,22.7,19.7
2020-06-04 16:00:00,-5,644601600,44.0,4.15,19.7,99.9,34.1,22.7,19.8
2020-06-04 16:10:00,-5,644602200,43.5,4.15,19.8,99.9,34.2,22.7,19.8
2020-06-04 16:20:00,-5,644602800,40.3,4.15,19.8,99.9,34.2,23.0,19.8
2020-06-04 16:30:00,-5,644603400,40.5,4.15,19.9,99.9,34.2,23.0,19.8
2020-06-04 16:40:00,-5,644604000,40.0,4.15,19.9,99.9,34.3,20.0,0.0
2020-06-04 16:50:00,-5,644604600,35.0,4.15,20.0,99.9,34.3,23.2,19.7
2020-06-04 17:00:00,-5,644605200,32.5,4.15,20.0,99.9,34.3,20.0,0.0
2020-06-04 17:10:00,-5,644605800,31.8,4.15,20.0,99.9,34.4,20.0,0.0
2020-06-04 17:20:00,-5,644606400,31.5,4.15,20.1,99.9,34.4,20.0,0.0
2020-06-04 17:30:00,-5,644607000,30.5,4.15,99.9,34.4,0.0,20.0,0.0
2020-06-04 17:40:00,-5,644607600,29.5,4.15,20.1,99.9,34.5,20.0,0.0
2020-06-04 17:50:00,-5,644608200,29.0,4.15,20.1,99.9,34.5,20.0,0.0
2020-06-04 18:00:00,-5,644608800,28.5,4.15,20.1,99.9,34.5,20.0,0.0
2020-06-04 18:10:00,-5,644609400,28.0,4.15,99.9,34.6,0.0,23.2,20.1
2020-06-04 18:20:00,-5,644610000,27.3,4.15,20.1,99.9,34.6,23.3,20.1
2020-06-04 18:30:00,-5,644610600,26.8,4.15,99.9,34.6,0.0,20.1,0.0
2020-06-04 18:40:00,-5,644611200,26.3,4.15,99.9,34.6,0.0,20.2,0.0
2020-06-04 18:50:00,-5,644611800,26.0,4.15,20.1,99.9,34.7,23.5,20.2
2020-06-04 19:00:00,-5,644612400,25.5,4.15,20.1,99.9,34.7,23.4,20.2
2020-06-04 19:10:00,-5,644613000,25.0,4.15,20.1,99.9,34.7,23.5,20.1
2020-06-04 19:20:00,-5,644613600,24.8,4.15,20.1,99.9,34.8,20.3,0.0
2020-06-04 19:30:00,-5,644614200,24.5,4.15,20.1,99.9,34.8,23.5,20.3
2020-06-04 19:40:00,-5,644614800,24.3,4.15,20.1,99.9,34.8,23.4,20.3
2020-06-04 19:50:00,-5,644615400,24.3,4.15,20.1,99.9,34.8,23.5,20.3
2020-06-04 20:00:00,-5,644616000,24.3,4.15,99.9,34.9,0.0,23.5,20.3
2020-06-04 20:10:00,-5,644616600,24.3,4.15,99.9,34.9,0.0,20.3,0.0
2020-06-04 20:20:00,-5,644617200,24.3,4.15,20.0,99.9,34.9,23.3,20.3
2020-06-04 20:30:00,-5,644617800,24.5,4.15,99.9,35.0,0.0,23.3,20.4
2020-06-04 20:40:00,-5,644618400,24.0,4.15,99.9,35.0,0.0,23.3,20.5
2020-06-04 20:50:00,-5,644619000,24.0,4.15,20.0,99.9,35.0,23.5,20.4
2020-06-04 21:00:00,-5,644619600,24.0,4.15,20.0,99.9,35.0,20.5,0.0
2020-06-04 21:10:00,-5,644620200,24.0,4.15,20.0,99.9,35.1,23.5,20.6
2020-06-04 21:20:00,-5,644620800,23.8,4.15,19.9,99.9,35.1,23.4,20.5
2020-06-04 21:30:00,-5,644621400,21.5,4.15,36.8,99.9,41.3,20.5,0.0
2020-06-04 21:40:00,-5,644622000,21.0,4.15,37.7,99.9,41.6,23.5,20.6
2020-06-04 21:50:00,-5,644622600,20.5,4.15,33.7,99.9,44.0,23.4,20.5
2020-06-04 22:00:00,-5,644623200,20.3,4.15,33.1,99.9,45.1,23.3,20.6
2020-06-04 22:10:00,-5,644623800,20.3,4.15,32.8,99.9,45.2,23.4,20.6
2020-06-04 22:20:00,-5,644624400,20.0,4.15,32.4,99.9,45.2,23.3,20.6
2020-06-04 22:30:00,-5,644625000,20.3,4.15,32.1,99.9,45.1,20.6,0.0
2020-06-04 22:40:00,-5,644625600,20.3,4.15,31.7,99.9,44.7,23.3,20.6
2020-06-04 22:50:00,-5,644626200,20.3,4.15,31.4,99.9,44.6,23.1,20.6
2020-06-04 23:00:00,-5,644626800,20.3,4.15,30.9,99.9,44.4,23.2,20.6
2020-06-04 23:10:00,-5,644627400,20.3,4.15,30.6,99.9,44.3,23.1,20.7
2020-06-04 23:20:00,-5,644628000,20.3,4.15,30.3,99.9,44.3,23.2,20.7
2020-06-04 23:30:00,-5,644628600,20.3,4.15,30.1,99.9,44.2,23.1,20.7
2020-06-04 23:40:00,-5,644629200,20.5,4.15,29.9,99.9,44.2,23.2,20.8
2020-06-04 23:50:00,-5,644629800,20.3,4.15,29.8,99.9,44.2,23.1,20.7
2020-06-05 00:00:00,-5,644630400,20.3,4.15,29.6,99.9,44.2,23.0,20.8
2020-06-05 00:10:00,-5,644631000,20.0,4.15,29.5,99.9,44.2,23.0,20.8
2020-06-05 00:20:00,-5,644631600,20.0,4.15,29.4,99.9,44.2,20.7,0.0
2020-06-05 00:30:00,-5,644632200,20.0,4.15,29.4,99.9,44.2,23.1,20.8
2020-06-05 00:40:00,-5,644632800,20.0,4.15,29.4,99.9,44.3,22.8,20.8
2020-06-05 00:50:00,-5,644633400,20.3,4.15,29.6,99.9,44.3,22.7,20.8
2020-06-05 01:00:00,-5,644634000,20.0,4.15,29.8,99.9,44.3,22.8,20.8
2020-06-05 01:10:00,-5,644634600,20.0,4.15,30.3,99.9,44.4,22.8,20.8
2020-06-05 01:20:00,-5,644635200,20.0,4.15,31.9,99.9,44.5,22.7,20.7
2020-06-05 01:30:00,-5,644635800,20.0,4.15,33.1,99.9,44.5,22.7,20.8
2020-06-05 01:40:00,-5,644636400,20.0,4.15,33.7,99.9,44.6,22.6,20.8
2020-06-05 01:50:00,-5,644637000,20.0,4.15,34.0,99.9,44.7,22.6,20.8
2020-06-05 02:00:00,-5,644637600,20.0,4.15,35.0,99.9,44.7,22.6,20.8
2020-06-05 02:10:00,-5,644638200,19.8,4.15,35.4,99.9,44.8,22.6,21.1
2020-06-05 02:20:00,-5,644638800,19.8,4.15,35.4,99.9,44.9,22.4,21.0
2020-06-05 02:30:00,-5,644639400,19.8,4.15,35.3,99.9,45.0,22.5,20.8
2020-06-05 02:40:00,-5,644640000,19.5,4.15,35.2,99.9,45.2,22.4,20.7
2020-06-05 02:50:00,-5,644640600,19.5,4.15,35.0,99.9,45.5,22.2,20.8
2020-06-05 03:00:00,-5,644641200,19.5,4.15,34.8,99.9,45.7,22.3,20.8
2020-06-05 03:10:00,-5,644641800,19.5,4.15,34.6,99.9,45.8,22.3,21.0
2020-06-05 03:20:00,-5,644642400,19.5,4.15,34.2,99.9,45.9,22.3,20.7
2020-06-05 03:30:00,-5,644643000,19.5,4.15,33.8,99.9,46.0,22.1,20.7
2020-06-05 03:40:00,-5,644643600,19.5,4.15,33.5,99.9,46.1,22.2,21.0
2020-06-05 03:50:00,-5,644644200,19.5,4.15,33.3,99.9,46.2,22.1,21.0
2020-06-05 04:00:00,-5,644644800,19.5,4.15,33.3,99.9,46.2,22.1,20.7
2020-06-05 04:10:00,-5,644645400,19.5,4.15,33.1,99.9,46.2,22.0,20.7
2020-06-05 04:20:00,-5,644646000,19.5,4.15,32.9,99.9,46.2,22.2,20.7
2020-06-05 04:30:00,-5,644646600,19.5,4.15,32.8,99.9,46.3,22.1,20.8
2020-06-05 04:40:00,-5,644647200,19.3,4.15,32.7,99.9,46.3,22.1,20.7
2020-06-05 04:50:00,-5,644647800,19.5,4.15,32.6,99.9,46.3,22.0,20.7
2020-06-05 05:00:00,-5,644648400,19.8,4.15,32.5,99.9,46.4,21.8,20.8
2020-06-05 05:10:00,-5,644649000,19.8,4.15,32.4,99.9,46.4,22.1,20.8
2020-06-05 05:20:00,-5,644649600,19.8,4.15,32.3,99.9,46.4,21.8,20.8
2020-06-05 05:30:00,-5,644650200,20.0,4.15,32.2,99.9,46.4,22.0,20.7
2020-06-05 05:40:00,-5,644650800,20.0,4.15,32.1,99.9,46.5,21.8,20.8
2020-06-05 05:50:00,-5,644651400,20.3,4.15,32.0,99.9,46.5,22.1,21.0
2020-06-05 06:00:00,-5,644652000,20.5,4.15,32.0,99.9,46.5,22.0,20.8
2020-06-05 06:10:00,-5,644652600,20.8,4.15,31.9,99.9,46.5,22.1,20.8
2020-06-05 06:20:00,-5,644653200,21.0,4.15,31.8,99.9,46.6,21.8,20.8
2020-06-05 06:30:00,-5,644653800,21.5,4.15,31.7,99.9,46.6,21.8,20.8
2020-06-05 06:40:00,-5,644654400,21.3,4.15,31.7,99.9,46.6,21.7,20.8
2020-06-05 06:50:00,-5,644655000,21.5,4.15,31.6,99.9,46.6,21.8,20.8
2020-06-05 07:00:00,-5,644655600,22.0,4.15,31.6,99.9,46.6,21.8,20.8
2020-06-05 07:10:00,-5,644656200,22.8,4.15,31.5,99.9,46.7,21.8,20.8
2020-06-05 07:20:00,-5,644656800,22.8,4.15,31.4,99.9,46.7,21.7,21.0
2020-06-05 07:30:00,-5,644657400,23.0,4.15,31.4,99.9,46.7,21.6,20.8
2020-06-05 07:40:00,-5,644658000,24.0,4.15,31.3,99.9,46.7,21.6,20.8
2020-06-05 07:50:00,-5,644658600,25.0,4.15,31.3,99.9,46.7,21.7,20.8
2020-06-05 08:00:00,-5,644659200,25.0,4.15,31.3,99.9,46.8,21.7,21.0
2020-06-05 08:10:00,-5,644659800,25.3,4.15,31.2,99.9,46.8,21.8,20.8
2020-06-05 08:20:00,-5,644660400,26.8,4.15,31.2,99.9,46.9,21.6,20.8
2020-06-05 08:30:00,-5,644661000,28.0,4.15,31.2,99.9,47.0,21.6,20.8
2020-06-05 08:40:00,-5,644661600,28.3,4.15,31.1,99.9,47.0,21.6,20.7
2020-06-05 08:50:00,-5,644662200,29.0,4.15,31.1,99.9,47.0,21.6,20.8
2020-06-05 09:00:00,-5,644662800,29.5,4.15,31.1,99.9,47.1,21.6,20.6
2020-06-05 09:10:00,-5,644663400,29.8,4.15,31.1,99.9,47.1,21.5,20.8
2020-06-05 09:20:00,-5,644664000,29.8,4.15,31.1,99.9,47.1,21.6,20.7
2020-06-05 09:30:00,-5,644664600,29.8,4.15,31.0,99.9,47.1,21.7,20.6
2020-06-05 09:40:00,-5,644665200,31.8,4.15,31.0,99.9,47.1,21.6,20.7
2020-06-05 09:50:00,-5,644665800,31.3,4.15,31.0,99.9,47.1,21.5,20.6
2020-06-05 10:00:00,-5,644666400,30.8,4.15,31.0,99.9,47.1,21.7,20.6
2020-06-05 10:10:00,-5,644667000,31.3,4.15,31.0,99.9,47.1,21.7,20.6
2020-06-05 10:20:00,-5,644667600,32.5,4.15,31.0,99.9,47.1,21.6,20.6
2020-06-05 10:30:00,-5,644668200,31.5,4.15,31.0,99.9,47.1,21.7,20.6
2020-06-05 10:40:00,-5,644668800,32.0,4.15,31.0,99.9,47.2,21.6,20.6
2020-06-05 10:50:00,-5,644669400,34.3,4.15,31.0,99.9,47.2,21.8,20.6
2020-06-05 11:00:00,-5,644670000,36.0,4.15,31.0,99.9,47.2,21.7,20.6
2020-06-05 11:10:00,-5,644670600,36.8,4.15,31.0,99.9,47.2,22.0,20.8
2020-06-05 11:20:00,-5,644671200,38.5,4.15,31.0,99.9,47.2,21.8,20.6
2020-06-05 11:30:00,-5,644671800,39.8,4.15,31.0,99.9,47.2,22.1,20.5
2020-06-05 11:40:00,-5,644672400,39.3,4.15,31.0,99.9,47.2,22.0,20.6
2020-06-05 11:50:00,-5,644673000,38.5,4.15,31.0,99.9,47.2,22.1,20.6
2020-06-05 12:00:00,-5,644673600,38.8,4.15,31.1,99.9,47.2,20.7,0.0
2020-06-05 12:10:00,-5,644674200,38.8,4.15,31.1,99.9,47.2,22.0,20.6
2020-06-05 12:20:00,-5,644674800,37.3,4.15,31.1,99.9,47.2,20.6,0.0
2020-06-05 12:30:00,-5,644675400,39.0,4.15,31.1,99.9,47.2,22.1,20.6
2020-06-05 12:40:00,-5,644676000,34.8,4.15,31.2,99.9,47.2,22.1,20.7
2020-06-05 12:50:00,-5,644676600,33.0,4.15,31.2,99.9,47.2,22.2,20.6
2020-06-05 13:00:00,-5,644677200,31.3,4.15,99.9,47.2,0.0,22.3,20.6
2020-06-05 13:10:00,-5,644677800,29.8,4.15,31.2,99.9,47.2,22.2,20.7
2020-06-05 13:20:00,-5,644678400,30.0,4.15,31.3,99.9,47.2,22.4,20.6
2020-06-05 13:30:00,-5,644679000,29.5,4.15,31.3,99.9,47.2,20.6,0.0
2020-06-05 13:40:00,-5,644679600,28.8,4.15,31.3,99.9,47.2,22.5,20.7
2020-06-05 13:50:00,-5,644680200,27.8,4.15,31.3,99.9,47.2,22.6,20.6
2020-06-05 14:00:00,-5,644680800,25.8,4.15,31.3,99.9,47.2,20.7,0.0
2020-06-05 14:10:00,-5,644681400,25.0,4.15,31.3,99.9,47.2,20.6,0.0
2020-06-05 14:20:00,-5,644682000,24.8,4.15,31.3,99.9,47.2,23.0,20.6
2020-06-05 14:30:00,-5,644682600,25.0,4.15,31.3,99.9,47.2,23.1,20.8
2020-06-05 14:40:00,-5,644683200,25.3,4.15,31.3,99.9,47.2,22.7,20.7
2020-06-05 14:50:00,-5,644683800,25.3,4.15,31.3,99.9,47.2,20.8,0.0
2020-06-05 15:00:00,-5,644684400,25.8,4.15,31.3,99.9,47.2,23.0,20.7
2020-06-05 15:10:00,-5,644685000,26.5,4.15,31.3,99.9,47.2,23.0,20.8
2020-06-05 15:20:00,-5,644685600,26.8,4.15,31.3,99.9,47.2,20.8,0.0
2020-06-05 15:30:00,-5,644686200,26.3,4.15,31.2,99.9,47.2,20.8,0.0
2020-06-05 15:40:00,-5,644686800,25.8,4.15,31.2,99.9,47.2,23.1,20.8
2020-06-05 15:50:00,-5,644687400,25.3,4.15,31.2,99.9,47.3,23.2,20.8
2020-06-05 16:00:00,-5,644688000,24.8,4.15,31.2,99.9,47.3,20.8,0.0
2020-06-05 16:10:00,-5,644688600,24.3,4.15,31.2,99.9,47.2,23.2,21.0
2020-06-05 16:20:00,-5,644689200,23.8,4.15,31.2,99.9,47.3,20.7,0.0
2020-06-05 16:30:00,-5,644689800,23.5,4.15,31.2,99.9,47.3,23.2,21.0
2020-06-05 16:40:00,-5,644690400,23.3,4.15,31.2,99.9,47.3,23.2,21.0
2020-06-05 16:50:00,-5,644691000,23.0,4.15,99.9,47.3,0.0,23.2,20.7
2020-06-05 17:00:00,-5,644691600,23.0,4.15,31.2,99.9,47.3,23.2,20.7
2020-06-05 17:10:00,-5,644692200,23.0,4.15,31.2,99.9,47.2,23.3,21.1
2020-06-05 17:20:00,-5,644692800,22.8,4.15,31.2,99.9,47.2,23.2,21.0
2020-06-05 17:30:00,-5,644693400,22.8,4.15,31.3,99.9,47.3,23.3,21.1
2020-06-05 17:40:00,-5,644694000,22.5,4.15,32.4,99.9,47.3,20.8,0.0
2020-06-05 17:50:00,-5,644694600,22.8,4.15,33.9,99.9,47.4,23.3,21.1
2020-06-05 18:00:00,-5,644695200,22.8,4.15,34.6,99.9,47.4,23.2,21.1
2020-06-05 18:10:00,-5,644695800,22.5,4.15,35.0,99.9,47.4,23.2,21.1
2020-06-05 18:20:00,-5,644696400,22.5,4.15,35.2,99.9,47.4,23.2,21.1
2020-06-05 18:30:00,-5,644697000,22.5,4.15,35.4,99.9,47.4,23.3,21.1
2020-06-05 18:40:00,-5,644697600,22.5,4.15,35.5,99.9,47.5,23.2,21.1
2020-06-05 18:50:00,-5,644698200,22.5,4.15,35.6,99.9,47.5,23.2,21.1
2020-06-05 19:00:00,-5,644698800,22.5,4.15,35.6,99.9,47.5,23.3,21.1
2020-06-05 19:10:00,-5,644699400,22.5,4.15,35.6,99.9,47.6,23.3,21.1
2020-06-05 19:20:00,-5,644700000,22.3,4.15,35.5,99.9,47.6,23.3,21.2
2020-06-05 19:30:00,-5,644700600,22.3,4.15,35.4,99.9,47.7,23.2,21.1
2020-06-05 19:40:00,-5,644701200,22.0,4.15,35.3,99.9,47.8,23.2,21.2
2020-06-05 19:50:00,-5,644701800,22.0,4.15,35.2,99.9,47.8,23.2,21.1
2020-06-05 20:00:00,-5,644702400,22.0,4.15,34.9,99.9,47.8,23.2,21.1
2020-06-05 20:10:00,-5,644703000,22.0,4.15,34.8,99.9,47.9,23.2,21.1
2020-06-05 20:20:00,-5,644703600,22.0,4.15,34.7,99.9,47.9,23.1,21.1
2020-06-05 20:30:00,-5,644704200,22.0,4.15,34.6,99.9,47.9,23.3,21.2
2020-06-05 20:40:00,-5,644704800,22.0,4.15,34.5,99.9,48.0,23.2,21.3
2020-06-05 20:50:00,-5,644705400,21.8,4.15,34.4,99.9,48.0,23.3,21.2
2020-06-05 21:00:00,-5,644706000,21.8,4.15,34.3,99.9,48.0,23.2,21.2
2020-06-05 21:10:00,-5,644706600,21.8,4.15,34.2,99.9,48.0,23.2,21.1
2020-06-05 21:20:00,-5,644707200,21.8,4.15,34.1,99.9,48.0,23.2,21.2
2020-06-05 21:30:00,-5,644707800,21.8,4.15,34.1,99.9,48.0,23.2,21.2
2020-06-05 21:40:00,-5,644708400,21.5,4.15,34.0,99.9,48.1,23.1,21.3
2020-06-05 21:50:00,-5,644709000,21.5,4.15,33.9,99.9,48.1,23.0,21.2
2020-06-05 22:00:00,-5,644709600,21.5,4.15,33.8,99.9,48.1,23.2,21.2
2020-06-05 22:10:00,-5,644710200,21.5,4.15,33.7,99.9,48.1,23.1,21.2
2020-06-05 22:20:00,-5,644710800,21.5,4.15,33.7,99.9,48.1,23.0,21.3
2020-06-05 22:30:00,-5,644711400,21.5,4.15,33.6,99.9,48.1,23.1,21.3
2020-06-05 22:40:00,-5,644712000,21.3,4.15,33.6,99.9,48.1,23.0,21.1
2020-06-05 22:50:00,-5,644712600,21.5,4.15,33.5,99.9,48.1,23.0,21.3
2020-06-05 23:00:00,-5,644713200,21.3,4.15,33.5,99.9,48.1,23.1,21.2
2020-06-05 23:10:00,-5,644713800,21.3,4.15,33.4,99.9,48.1,23.0,21.3
2020-06-05 23:20:00,-5,644714400,21.0,4.15,33.4,99.9,48.1,22.7,21.2
2020-06-05 23:30:00,-5,644715000,20.8,4.15,33.3,99.9,48.1,23.1,21.3
2020-06-05 23:40:00,-5,644715600,20.8,4.15,33.3,99.9,48.1,22.8,21.1
2020-06-05 23:50:00,-5,644716200,20.8,4.15,33.3,99.9,48.1,22.7,21.3
2020-06-06 00:00:00,-5,644716800,20.5,4.15,33.3,99.9,48.1,23.1,21.2
2020-06-06 00:10:00,-5,644717400,20.5,4.15,33.3,99.9,48.1,22.8,21.3
2020-06-06 00:20:00,-5,644718000,20.3,4.15,33.2,99.9,48.1,22.8,21.2
2020-06-06 00:30:00,-5,644718600,20.5,4.15,33.2,99.9,48.2,22.8,21.4
2020-06-06 00:40:00,-5,644719200,20.3,4.15,33.1,99.9,48.2,22.7,21.2
2020-06-06 00:50:00,-5,644719800,20.3,4.15,33.1,99.9,48.2,22.7,21.2
2020-06-06 01:00:00,-5,644720400,20.3,4.15,33.0,99.9,48.2,22.6,21.2
2020-06-06 01:10:00,-5,644721000,20.0,4.15,33.0,99.9,48.2,22.7,21.2
2020-06-06 01:20:00,-5,644721600,19.8,4.15,32.9,99.9,48.2,22.7,21.2
2020-06-06 01:30:00,-5,644722200,19.8,4.15,32.9,99.9,48.2,22.6,21.2
2020-06-06 01:40:00,-5,644722800,19.8,4.15,32.9,99.9,48.2,22.6,21.3
2020-06-06 01:50:00,-5,644723400,19.5,4.15,32.8,99.9,48.2,22.6,21.3
2020-06-06 02:00:00,-5,644724000,19.3,4.15,32.8,99.9,48.2,22.6,21.1
2020-06-06 02:10:00,-5,644724600,19.5,4.15,32.7,99.9,48.2,22.5,21.3
2020-06-06 02:20:00,-5,644725200,19.5,4.15,32.7,99.9,48.2,22.5,21.3
2020-06-06 02:30:00,-5,644725800,19.5,4.15,32.6,99.9,48.2,22.4,21.2
2020-06-06 02:40:00,-5,644726400,19.3,4.15,32.6,99.9,48.2,22.3,21.3
2020-06-06 02:50:00,-5,644727000,18.8,4.15,32.6,99.9,48.2,22.5,21.3
2020-06-06 03:00:00,-5,644727600,19.0,4.15,32.5,99.9,48.2,22.4,21.3
2020-06-06 03:10:00,-5,644728200,19.0,4.15,32.5,99.9,48.2,22.4,21.3
2020-06-06 03:20:00,-5,644728800,19.3,4.15,32.4,99.9,48.2,22.4,21.2
2020-06-06 03:30:00,-5,644729400,19.3,4.15,32.4,99.9,48.2,22.3,21.3
2020-06-06 03:40:00,-5,644730000,19.3,4.15,32.4,99.9,48.2,22.3,21.3
2020-06-06 03:50:00,-5,644730600,19.0,4.15,32.3,99.9,48.2,22.2,21.1
2020-06-06 04:00:00,-5,644731200,18.8,4.15,32.3,99.9,48.2,22.1,21.3
2020-06-06 04:10:00,-5,644731800,18.8,4.15,32.2,99.9,48.2,22.2,21.3
2020-06-06 04:20:00,-5,644732400,18.5,4.15,32.2,99.9,48.2,22.1,21.2
2020-06-06 04:30:00,-5,644733000,19.0,4.15,32.2,99.9,48.2,22.0,21.1
2020-06-06 04:40:00,-5,644733600,18.3,4.15,32.1,99.9,48.2,22.2,21.2
2020-06-06 04:50:00,-5,644734200,18.5,4.15,32.1,99.9,48.2,22.0,21.3
2020-06-06 05:00:00,-5,644734800,18.8,4.15,32.0,99.9,48.2,22.0,21.3
2020-06-06 05:10:00,-5,644735400,19.5,4.15,32.0,99.9,48.2,22.0,21.2
2020-06-06 05:20:00,-5,644736000,19.8,4.15,32.0,99.9,48.2,21.8,21.2
2020-06-06 05:30:00,-5,644736600,20.0,4.15,31.9,99.9,48.2,21.8,21.1
2020-06-06 05:40:00,-5,644737200,20.3,4.15,31.9,99.9,48.2,21.8,21.1
2020-06-06 05:50:00,-5,644737800,20.5,4.15,31.8,99.9,48.2,21.8,21.1
2020-06-06 06:00:00,-5,644738400,21.0,4.15,31.8,99.9,48.2,21.7,21.2
2020-06-06 06:10:00,-5,644739000,21.0,4.15,31.8,99.9,48.3,21.7,21.2
2020-06-06 06:20:00,-5,644739600,21.3,4.15,31.8,99.9,48.2,21.8,21.2
2020-06-06 06:30:00,-5,644740200,21.8,4.15,31.7,99.9,48.3,21.7,21.2
2020-06-06 06:40:00,-5,644740800,22.3,4.15,31.7,99.9,48.2,21.7,21.1
2020-06-06 06:50:00,-5,644741400,23.0,4.15,31.7,99.9,48.2,21.7,21.2
2020-06-06 07:00:00,-5,644742000,23.3,4.15,31.6,99.9,48.3,21.7,21.1
2020-06-06 07:10:00,-5,644742600,24.3,4.15,31.6,99.9,48.3,21.7,21.1
2020-06-06 07:20:00,-5,644743200,24.3,4.15,31.6,99.9,48.2,21.7,21.1
2020-06-06 07:30:00,-5,644743800,24.5,4.15,31.6,99.9,48.2,21.7,21.1
2020-06-06 07:40:00,-5,644744400,25.8,4.15,31.6,99.9,48.3,21.6,21.1
2020-06-06 07:50:00,-5,644745000,26.8,4.15,31.6,99.9,48.3,21.5,21.1
2020-06-06 08:00:00,-5,644745600,27.5,4.15,31.6,99.9,48.3,21.6,21.1
2020-06-06 08:10:00,-5,644746200,27.5,4.15,31.6,99.9,48.3,21.6,21.1
2020-06-06 08:20:00,-5,644746800,27.8,4.15,31.6,99.9,48.3,21.6,21.1
2020-06-06 08:30:00,-5,644747400,29.0,4.15,31.6,99.9,48.3,21.6,21.0
2020-06-06 08:40:00,-5,644748000,29.3,4.15,31.6,99.9,48.3,21.5,21.1
2020-06-06 08:50:00,-5,644748600,30.8,4.15,31.6,99.9,48.3,21.7,21.1
2020-06-06 09:00:00,-5,644749200,30.8,4.15,31.6,99.9,48.3,21.6,21.0
2020-06-06 09:10:00,-5,644749800,31.0,4.15,31.6,99.9,48.3,21.7,21.1
2020-06-06 09:20:00,-5,644750400,31.5,4.15,31.6,99.9,48.3,21.7,21.0
2020-06-06 09:30:00,-5,644751000,32.0,4.15,31.6,99.9,48.3,21.6,21.0
2020-06-06 09:40:00,-5,644751600,31.3,4.15,31.7,99.9,48.3,21.7,21.0
2020-06-06 09:50:00,-5,644752200,31.3,4.15,31.7,99.9,48.3,21.6,21.0
2020-06-06 10:00:00,-5,644752800,33.5,4.15,31.7,99.9,48.3,21.6,21.0
2020-06-06 10:10:00,-5,644753400,33.8,4.15,31.7,99.9,48.3,21.6,21.0
2020-06-06 10:20:00,-5,644754000,32.8,4.15,31.7,99.9,48.3,21.7,21.0
2020-06-06 10:30:00,-5,644754600,33.3,4.15,31.8,99.9,48.3,21.7,21.0
2020-06-06 10:40:00,-5,644755200,35.0,4.15,31.8,99.9,48.3,21.8,21.1
2020-06-06 10:50:00,-5,644755800,35.8,4.15,99.9,48.3,0.0,21.8,21.0
2020-06-06 11:00:00,-5,644756400,36.8,4.15,31.9,99.9,48.3,21.8,21.0
2020-06-06 11:10:00,-5,644757000,37.3,4.15,31.9,99.9,48.3,21.8,21.0
2020-06-06 11:20:00,-5,644757600,37.0,4.15,32.0,99.9,48.3,22.1,21.0
2020-06-06 11:30:00,-5,644758200,37.8,4.15,32.0,99.9,48.3,22.0,21.0
2020-06-06 11:40:00,-5,644758800,36.5,4.15,32.0,99.9,48.3,22.1,21.0
2020-06-06 11:50:00,-5,644759400,36.5,4.15,99.9,48.4,0.0,22.1,21.0
2020-06-06 12:00:00,-5,644760000,37.0,4.15,32.1,99.9,48.3,22.1,21.0
2020-06-06 12:10:00,-5,644760600,37.8,4.15,32.1,99.9,48.3,22.2,21.0
2020-06-06 12:20:00,-5,644761200,39.3,4.15,32.2,99.9,48.3,22.3,21.0
2020-06-06 12:30:00,-5,644761800,39.8,4.15,32.2,99.9,48.4,22.2,21.0
2020-06-06 12:40:00,-5,644762400,39.5,4.15,32.2,99.9,48.4,22.4,21.0
2020-06-06 12:50:00,-5,644763000,39.8,4.17,32.3,99.9,48.4,22.5,21.0
2020-06-06 13:00:00,-5,644763600,42.8,4.17,32.3,99.9,48.4,22.5,21.0
2020-06-06 13:10:00,-5,644764200,43.3,4.17,32.3,99.9,48.4,22.7,21.0
2020-06-06 13:20:00,-5,644764800,43.0,4.17,32.4,99.9,48.3,22.6,21.0
2020-06-06 13:30:00,-5,644765400,42.5,4.17,32.4,99.9,48.4,22.7,21.0
2020-06-06 13:40:00,-5,644766000,42.3,4.17,32.5,99.9,48.3,22.8,21.0
2020-06-06 13:50:00,-5,644766600,44.5,4.17,32.5,99.9,48.4,23.1,21.0
2020-06-06 14:00:00,-5,644767200,45.0,4.17,32.5,99.9,48.4,22.8,21.1
2020-06-06 14:10:00,-5,644767800,42.0,4.17,32.6,99.9,48.4,23.1,21.0
2020-06-06 14:20:00,-5,644768400,44.8,4.17,32.6,99.9,48.4,23.0,21.0
2020-06-06 14:30:00,-5,644769000,44.3,4.17,32.6,99.9,48.4,23.2,21.0
2020-06-06 14:40:00,-5,644769600,43.8,4.17,32.7,99.9,48.4,23.2,21.1
2020-06-06 14:50:00,-5,644770200,44.3,4.17,32.7,99.9,48.4,23.3,21.1
2020-06-06 15:00:00,-5,644770800,41.3,4.17,32.7,99.9,48.4,23.2,21.0
2020-06-06 15:10:00,-5,644771400,43.0,4.17,99.9,48.4,0.0,23.3,21.1
2020-06-06 15:20:00,-5,644772000,43.5,4.17,32.8,99.9,48.4,23.4,21.1
2020-06-06 15:30:00,-5,644772600,42.3,4.17,99.9,48.4,0.0,23.5,21.2
2020-06-06 15:40:00,-5,644773200,41.5,4.17,32.8,99.9,48.4,23.5,21.1
2020-06-06 15:50:00,-5,644773800,41.0,4.17,99.9,48.4,0.0,23.7,21.2
2020-06-06 16:00:00,-5,644774400,41.3,4.17,32.8,99.9,48.4,23.5,21.2
2020-06-06 16:10:00,-5,644775000,38.5,4.17,99.9,48.4,0.0,23.6,21.1
2020-06-06 16:20:00,-5,644775600,39.8,4.17,32.8,99.9,48.4,23.7,21.1
2020-06-06 16:30:00,-5,644776200,37.3,4.17,32.8,99.9,48.4,23.7,21.2
2020-06-06 16:40:00,-5,644776800,33.0,4.17,32.7,99.9,48.4,23.7,21.1
2020-06-06 16:50:00,-5,644777400,37.3,4.17,32.7,99.9,48.4,23.8,21.3
2020-06-06 17:00:00,-5,644778000,38.8,4.17,32.7,99.9,48.4,23.8,21.2
2020-06-06 17:10:00,-5,644778600,38.3,4.17,32.7,99.9,48.4,24.0,21.1
2020-06-06 17:20:00,-5,644779200,34.8,4.17,32.7,99.9,48.4,23.7,21.3
2020-06-06 17:30:00,-5,644779800,36.3,4.17,32.7,99.9,48.4,24.0,21.3
2020-06-06 17:40:00,-5,644780400,36.3,4.17,32.6,99.9,48.4,23.7,21.3
2020-06-06 17:50:00,-5,644781000,34.8,4.17,32.6,99.9,48.4,23.7,21.5
2020-06-06 18:00:00,-5,644781600,32.0,4.17,32.6,99.9,48.4,24.0,21.4
2020-06-06 18:10:00,-5,644782200,31.8,4.17,32.5,99.9,48.4,24.0,21.5
2020-06-06 18:20:00,-5,644782800,31.8,4.17,32.5,99.9,48.4,24.0,21.5
2020-06-06 18:30:00,-5,644783400,31.3,4.17,32.5,99.9,48.4,24.0,21.5
2020-06-06 18:40:00,-5,644784000,29.8,4.17,32.4,99.9,48.4,24.0,21.4
2020-06-06 18:50:00,-5,644784600,28.5,4.17,99.9,48.5,0.0,24.0,21.4
2020-06-06 19:00:00,-5,644785200,27.8,4.17,32.4,99.9,48.5,24.1,21.5
2020-06-06 19:10:00,-5,644785800,27.3,4.17,32.3,99.9,48.5,24.0,21.4
2020-06-06 19:20:00,-5,644786400,26.3,4.17,32.3,99.9,48.5,24.0,21.4
2020-06-06 19:30:00,-5,644787000,25.3,4.17,32.2,99.9,48.5,24.0,21.5
2020-06-06 19:40:00,-5,644787600,24.3,4.17,32.2,99.9,48.5,24.0,21.6
2020-06-06 19:50:00,-5,644788200,23.5,4.17,32.2,99.9,48.5,24.0,21.6
2020-06-06 20:00:00,-5,644788800,23.0,4.17,32.1,99.9,48.5,24.0,21.6
2020-06-06 20:10:00,-5,644789400,22.3,4.17,32.1,99.9,48.5,23.7,21.7
2020-06-06 20:20:00,-5,644790000,21.5,4.17,32.0,99.9,48.5,23.7,21.7
2020-06-06 20:30:00,-5,644790600,21.0,4.15,32.0,99.9,48.5,24.0,21.8
2020-06-06 20:40:00,-5,644791200,20.5,4.17,32.0,99.9,48.5,24.0,21.7
2020-06-06 20:50:00,-5,644791800,20.5,4.17,31.9,99.9,48.5,23.8,21.7
2020-06-06 21:00:00,-5,644792400,20.0,4.15,31.9,99.9,48.5,24.0,21.8
2020-06-06 21:10:00,-5,644793000,19.8,4.15,31.8,99.9,48.5,23.7,21.7
2020-06-06 21:20:00,-5,644793600,19.8,4.15,99.9,48.5,0.0,24.1,21.7
2020-06-06 21:30:00,-5,644794200,19.8,4.15,31.7,99.9,48.5,23.7,21.8
2020-06-06 21:40:00,-5,644794800,19.8,4.15,31.7,99.9,48.5,23.7,21.7
2020-06-06 21:50:00,-5,644795400,20.0,4.15,31.6,99.9,48.5,23.8,21.8
2020-06-06 22:00:00,-5,644796000,20.3,4.15,31.6,99.9,48.5,23.7,21.8
2020-06-06 22:10:00,-5,644796600,20.3,4.15,31.5,99.9,48.5,23.7,21.8
2020-06-06 22:20:00,-5,644797200,19.8,4.15,31.5,99.9,48.5,23.6,21.7
2020-06-06 22:30:00,-5,644797800,19.5,4.15,31.4,99.9,48.5,23.5,21.8
2020-06-06 22:40:00,-5,644798400,19.3,4.15,31.4,99.9,48.5,23.7,22.0
2020-06-06 22:50:00,-5,644799000,19.0,4.15,31.4,99.9,48.5,23.5,21.8
2020-06-06 23:00:00,-5,644799600,18.8,4.15,31.3,99.9,48.5,23.4,21.8
2020-06-06 23:10:00,-5,644800200,18.3,4.15,31.3,99.9,48.5,23.5,21.8
2020-06-06 23:20:00,-5,644800800,17.8,4.15,31.2,99.9,48.5,23.4,22.0
2020-06-06 23:30:00,-5,644801400,17.0,4.15,31.2,99.9,48.5,23.5,22.0
2020-06-06 23:40:00,-5,644802000,16.8,4.15,31.2,99.9,48.5,23.3,21.8
2020-06-06 23:50:00,-5,644802600,16.5,4.15,31.1,99.9,48.6,23.4,21.8
2020-06-07 00:00:00,-5,644803200,16.8,4.15,31.1,99.9,48.6,23.4,22.0
2020-06-07 00:10:00,-5,644803800,17.3,4.15,31.1,99.9,48.5,23.2,21.8
2020-06-07 00:20:00,-5,644804400,17.5,4.15,31.0,99.9,48.5,23.2,22.0
2020-06-07 00:30:00,-5,644805000,17.5,4.15,31.0,99.9,48.6,23.3,22.0
2020-06-07 00:40:00,-5,644805600,18.0,4.15,99.9,48.5,0.0,23.1,22.0
2020-06-07 00:50:00,-5,644806200,18.0,4.15,30.9,99.9,48.5,23.2,21.8
2020-06-07 01:00:00,-5,644806800,17.5,4.15,30.8,99.9,48.5,23.1,21.7
2020-06-07 01:10:00,-5,644807400,17.0,4.15,99.9,48.5,0.0,23.2,22.1
2020-06-07 01:20:00,-5,644808000,16.5,4.15,30.7,99.9,48.6,23.0,21.8
2020-06-07 01:30:00,-5,644808600,16.0,4.15,30.7,99.9,48.5,23.0,21.8
2020-06-07 01:40:00,-5,644809200,15.5,4.15,30.6,99.9,48.6,22.6,21.8
2020-06-07 01:50:00,-5,644809800,15.3,4.15,30.6,99.9,48.5,23.0,21.8
2020-06-07 02:00:00,-5,644810400,15.3,4.15,30.6,99.9,48.6,22.6,21.8
2020-06-07 02:10:00,-5,644811000,15.0,4.15,30.5,99.9,48.6,22.7,21.7
2020-06-07 02:20:00,-5,644811600,14.8,4.15,30.5,99.9,48.6,22.5,21.8
2020-06-07 02:30:00,-5,644812200,14.5,4.15,30.4,99.9,48.6,22.6,21.8
2020-06-07 02:40:00,-5,644812800,14.5,4.15,30.4,99.9,48.6,22.5,21.8
2020-06-07 02:50:00,-5,644813400,13.8,4.15,30.4,99.9,48.6,22.5,21.8
2020-06-07 03:00:00,-5,644814000,13.5,4.15,30.3,99.9,48.6,22.5,21.8
2020-06-07 03:10:00,-5,644814600,13.8,4.15,30.3,99.9,48.6,22.4,21.6
2020-06-07 03:20:00,-5,644815200,13.8,4.15,30.2,99.9,48.6,22.3,21.7
2020-06-07 03:30:00,-5,644815800,13.5,4.15,30.2,99.9,48.6,22.2,21.8
2020-06-07 03:40:00,-5,644816400,13.0,4.15,30.2,99.9,48.6,22.1,21.7
2020-06-07 03:50:00,-5,644817000,12.5,4.15,30.1,99.9,48.6,22.0,21.7
2020-06-07 04:00:00,-5,644817600,12.0,4.15,30.1,99.9,48.6,22.1,21.7
2020-06-07 04:10:00,-5,644818200,12.3,4.15,99.9,48.6,0.0,22.0,21.6
2020-06-07 04:20:00,-5,644818800,12.0,4.15,30.0,99.9,48.6,21.8,21.6
2020-06-07 04:30:00,-5,644819400,12.5,4.15,99.9,48.6,0.0,21.8,21.7
2020-06-07 04:40:00,-5,644820000,12.5,4.15,29.9,99.9,48.6,21.8,21.7
2020-06-07 04:50:00,-5,644820600,12.3,4.15,29.9,99.9,48.6,21.8,21.6
2020-06-07 05:00:00,-5,644821200,12.0,4.15,29.8,99.9,48.6,21.7,21.7
2020-06-07 05:10:00,-5,644821800,13.3,4.15,29.8,99.9,48.6,21.7,21.6
2020-06-07 05:20:00,-5,644822400,14.0,4.15,29.8,99.9,48.6,21.8,21.5
2020-06-07 05:30:00,-5,644823000,14.0,4.15,29.7,99.9,48.6,21.6,21.5
2020-06-07 05:40:00,-5,644823600,13.8,4.15,29.7,99.9,48.6,21.6,21.5
2020-06-07 05:50:00,-5,644824200,14.3,4.15,29.6,99.9,48.6,21.5,21.6
2020-06-07 06:00:00,-5,644824800,15.0,4.15,29.6,99.9,48.6,21.5,21.5
2020-06-07 06:10:00,-5,644825400,15.5,4.15,29.6,99.9,48.6,21.5,21.6
2020-06-07 06:20:00,-5,644826000,16.0,4.15,29.6,99.9,48.6,21.3,21.5
2020-06-07 06:30:00,-5,644826600,16.3,4.15,29.5,99.9,48.6,21.2,21.4
2020-06-07 06:40:00,-5,644827200,17.0,4.15,29.5,99.9,48.6,21.3,21.4
2020-06-07 06:50:00,-5,644827800,18.5,4.15,29.5,99.9,48.6,21.1,21.5
2020-06-07 07:00:00,-5,644828400,20.0,4.15,29.4,99.9,48.6,21.1,21.3
2020-06-07 07:10:00,-5,644829000,20.8,4.15,29.4,99.9,48.6,21.3,0.0
2020-06-07 07:20:00,-5,644829600,21.0,4.15,29.4,99.9,48.6,21.0,21.3
2020-06-07 07:30:00,-5,644830200,21.5,4.15,29.3,99.9,48.6,21.0,21.3
2020-06-07 07:40:00,-5,644830800,22.0,4.15,29.3,99.9,48.6,21.0,21.3
2020-06-07 07:50:00,-5,644831400,22.5,4.15,29.3,99.9,48.6,21.0,21.2
2020-06-07 08:00:00,-5,644832000,22.5,4.15,29.3,99.9,48.6,21.0,21.2
2020-06-07 08:10:00,-5,644832600,23.0,4.15,29.3,99.9,48.6,21.1,21.1
2020-06-07 08:20:00,-5,644833200,23.5,4.17,29.3,99.9,48.6,21.1,21.2
2020-06-07 08:30:00,-5,644833800,23.8,4.17,29.3,99.9,48.6,20.8,21.1
2020-06-07 08:40:00,-5,644834400,24.0,4.17,29.3,99.9,48.6,20.8,21.3
2020-06-07 08:50:00,-5,644835000,25.0,4.17,29.3,99.9,48.6,20.7,21.1
2020-06-07 09:00:00,-5,644835600,25.8,4.17,29.3,99.9,48.6,20.8,21.2
2020-06-07 09:10:00,-5,644836200,25.8,4.17,29.3,99.9,48.6,20.6,21.2
2020-06-07 09:20:00,-5,644836800,26.3,4.17,29.3,99.9,48.6,20.7,21.2
2020-06-07 09:30:00,-5,644837400,26.8,4.17,29.3,99.9,48.6,20.6,21.1
2020-06-07 09:40:00,-5,644838000,27.8,4.17,29.3,99.9,48.6,20.6,21.1
2020-06-07 09:50:00,-5,644838600,28.3,4.17,29.4,99.9,48.6,20.7,21.1
2020-06-07 10:00:00,-5,644839200,29.3,4.17,29.4,99.9,48.6,20.7,21.1
2020-06-07 10:10:00,-5,644839800,29.3,4.17,29.4,99.9,48.6,20.7,21.0
2020-06-07 10:20:00,-5,644840400,30.3,4.17,29.5,99.9,48.6,20.7,21.0
2020-06-07 10:30:00,-5,644841000,30.8,4.17,29.5,99.9,48.6,20.7,21.0
2020-06-07 10:40:00,-5,644841600,30.5,4.17,29.5,99.9,48.6,20.8,21.0
2020-06-07 10:50:00,-5,644842200,30.0,4.17,29.5,99.9,48.6,20.7,21.0
2020-06-07 11:00:00,-5,644842800,32.8,4.17,29.6,99.9,48.6,20.7,21.0
2020-06-07 11:10:00,-5,644843400,33.3,4.17,29.6,99.9,48.6,20.8,21.0
2020-06-07 11:20:00,-5,644844000,32.3,4.17,29.6,99.9,48.6,20.7,21.1
2020-06-07 11:30:00,-5,644844600,31.8,4.17,29.7,99.9,48.6,20.8,21.1
2020-06-07 11:40:00,-5,644845200,29.8,4.17,29.7,99.9,48.6,20.7,21.0
2020-06-07 11:50:00,-5,644845800,33.0,4.17,29.8,99.9,48.6,20.8,21.0
2020-06-07 12:00:00,-5,644846400,34.5,4.17,29.8,99.9,48.6,21.0,21.0
2020-06-07 12:10:00,-5,644847000,33.5,4.17,29.9,99.9,48.6,21.0,20.8
2020-06-07 12:20:00,-5,644847600,36.0,4.17,29.9,99.9,48.6,21.0,20.7
2020-06-07 12:30:00,-5,644848200,38.3,4.17,29.9,99.9,48.6,20.7,20.8
2020-06-07 12:40:00,-5,644848800,38.3,4.17,30.0,99.9,48.6,21.1,20.7
2020-06-07 12:50:00,-5,644849400,36.0,4.17,30.0,99.9,48.6,21.1,21.0
2020-06-07 13:00:00,-5,644850000,34.0,4.17,30.1,99.9,48.6,21.1,20.8
2020-06-07 13:10:00,-5,644850600,36.3,4.17,30.1,99.9,48.6,21.1,20.8
2020-06-07 13:20:00,-5,644851200,34.3,4.17,30.1,99.9,48.6,21.2,20.8
2020-06-07 13:30:00,-5,644851800,36.5,4.17,30.2,99.9,48.6,21.2,20.8
2020-06-07 13:40:00,-5,644852400,36.8,4.17,30.2,99.9,48.6,21.3,20.8
2020-06-07 13:50:00,-5,644853000,38.0,4.17,30.3,99.9,48.6,21.4,20.8
2020-06-07 14:00:00,-5,644853600,38.3,4.17,30.3,99.9,48.6,21.5,20.7
2020-06-07 14:10:00,-5,644854200,35.5,4.17,30.3,99.9,48.6,21.4,20.8
2020-06-07 14:20:00,-5,644854800,37.8,4.17,30.4,99.9,48.6,21.5,20.8
2020-06-07 14:30:00,-5,644855400,39.0,4.17,30.4,99.9,48.6,21.6,20.8
2020-06-07 14:40:00,-5,644856000,40.8,4.17,30.4,99.9,48.6,21.6,20.7
2020-06-07 14:50:00,-5,644856600,35.0,4.17,99.9,48.6,0.0,21.7,21.1
2020-06-07 15:00:00,-5,644857200,36.5,4.17,30.5,99.9,48.6,21.6,20.7
2020-06-07 15:10:00,-5,644857800,34.0,4.17,99.9,48.6,0.0,21.7,20.8
2020-06-07 15:20:00,-5,644858400,37.3,4.17,99.9,48.6,0.0,21.8,20.8
2020-06-07 15:30:00,-5,644859000,38.5,4.17,30.6,99.9,48.6,22.1,20.8
2020-06-07 15:40:00,-5,644859600,35.3,4.17,30.7,99.9,48.6,21.8,20.8
2020-06-07 15:50:00,-5,644860200,33.0,4.17,30.7,99.9,48.6,21.7,21.0
2020-06-07 16:00:00,-5,644860800,35.0,4.17,99.9,48.6,0.0,20.7,0.0
2020-06-07 16:10:00,-5,644861400,31.8,4.17,30.7,99.9,48.6,22.1,21.0
2020-06-07 16:20:00,-5,644862000,29.0,4.17,30.7,99.9,48.6,22.2,21.0
2020-06-07 16:30:00,-5,644862600,34.0,4.17,30.8,99.9,48.6,20.8,0.0
2020-06-07 16:40:00,-5,644863200,33.8,4.17,99.9,48.7,0.0,22.2,20.8
2020-06-07 16:50:00,-5,644863800,30.8,4.17,99.9,48.7,0.0,20.7,0.0
2020-06-07 17:00:00,-5,644864400,28.0,4.17,30.8,99.9,48.7,22.3,21.0
2020-06-07 17:10:00,-5,644865000,27.8,4.17,30.8,99.9,48.7,22.3,20.8
2020-06-07 17:20:00,-5,644865600,31.0,4.17,30.8,99.9,48.7,22.3,21.0
2020-06-07 17:30:00,-5,644866200,32.3,4.17,30.8,99.9,48.7,20.8,0.0
2020-06-07 17:40:00,-5,644866800,32.5,4.17,30.8,99.9,48.7,22.5,21.0
2020-06-07 17:50:00,-5,644867400,32.3,4.17,30.8,99.9,48.7,22.6,20.7
2020-06-07 18:00:00,-5,644868000,31.5,4.17,99.9,48.7,0.0,22.6,21.0
2020-06-07 18:10:00,-5,644868600,30.5,4.17,30.7,99.9,48.7,22.6,21.0
2020-06-07 18:20:00,-5,644869200,29.8,4.17,30.7,99.9,48.7,22.7,21.1
2020-06-07 18:30:00,-5,644869800,28.5,4.17,99.9,48.7,0.0,22.6,21.0
2020-06-07 18:40:00,-5,644870400,27.5,4.17,30.7,99.9,48.7,22.7,21.0
2020-06-07 18:50:00,-5,644871000,26.8,4.17,30.7,99.9,48.7,22.7,21.1
2020-06-07 19:00:00,-5,644871600,26.0,4.17,30.6,99.9,48.7,22.8,21.0
2020-06-07 19:10:00,-5,644872200,24.3,4.17,30.6,99.9,48.7,22.7,21.0
2020-06-07 19:20:00,-5,644872800,22.5,4.17,30.6,99.9,48.7,22.7,21.1
2020-06-07 19:30:00,-5,644873400,20.8,4.17,30.6,99.9,48.7,22.6,21.0
2020-06-07 19:40:00,-5,644874000,19.5,4.17,30.5,99.9,48.7,22.7,21.0
2020-06-07 19:50:00,-5,644874600,18.8,4.17,30.5,99.9,48.7,22.7,21.1
2020-06-07 20:00:00,-5,644875200,17.8,4.17,30.5,99.9,48.7,22.6,21.1
2020-06-07 20:10:00,-5,644875800,17.3,4.17,99.9,48.7,0.0,22.7,21.1
2020-06-07 20:20:00,-5,644876400,16.5,4.17,30.4,99.9,48.7,22.7,21.1
2020-06-07 20:30:00,-5,644877000,16.3,4.17,99.9,48.7,0.0,22.7,21.1
2020-06-07 20:40:00,-5,644877600,16.3,4.17,30.3,99.9,48.8,22.6,21.1
2020-06-07 20:50:00,-5,644878200,15.8,4.17,30.3,99.9,48.8,22.5,21.1
2020-06-07 21:00:00,-5,644878800,16.0,4.17,30.2,99.9,48.8,22.7,21.1
2020-06-07 21:10:00,-5,644879400,16.0,4.17,30.2,99.9,48.8,22.7,21.1
2020-06-07 21:20:00,-5,644880000,15.3,4.17,99.9,48.8,0.0,22.6,21.2
2020-06-07 21:30:00,-5,644880600,15.0,4.17,99.9,48.8,0.0,22.5,21.1
2020-06-07 21:40:00,-5,644881200,15.5,4.17,30.0,99.9,48.8,22.5,21.1
2020-06-07 21:50:00,-5,644881800,15.5,4.17,30.0,99.9,48.8,22.5,21.1
2020-06-07 22:00:00,-5,644882400,15.3,4.17,29.9,99.9,48.8,22.2,21.1
2020-06-07 22:10:00,-5,644883000,14.8,4.17,29.9,99.9,48.8,22.2,21.1
2020-06-07 22:20:00,-5,644883600,14.3,4.17,29.8,99.9,48.8,22.3,21.1
2020-06-07 22:30:00,-5,644884200,14.0,4.17,29.8,99.9,48.8,22.1,21.2
2020-06-07 22:40:00,-5,644884800,13.5,4.17,29.7,99.9,48.8,22.3,21.2
2020-06-07 22:50:00,-5,644885400,13.5,4.17,29.7,99.9,48.8,22.2,21.3
2020-06-07 23:00:00,-5,644886000,13.5,4.17,29.6,99.9,48.8,22.2,21.2
2020-06-07 23:10:00,-5,644886600,13.3,4.17,29.6,99.9,48.8,22.0,21.1
2020-06-07 23:20:00,-5,644887200,12.8,4.17,29.5,99.9,48.8,22.0,21.1
2020-06-07 23:30:00,-5,644887800,13.0,4.17,29.6,99.9,48.8,21.7,21.1
2020-06-07 23:40:00,-5,644888400,12.8,4.17,29.4,99.9,48.8,21.8,21.2
2020-06-07 23:50:00,-5,644889000,12.8,4.17,29.4,99.9,48.8,21.8,21.1
2020-06-08 00:00:00,-5,644889600,12.5,4.17,29.3,99.9,48.8,21.8,21.1
2020-06-08 00:10:00,-5,644890200,12.3,4.17,29.3,99.9,48.8,21.7,21.2
2020-06-08 00:20:00,-5,644890800,11.8,4.17,29.2,99.9,48.8,21.8,21.2
2020-06-08 00:30:00,-5,644891400,11.5,4.17,29.2,99.9,48.8,21.7,21.3
2020-06-08 00:40:00,-5,644892000,11.8,4.17,29.1,99.9,48.8,21.7,21.2
2020-06-08 00:50:00,-5,644892600,11.5,4.17,29.1,99.9,48.8,21.6,21.1
2020-06-08 01:00:00,-5,644893200,11.0,4.17,29.1,99.9,48.8,21.5,21.2
2020-06-08 01:10:00,-5,644893800,10.8,4.17,29.1,99.9,48.8,21.5,21.2
2020-06-08 01:20:00,-5,644894400,10.5,4.17,29.1,99.9,48.8,21.5,21.1
2020-06-08 01:30:00,-5,644895000,10.5,4.17,29.0,99.9,48.8,21.3,21.1
2020-06-08 01:40:00,-5,644895600,10.0,4.17,29.0,99.9,48.8,21.2,21.2
2020-06-08 01:50:00,-5,644896200,10.0,4.17,28.9,99.9,48.8,21.3,21.1
2020-06-08 02:00:00,-5,644896800,10.0,4.17,28.9,99.9,48.8,21.3,21.1
2020-06-08 02:10:00,-5,644897400,10.0,4.17,28.8,99.9,48.8,21.2,21.1
2020-06-08 02:20:00,-5,644898000,10.0,4.17,28.8,99.9,48.8,21.2,21.1
2020-06-08 02:30:00,-5,644898600,9.8,4.17,28.7,99.9,48.8,21.0,21.0
2020-06-08 02:40:00,-5,644899200,9.8,4.17,28.7,99.9,48.8,21.1,21.1
2020-06-08 02:50:00,-5,644899800,9.8,4.17,28.7,99.9,48.8,20.7,21.1
2020-06-08 03:00:00,-5,644900400,9.5,4.17,28.6,99.9,48.8,20.8,21.0
2020-06-08 03:10:00,-5,644901000,9.5,4.17,28.6,99.9,48.8,20.7,21.0
2020-06-08 03:20:00,-5,644901600,9.5,4.17,28.5,99.9,48.8,21.1,21.0
2020-06-08 03:30:00,-5,644902200,9.0,4.17,28.5,99.9,48.8,20.8,21.0
2020-06-08 03:40:00,-5,644902800,8.8,4.17,28.4,99.9,48.8,20.7,21.0
2020-06-08 03:50:00,-5,644903400,9.0,4.17,28.4,99.9,48.8,20.6,21.0
2020-06-08 04:00:00,-5,644904000,8.8,4.17,28.4,99.9,48.8,20.7,21.0
2020-06-08 04:10:00,-5,644904600,8.8,4.17,28.3,99.9,48.8,20.7,21.0
2020-06-08 04:20:00,-5,644905200,9.0,4.17,28.3,99.9,48.8,20.5,21.0
2020-06-08 04:30:00,-5,644905800,9.3,4.17,28.2,99.9,48.8,20.5,21.0
2020-06-08 04:40:00,-5,644906400,9.0,4.17,28.2,99.9,48.8,20.5,20.7
2020-06-08 04:50:00,-5,644907000,9.3,4.17,28.1,99.9,48.8,20.3,20.7
2020-06-08 05:00:00,-5,644907600,9.5,4.17,28.1,99.9,48.8,20.3,21.0
2020-06-08 05:10:00,-5,644908200,10.0,4.17,28.1,99.9,48.8,20.2,21.0
2020-06-08 05:20:00,-5,644908800,10.5,4.17,28.0,99.9,48.8,20.2,20.8
2020-06-08 05:30:00,-5,644909400,10.8,4.17,28.0,99.9,48.8,20.1,20.8
2020-06-08 05:40:00,-5,644910000,10.3,4.17,28.0,99.9,48.8,20.1,20.7
2020-06-08 05:50:00,-5,644910600,10.8,4.17,27.9,99.9,48.8,20.1,20.8
2020-06-08 06:00:00,-5,644911200,11.3,4.17,27.9,99.9,48.8,20.0,20.8
2020-06-08 06:10:00,-5,644911800,11.8,4.17,27.8,99.9,48.8,19.7,20.7
2020-06-08 06:20:00,-5,644912400,12.0,4.17,27.8,99.9,48.8,19.8,20.7
2020-06-08 06:30:00,-5,644913000,12.5,4.17,27.8,99.9,48.8,19.8,20.6
2020-06-08 06:40:00,-5,644913600,13.3,4.17,27.7,99.9,48.8,19.7,20.6
2020-06-08 06:50:00,-5,644914200,15.3,4.17,27.7,99.9,48.8,19.7,20.6
2020-06-08 07:00:00,-5,644914800,17.5,4.17,27.7,99.9,48.8,19.6,20.6
2020-06-08 07:10:00,-5,644915400,18.5,4.17,27.6,99.9,48.8,19.6,20.6
2020-06-08 07:20:00,-5,644916000,19.3,4.17,27.6,99.9,48.8,19.6,20.6
2020-06-08 07:30:00,-5,644916600,20.0,4.17,27.6,99.9,48.8,19.5,20.5
2020-06-08 07:40:00,-5,644917200,20.3,4.17,27.6,99.9,48.8,19.5,20.6
2020-06-08 07:50:00,-5,644917800,21.0,4.17,27.5,99.9,48.8,19.4,20.6
2020-06-08 08:00:00,-5,644918400,22.0,4.17,27.5,99.9,48.8,19.4,20.5
2020-06-08 08:10:00,-5,644919000,22.3,4.17,27.5,99.9,48.8,19.3,20.5
2020-06-08 08:20:00,-5,644919600,22.8,4.17,27.5,99.9,48.8,19.3,20.5
2020-06-08 08:30:00,-5,644920200,23.0,4.17,27.5,99.9,48.8,19.3,20.3
2020-06-08 08:40:00,-5,644920800,23.5,4.17,27.5,99.9,48.8,19.2,20.4
2020-06-08 08:50:00,-5,644921400,24.3,4.17,27.5,99.9,48.8,19.2,20.3
2020-06-08 09:00:00,-5,644922000,24.8,4.17,27.5,99.9,48.8,19.2,20.5
2020-06-08 09:10:00,-5,644922600,26.0,4.17,27.5,99.9,48.8,19.2,20.3
2020-06-08 09:20:00,-5,644923200,27.0,4.17,27.6,99.9,48.8,19.2,20.3
2020-06-08 09:30:00,-5,644923800,27.5,4.17,27.6,99.9,48.8,19.3,20.3
2020-06-08 09:40:00,-5,644924400,28.0,4.17,27.6,99.9,48.8,19.2,20.2
2020-06-08 09:50:00,-5,644925000,28.8,4.17,27.6,99.9,48.8,19.2,20.1
2020-06-08 10:00:00,-5,644925600,29.5,4.17,27.7,99.9,48.8,19.3,20.1
2020-06-08 10:10:00,-5,644926200,31.0,4.17,27.7,99.9,48.8,19.3,20.1
2020-06-08 10:20:00,-5,644926800,32.3,4.17,27.8,99.9,48.8,19.3,20.2
2020-06-08 10:30:00,-5,644927400,32.5,4.17,27.8,99.9,48.8,19.1,20.1
2020-06-08 10:40:00,-5,644928000,33.3,4.18,27.9,99.9,48.8,19.2,20.2
2020-06-08 10:50:00,-5,644928600,33.8,4.17,27.9,99.9,48.8,19.3,20.1
2020-06-08 11:00:00,-5,644929200,34.5,4.18,28.0,99.9,48.8,19.3,20.1
2020-06-08 11:10:00,-5,644929800,35.8,4.18,28.1,99.9,48.8,19.3,20.1
2020-06-08 11:20:00,-5,644930400,35.3,4.18,28.1,99.9,48.8,19.5,20.1
2020-06-08 11:30:00,-5,644931000,36.8,4.18,28.2,99.9,48.8,19.5,20.1
2020-06-08 11:40:00,-5,644931600,37.8,4.18,28.2,99.9,48.8,19.5,20.0
2020-06-08 11:50:00,-5,644932200,37.3,4.18,28.3,99.9,48.8,19.7,20.0
2020-06-08 12:00:00,-5,644932800,38.0,4.18,28.4,99.9,48.8,19.6,20.1
2020-06-08 12:10:00,-5,644933400,38.8,4.18,28.5,99.9,48.8,19.8,20.0
2020-06-08 12:20:00,-5,644934000,40.0,4.18,28.6,99.9,48.8,19.8,20.0
2020-06-08 12:30:00,-5,644934600,39.8,4.18,28.6,99.9,48.8,20.1,20.0
2020-06-08 12:40:00,-5,644935200,41.3,4.18,28.7,99.9,48.8,19.8,20.0
2020-06-08 12:50:00,-5,644935800,41.8,4.18,28.8,99.9,48.8,20.0,20.0
2020-06-08 13:00:00,-5,644936400,42.3,4.18,28.9,99.9,48.8,20.0,20.0
2020-06-08 13:10:00,-5,644937000,41.8,4.18,29.0,99.9,48.8,20.2,20.0
2020-06-08 13:20:00,-5,644937600,42.0,4.18,29.1,99.9,48.8,20.3,20.0
2020-06-08 13:30:00,-5,644938200,42.5,4.18,29.1,99.9,48.8,20.5,20.0
2020-06-08 13:40:00,-5,644938800,42.3,4.18,29.1,99.9,48.8,20.5,20.0
2020-06-08 13:50:00,-5,644939400,42.8,4.18,29.2,99.9,48.8,20.6,20.0
2020-06-08 14:00:00,-5,644940000,41.5,4.18,29.3,99.9,48.8,20.7,20.0
2020-06-08 14:10:00,-5,644940600,42.0,4.18,29.4,99.9,48.8,20.0,0.0
2020-06-08 14:20:00,-5,644941200,44.0,4.18,29.4,99.9,48.8,20.0,0.0
2020-06-08 14:30:00,-5,644941800,43.0,4.18,29.5,99.9,48.8,20.7,20.0
2020-06-08 14:40:00,-5,644942400,43.0,4.18,29.5,99.9,48.8,21.0,20.0
2020-06-08 14:50:00,-5,644943000,42.3,4.18,29.6,99.9,48.8,20.0,0.0
2020-06-08 15:00:00,-5,644943600,41.8,4.18,29.6,99.9,48.8,20.0,0.0
2020-06-08 15:10:00,-5,644944200,41.0,4.18,29.7,99.9,48.8,20.0,0.0
2020-06-08 15:20:00,-5,644944800,43.0,4.18,29.8,99.9,48.8,21.2,20.0
2020-06-08 15:30:00,-5,644945400,41.5,4.18,29.8,99.9,48.8,21.5,20.0
2020-06-08 15:40:00,-5,644946000,40.8,4.18,29.9,99.9,48.8,21.5,20.1
2020-06-08 15:50:00,-5,644946600,40.5,4.18,29.9,99.9,48.8,21.6,20.1
2020-06-08 16:00:00,-5,644947200,40.5,4.18,30.0,99.9,48.8,21.7,20.1
2020-06-08 16:10:00,-5,644947800,40.0,4.18,99.9,48.8,0.0,21.8,20.1
2020-06-08 16:20:00,-5,644948400,39.3,4.18,30.1,99.9,48.8,21.7,20.1
2020-06-08 16:30:00,-5,644949000,38.8,4.18,30.1,99.9,48.8,21.8,20.2
2020-06-08 16:40:00,-5,644949600,38.5,4.18,30.2,99.9,48.8,20.2,0.0
2020-06-08 16:50:00,-5,644950200,38.5,4.18,99.9,48.8,0.0,22.2,20.1
2020-06-08 17:00:00,-5,644950800,38.3,4.18,30.2,99.9,48.8,22.2,20.2
2020-06-08 17:10:00,-5,644951400,37.5,4.18,30.3,99.9,48.8,22.2,20.2
2020-06-08 17:20:00,-5,644952000,36.5,4.18,30.3,99.9,48.9,20.3,0.0
2020-06-08 17:30:00,-5,644952600,36.0,4.18,30.3,99.9,48.9,20.3,0.0
2020-06-08 17:40:00,-5,644953200,35.3,4.18,99.9,48.9,0.0,22.6,20.2
2020-06-08 17:50:00,-5,644953800,35.0,4.18,99.9,48.9,0.0,20.3,0.0
2020-06-08 18:00:00,-5,644954400,33.8,4.18,30.4,99.9,48.9,20.3,0.0
2020-06-08 18:10:00,-5,644955000,33.0,4.18,30.4,99.9,48.9,23.1,20.4
2020-06-08 18:20:00,-5,644955600,31.8,4.18,30.4,99.9,48.9,22.8,20.3
2020-06-08 18:30:00,-5,644956200,30.8,4.18,30.4,99.9,48.9,23.0,20.4
2020-06-08 18:40:00,-5,644956800,30.0,4.18,30.4,99.9,48.9,20.5,0.0
2020-06-08 18:50:00,-5,644957400,29.0,4.18,99.9,48.9,0.0,23.1,20.5
2020-06-08 19:00:00,-5,644958000,27.5,4.18,99.9,48.9,0.0,23.0,20.5
2020-06-08 19:10:00,-5,644958600,25.3,4.18,99.9,48.9,0.0,23.2,20.6
2020-06-08 19:20:00,-5,644959200,22.8,4.18,30.3,99.9,48.9,23.2,20.6
2020-06-08 19:30:00,-5,644959800,20.8,4.18,30.3,99.9,48.9,20.6,0.0
2020-06-08 19:40:00,-5,644960400,19.5,4.18,99.9,48.9,0.0,23.3,20.6
2020-06-08 19:50:00,-5,644961000,18.8,4.18,30.2,99.9,48.9,23.1,20.5
2020-06-08 20:00:00,-5,644961600,18.0,4.18,30.2,99.9,48.9,23.2,20.7
2020-06-08 20:10:00,-5,644962200,17.5,4.18,30.1,99.9,49.0,20.6,0.0
2020-06-08 20:20:00,-5,644962800,17.0,4.18,30.1,99.9,49.0,23.2,20.8
2020-06-08 20:30:00,-5,644963400,16.5,4.18,30.0,99.9,49.0,23.3,20.7
2020-06-08 20:40:00,-5,644964000,16.5,4.18,30.0,99.9,49.0,23.3,20.8
2020-06-08 20:50:00,-5,644964600,15.8,4.18,29.9,99.9,49.0,23.3,20.8
2020-06-08 21:00:00,-5,644965200,15.5,4.18,29.9,99.9,49.0,23.3,20.8
2020-06-08 21:10:00,-5,644965800,15.0,4.18,29.8,99.9,49.0,23.2,21.0
2020-06-08 21:20:00,-5,644966400,14.8,4.18,29.7,99.9,49.0,23.3,20.8
2020-06-08 21:30:00,-5,644967000,14.8,4.18,29.7,99.9,49.0,23.2,20.7
2020-06-08 21:40:00,-5,644967600,14.3,4.18,29.6,99.9,49.0,23.1,21.0
2020-06-08 21:50:00,-5,644968200,14.3,4.18,29.5,99.9,49.0,23.1,20.7
2020-06-08 22:00:00,-5,644968800,13.5,4.18,29.5,99.9,49.0,23.1,21.0
2020-06-08 22:10:00,-5,644969400,13.5,4.18,29.4,99.9,49.0,23.1,21.0
2020-06-08 22:20:00,-5,644970000,13.0,4.18,29.3,99.9,49.0,22.7,20.7
2020-06-08 22:30:00,-5,644970600,12.8,4.18,29.3,99.9,49.0,23.0,21.0
2020-06-08 22:40:00,-5,644971200,12.8,4.18,29.2,99.9,49.0,22.8,21.1
2020-06-08 22:50:00,-5,644971800,12.5,4.18,29.1,99.9,49.0,22.8,20.7
2020-06-08 23:00:00,-5,644972400,12.8,4.18,29.1,99.9,49.1,22.8,21.1
2020-06-08 23:10:00,-5,644973000,12.5,4.18,29.1,99.9,49.1,22.6,21.1
2020-06-08 23:20:00,-5,644973600,12.3,4.18,29.1,99.9,49.1,22.6,21.1
2020-06-08 23:30:00,-5,644974200,11.8,4.18,29.0,99.9,49.1,22.6,21.0
2020-06-08 23:40:00,-5,644974800,11.8,4.18,28.9,99.9,49.1,22.5,21.0
2020-06-08 23:50:00,-5,644975400,11.5,4.18,28.9,99.9,49.1,22.4,21.0
2020-06-09 00:00:00,-5,644976000,11.8,4.18,28.8,99.9,49.1,22.2,21.1
2020-06-09 00:10:00,-5,644976600,11.8,4.18,28.8,99.9,49.1,22.4,21.1
2020-06-09 00:20:00,-5,644977200,11.8,4.18,28.7,99.9,49.1,22.2,21.0
2020-06-09 00:30:00,-5,644977800,11.5,4.18,28.6,99.9,49.1,22.1,21.1
2020-06-09 00:40:00,-5,644978400,11.0,4.18,28.6,99.9,49.1,22.1,21.1
2020-06-09 00:50:00,-5,644979000,11.0,4.18,28.5,99.9,49.1,22.1,21.1
2020-06-09 01:00:00,-5,644979600,11.0,4.18,28.5,99.9,49.1,22.0,21.1
2020-06-09 01:10:00,-5,644980200,11.3,4.18,28.4,99.9,49.1,21.8,21.1
2020-06-09 01:20:00,-5,644980800,11.0,4.18,28.4,99.9,49.1,22.1,21.1
2020-06-09 01:30:00,-5,644981400,11.0,4.18,28.3,99.9,49.1,21.8,21.1
2020-06-09 01:40:00,-5,644982000,11.0,4.18,28.3,99.9,49.1,21.8,21.0
2020-06-09 01:50:00,-5,644982600,11.3,4.18,28.2,99.9,49.1,21.7,21.1
2020-06-09 02:00:00,-5,644983200,11.3,4.17,28.1,99.9,49.1,21.7,21.1
2020-06-09 02:10:00,-5,644983800,11.3,4.18,28.1,99.9,49.1,21.7,21.0
2020-06-09 02:20:00,-5,644984400,11.0,4.17,28.1,99.9,49.1,21.7,21.1
2020-06-09 02:30:00,-5,644985000,10.8,4.17,28.0,99.9,49.1,21.5,21.0
2020-06-09 02:40:00,-5,644985600,10.8,4.18,28.0,99.9,49.1,21.5,21.0
2020-06-09 02:50:00,-5,644986200,10.5,4.17,27.9,99.9,49.1,21.3,21.0
2020-06-09 03:00:00,-5,644986800,10.5,4.17,27.9,99.9,49.1,21.4,21.0
2020-06-09 03:10:00,-5,644987400,10.5,4.17,27.8,99.9,49.1,21.3,21.1
2020-06-09 03:20:00,-5,644988000,10.3,4.17,27.8,99.9,49.1,21.2,21.0
2020-06-09 03:30:00,-5,644988600,10.5,4.17,27.7,99.9,49.1,21.2,21.0
2020-06-09 03:40:00,-5,644989200,10.5,4.17,27.7,99.9,49.1,21.2,21.1
2020-06-09 03:50:00,-5,644989800,10.5,4.17,27.6,99.9,49.1,21.1,21.1
2020-06-09 04:00:00,-5,644990400,10.5,4.17,27.6,99.9,49.1,21.0,21.0
2020-06-09 04:10:00,-5,644991000,10.3,4.17,27.6,99.9,49.1,20.7,21.0
2020-06-09 04:20:00,-5,644991600,10.0,4.17,27.5,99.9,49.1,21.0,21.0
2020-06-09 04:30:00,-5,644992200,10.0,4.17,27.5,99.9,49.1,20.7,20.8
2020-06-09 04:40:00,-5,644992800,10.3,4.17,27.4,99.9,49.1,21.0,21.0
2020-06-09 04:50:00,-5,644993400,10.3,4.17,27.4,99.9,49.1,20.8,21.0
2020-06-09 05:00:00,-5,644994000,10.5,4.17,27.3,99.9,49.1,20.8,20.7
2020-06-09 05:10:00,-5,644994600,11.3,4.17,27.3,99.9,49.1,20.7,21.0
2020-06-09 05:20:00,-5,644995200,11.8,4.17,27.3,99.9,49.1,20.7,20.8
2020-06-09 05:30:00,-5,644995800,11.5,4.17,27.2,99.9,49.1,20.7,20.7
2020-06-09 05:40:00,-5,644996400,11.8,4.17,27.2,99.9,49.1,20.6,20.8
2020-06-09 05:50:00,-5,644997000,12.0,4.18,27.2,99.9,49.1,20.6,20.7
2020-06-09 06:00:00,-5,644997600,12.3,4.18,27.1,99.9,49.1,20.5,20.8
2020-06-09 06:10:00,-5,644998200,12.5,4.17,27.1,99.9,49.1,20.5,20.7
2020-06-09 06:20:00,-5,644998800,12.8,4.18,27.1,99.9,49.1,20.4,20.8
2020-06-09 06:30:00,-5,644999400,13.5,4.18,27.0,99.9,49.2,20.3,20.7
2020-06-09 06:40:00,-5,645000000,14.0,4.18,27.0,99.9,49.1,20.3,20.7
2020-06-09 06:50:00,-5,645000600,16.8,4.18,27.0,99.9,49.1,20.2,20.7
2020-06-09 07:00:00,-5,645001200,20.0,4.18,27.0,99.9,49.1,20.2,20.6
2020-06-09 07:10:00,-5,645001800,21.5,4.18,26.9,99.9,49.1,20.2,20.6
2020-06-09 07:20:00,-5,645002400,22.3,4.18,26.9,99.9,49.1,20.2,20.6
2020-06-09 07:30:00,-5,645003000,23.3,4.18,26.9,99.9,49.1,20.1,20.6
2020-06-09 07:40:00,-5,645003600,24.3,4.18,26.9,99.9,49.1,20.1,20.6
2020-06-09 07:50:00,-5,645004200,25.0,4.18,26.9,99.9,49.1,20.0,20.6
2020-06-09 08:00:00,-5,645004800,26.0,4.18,26.8,99.9,49.1,19.8,20.5
2020-06-09 08:10:00,-5,645005400,26.8,4.18,26.8,99.9,49.1,20.1,20.5
2020-06-09 08:20:00,-5,645006000,27.0,4.18,26.8,99.9,49.1,19.8,20.6
2020-06-09 08:30:00,-5,645006600,28.0,4.18,26.8,99.9,49.1,19.7,20.5
2020-06-09 08:40:00,-5,645007200,28.8,4.18,26.8,99.9,49.1,19.8,20.5
2020-06-09 08:50:00,-5,645007800,29.5,4.18,26.9,99.9,49.1,19.7,20.5
2020-06-09 09:00:00,-5,645008400,30.5,4.18,26.9,99.9,49.1,19.7,20.4
2020-06-09 09:10:00,-5,645009000,31.0,4.18,26.9,99.9,49.1,19.7,20.5
2020-06-09 09:20:00,-5,645009600,32.3,4.18,26.9,99.9,49.2,19.7,20.5
2020-06-09 09:30:00,-5,645010200,33.0,4.18,27.0,99.9,49.1,19.8,20.4
2020-06-09 09:40:00,-5,645010800,33.3,4.18,27.0,99.9,49.1,19.8,20.3
2020-06-09 09:50:00,-5,645011400,34.5,4.18,27.0,99.9,49.1,19.8,20.3
2020-06-09 10:00:00,-5,645012000,35.5,4.18,27.1,99.9,49.1,19.7,20.4
2020-06-09 10:10:00,-5,645012600,35.8,4.18,27.1,99.9,49.1,19.7,20.3
2020-06-09 10:20:00,-5,645013200,37.0,4.18,27.2,99.9,49.1,19.8,20.3
2020-06-09 10:30:00,-5,645013800,37.3,4.18,27.2,99.9,49.1,19.7,20.3
2020-06-09 10:40:00,-5,645014400,38.0,4.18,27.3,99.9,49.1,20.0,20.3
2020-06-09 10:50:00,-5,645015000,38.5,4.18,27.3,99.9,49.1,20.2,20.3
2020-06-09 11:00:00,-5,645015600,38.5,4.18,27.4,99.9,49.1,20.1,20.2
2020-06-09 11:10:00,-5,645016200,38.8,4.18,27.5,99.9,49.1,20.2,20.3
2020-06-09 11:20:00,-5,645016800,39.5,4.18,27.6,99.9,49.1,20.2,20.3
2020-06-09 11:30:00,-5,645017400,40.3,4.18,27.6,99.9,49.1,20.3,20.2
2020-06-09 11:40:00,-5,645018000,40.3,4.18,27.7,99.9,49.1,20.5,20.2
2020-06-09 11:50:00,-5,645018600,41.5,4.18,27.8,99.9,49.1,20.5,20.3
2020-06-09 12:00:00,-5,645019200,42.3,4.18,27.9,99.9,49.1,20.2,0.0
2020-06-09 12:10:00,-5,645019800,42.3,4.18,28.0,99.9,49.1,20.1,0.0
2020-06-09 12:20:00,-5,645020400,43.5,4.20,28.1,99.9,49.1,20.7,20.2
2020-06-09 12:30:00,-5,645021000,43.3,4.20,28.2,99.9,49.1,20.1,0.0
2020-06-09 12:40:00,-5,645021600,44.5,4.20,28.3,99.9,49.2,20.1,0.0
2020-06-09 12:50:00,-5,645022200,43.8,4.20,28.4,99.9,49.1,21.1,20.2
2020-06-09 13:00:00,-5,645022800,43.8,4.20,28.5,99.9,49.1,21.1,20.2
2020-06-09 13:10:00,-5,645023400,45.3,4.20,28.6,99.9,49.1,21.1,20.1
2020-06-09 13:20:00,-5,645024000,45.3,4.20,28.7,99.9,49.1,21.2,20.2
2020-06-09 13:30:00,-5,645024600,45.5,4.20,28.8,99.9,49.2,21.3,20.3
2020-06-09 13:40:00,-5,645025200,46.3,4.20,28.9,99.9,49.2,21.3,20.2
2020-06-09 13:50:00,-5,645025800,45.5,4.20,29.0,99.9,49.1,21.5,20.1
2020-06-09 14:00:00,-5,645026400,45.5,4.20,29.1,99.9,49.2,21.6,20.2
2020-06-09 14:10:00,-5,645027000,45.5,4.20,99.9,49.2,0.0,20.2,0.0
2020-06-09 14:20:00,-5,645027600,45.3,4.20,99.9,49.2,0.0,21.8,20.2
2020-06-09 14:30:00,-5,645028200,45.5,4.20,99.9,49.2,0.0,20.2,0.0
2020-06-09 14:40:00,-5,645028800,45.3,4.20,29.3,99.9,49.2,20.3,0.0
2020-06-09 14:50:00,-5,645029400,45.0,4.20,99.9,49.2,0.0,22.1,20.2
2020-06-09 15:00:00,-5,645030000,44.5,4.20,99.9,49.2,0.0,22.2,20.2
2020-06-09 15:10:00,-5,645030600,44.0,4.20,29.6,99.9,49.2,20.4,0.0
2020-06-09 15:20:00,-5,645031200,44.5,4.20,29.6,99.9,49.2,20.4,0.0
2020-06-09 15:30:00,-5,645031800,44.0,4.20,99.9,49.2,0.0,22.6,20.3
2020-06-09 15:40:00,-5,645032400,43.8,4.20,29.8,99.9,49.2,22.7,20.3
2020-06-09 15:50:00,-5,645033000,43.8,4.20,99.9,49.2,0.0,20.5,0.0
2020-06-09 16:00:00,-5,645033600,43.3,4.20,99.9,49.2,0.0,20.5,0.0
2020-06-09 16:10:00,-5,645034200,42.8,4.20,99.9,49.2,0.0,20.4,0.0
2020-06-09 16:20:00,-5,645034800,42.0,4.20,99.9,49.2,0.0,20.5,0.0
2020-06-09 16:30:00,-5,645035400,41.8,4.20,99.9,49.2,0.0,20.6,0.0
2020-06-09 16:40:00,-5,645036000,41.3,4.20,99.9,49.2,0.0,20.5,0.0
2020-06-09 16:50:00,-5,645036600,41.0,4.20,30.2,99.9,49.2,20.5,0.0
2020-06-09 17:00:00,-5,645037200,40.5,4.20,30.2,99.9,49.2,23.5,20.6
2020-06-09 17:10:00,-5,645037800,39.8,4.20,30.2,99.9,49.2,23.5,20.6
2020-06-09 17:20:00,-5,645038400,39.3,4.20,30.3,99.9,49.2,20.6,0.0
2020-06-09 17:30:00,-5,645039000,39.5,4.20,30.3,99.9,49.3,20.6,0.0
2020-06-09 17:40:00,-5,645039600,37.8,4.20,30.3,99.9,49.3,20.6,0.0
2020-06-09 17:50:00,-5,645040200,36.8,4.20,30.3,99.9,49.3,20.8,0.0
2020-06-09 18:00:00,-5,645040800,36.0,4.20,30.4,99.9,49.3,23.8,20.7
2020-06-09 18:10:00,-5,645041400,35.3,4.20,30.4,99.9,49.3,21.0,0.0
2020-06-09 18:20:00,-5,645042000,34.3,4.20,30.4,99.9,49.3,24.0,20.8
2020-06-09 18:30:00,-5,645042600,33.3,4.20,30.4,99.9,49.3,24.0,20.7
2020-06-09 18:40:00,-5,645043200,31.8,4.20,30.4,99.9,49.3,24.1,20.7
2020-06-09 18:50:00,-5,645043800,30.0,4.20,99.9,49.3,0.0,24.1,20.7
2020-06-09 19:00:00,-5,645044400,27.8,4.20,30.4,99.9,49.3,24.1,21.0
2020-06-09 19:10:00,-5,645045000,27.0,4.20,30.4,99.9,49.3,24.1,21.0
2020-06-09 19:20:00,-5,645045600,25.8,4.20,30.3,99.9,49.3,24.2,21.1
2020-06-09 19:30:00,-5,645046200,24.5,4.20,30.3,99.9,49.3,24.2,21.1
2020-06-09 19:40:00,-5,645046800,24.0,4.20,30.3,99.9,49.4,24.3,21.1
2020-06-09 19:50:00,-5,645047400,23.3,4.20,30.2,99.9,49.3,24.2,21.2
2020-06-09 20:00:00,-5,645048000,22.8,4.20,30.2,99.9,49.4,24.2,21.2
2020-06-09 20:10:00,-5,645048600,22.3,4.20,30.2,99.9,49.4,24.3,21.3
2020-06-09 20:20:00,-5,645049200,21.8,4.20,30.1,99.9,49.4,21.1,0.0
2020-06-09 20:30:00,-5,645049800,21.8,4.20,99.9,49.4,0.0,24.3,21.2
2020-06-09 20:40:00,-5,645050400,21.8,4.20,30.0,99.9,49.4,21.3,0.0
2020-06-09 20:50:00,-5,645051000,21.5,4.20,30.0,99.9,49.4,24.2,21.2
2020-06-09 21:00:00,-5,645051600,21.3,4.20,99.9,49.4,0.0,24.3,21.2
2020-06-09 21:10:00,-5,645052200,21.0,4.20,99.9,49.4,0.0,24.3,21.4
2020-06-09 21:20:00,-5,645052800,20.8,4.20,99.9,49.4,0.0,24.3,21.3
2020-06-09 21:30:00,-5,645053400,20.5,4.20,29.7,99.9,49.4,24.2,21.4
2020-06-09 21:40:00,-5,645054000,20.3,4.20,29.7,99.9,49.4,24.3,21.5
2020-06-09 21:50:00,-5,645054600,20.3,4.20,29.6,99.9,49.5,24.3,21.5
2020-06-09 22:00:00,-5,645055200,20.0,4.18,29.6,99.9,49.5,24.2,21.5
2020-06-09 22:10:00,-5,645055800,19.8,4.18,29.5,99.9,49.5,24.2,21.5
2020-06-09 22:20:00,-5,645056400,19.5,4.20,29.4,99.9,49.5,24.2,21.4
2020-06-09 22:30:00,-5,645057000,19.3,4.18,99.9,49.5,0.0,24.1,21.6
2020-06-09 22:40:00,-5,645057600,19.0,4.18,29.3,99.9,49.5,24.1,21.5
2020-06-09 22:50:00,-5,645058200,19.0,4.18,29.3,99.9,49.5,24.1,21.6
2020-06-09 23:00:00,-5,645058800,18.8,4.18,29.2,99.9,49.5,24.0,21.6
2020-06-09 23:10:00,-5,645059400,18.5,4.18,29.1,99.9,49.5,24.0,21.8
2020-06-09 23:20:00,-5,645060000,18.3,4.18,29.1,99.9,49.5,24.0,21.6
2020-06-09 23:30:00,-5,645060600,18.0,4.18,29.1,99.9,49.5,24.0,21.8
2020-06-09 23:40:00,-5,645061200,18.0,4.18,29.1,99.9,49.5,23.7,21.8
2020-06-09 23:50:00,-5,645061800,17.8,4.18,29.0,99.9,49.5,24.0,21.7
2020-06-10 00:00:00,-5,645062400,17.8,4.18,29.0,99.9,49.5,23.8,21.7
2020-06-10 00:10:00,-5,645063000,17.8,4.18,28.9,99.9,49.5,23.8,21.7
2020-06-10 00:20:00,-5,645063600,17.8,4.18,28.9,99.9,49.5,23.8,21.8
2020-06-10 00:30:00,-5,645064200,17.5,4.18,28.8,99.9,49.5,23.7,21.7
2020-06-10 00:40:00,-5,645064800,17.3,4.18,28.7,99.9,49.6,23.8,21.7
2020-06-10 00:50:00,-5,645065400,17.3,4.18,28.7,99.9,49.6,23.6,21.8
2020-06-10 01:00:00,-5,645066000,17.0,4.18,28.6,99.9,49.6,23.6,21.8
2020-06-10 01:10:00,-5,645066600,17.0,4.18,28.6,99.9,49.6,23.7,21.8
2020-06-10 01:20:00,-5,645067200,17.0,4.18,28.5,99.9,49.6,23.5,21.8
2020-06-10 01:30:00,-5,645067800,17.0,4.18,28.5,99.9,49.6,23.4,21.8
2020-06-10 01:40:00,-5,645068400,16.8,4.18,28.4,99.9,49.6,23.4,21.8
2020-06-10 01:50:00,-5,645069000,16.8,4.18,28.4,99.9,49.6,23.4,21.8
2020-06-10 02:00:00,-5,645069600,16.5,4.18,28.3,99.9,49.6,23.3,21.8
2020-06-10 02:10:00,-5,645070200,16.5,4.18,28.3,99.9,49.6,23.3,22.0
2020-06-10 02:20:00,-5,645070800,16.5,4.18,28.2,99.9,49.6,23.2,21.7
2020-06-10 02:30:00,-5,645071400,16.5,4.18,28.2,99.9,49.6,23.2,21.8
2020-06-10 02:40:00,-5,645072000,16.5,4.18,28.1,99.9,49.6,23.2,21.7
2020-06-10 02:50:00,-5,645072600,16.5,4.18,28.1,99.9,49.6,23.2,21.8
2020-06-10 03:00:00,-5,645073200,16.5,4.18,28.0,99.9,49.6,23.3,22.0
2020-06-10 03:10:00,-5,645073800,16.5,4.18,28.0,99.9,49.6,23.2,22.0
2020-06-10 03:20:00,-5,645074400,16.3,4.18,27.9,99.9,49.6,23.1,21.8
2020-06-10 03:30:00,-5,645075000,16.0,4.18,27.9,99.9,49.6,23.0,21.8
2020-06-10 03:40:00,-5,645075600,16.0,4.18,27.8,99.9,49.6,23.1,21.8
2020-06-10 03:50:00,-5,645076200,15.8,4.18,27.8,99.9,49.6,22.8,21.8
2020-06-10 04:00:00,-5,645076800,15.8,4.18,27.8,99.9,49.6,22.7,22.0
2020-06-10 04:10:00,-5,645077400,15.8,4.18,27.7,99.9,49.6,22.8,21.8
2020-06-10 04:20:00,-5,645078000,16.3,4.18,27.7,99.9,49.6,22.6,21.7
2020-06-10 04:30:00,-5,645078600,16.3,4.18,27.6,99.9,49.6,22.7,21.8
2020-06-10 04:40:00,-5,645079200,16.3,4.18,27.6,99.9,49.6,22.6,21.8
2020-06-10 04:50:00,-5,645079800,16.3,4.18,27.5,99.9,49.6,22.7,21.8
2020-06-10 05:00:00,-5,645080400,16.0,4.18,27.5,99.9,49.6,22.5,21.8
2020-06-10 05:10:00,-5,645081000,16.0,4.18,27.5,99.9,49.6,22.5,21.8
2020-06-10 05:20:00,-5,645081600,16.3,4.18,27.4,99.9,49.6,22.4,21.8
2020-06-10 05:30:00,-5,645082200,16.3,4.18,27.4,99.9,49.6,22.4,21.6
2020-06-10 05:40:00,-5,645082800,16.5,4.18,27.4,99.9,49.7,22.3,21.6
2020-06-10 05:50:00,-5,645083400,16.8,4.18,27.3,99.9,49.7,22.1,21.7
2020-06-10 06:00:00,-5,645084000,16.8,4.18,27.3,99.9,49.7,22.1,21.6
2020-06-10 06:10:00,-5,645084600,17.0,4.18,27.3,99.9,49.7,22.0,21.8
2020-06-10 06:20:00,-5,645085200,18.0,4.18,27.2,99.9,49.7,22.0,21.6
2020-06-10 06:30:00,-5,645085800,18.3,4.18,27.2,99.9,49.7,22.2,21.6
2020-06-10 06:40:00,-5,645086400,18.5,4.18,27.2,99.9,49.7,22.0,21.6
2020-06-10 06:50:00,-5,645087000,19.0,4.18,27.2,99.9,49.7,22.0,21.5
2020-06-10 07:00:00,-5,645087600,21.5,4.18,27.1,99.9,49.7,22.0,21.5
2020-06-10 07:10:00,-5,645088200,23.0,4.18,27.1,99.9,49.7,21.7,21.5
2020-06-10 07:20:00,-5,645088800,24.8,4.18,27.1,99.9,49.7,22.1,21.6
2020-06-10 07:30:00,-5,645089400,26.0,4.20,27.1,99.9,49.7,22.0,21.6
2020-06-10 07:40:00,-5,645090000,27.3,4.20,27.0,99.9,49.7,22.1,21.4
2020-06-10 07:50:00,-5,645090600,28.3,4.20,27.0,99.9,49.7,21.8,21.6
2020-06-10 08:00:00,-5,645091200,29.3,4.20,27.0,99.9,49.7,21.8,21.6
2020-06-10 08:10:00,-5,645091800,30.0,4.20,27.0,99.9,49.7,21.7,21.6
2020-06-10 08:20:00,-5,645092400,29.5,4.20,27.0,99.9,49.7,21.8,21.6
2020-06-10 08:30:00,-5,645093000,29.8,4.20,27.0,99.9,49.7,21.6,21.5
2020-06-10 08:40:00,-5,645093600,30.5,4.20,27.0,99.9,49.7,21.7,21.4
2020-06-10 08:50:00,-5,645094200,31.3,4.20,27.0,99.9,49.7,21.7,21.5
2020-06-10 09:00:00,-5,645094800,32.3,4.20,27.0,99.9,49.7,21.6,21.4
2020-06-10 09:10:00,-5,645095400,33.3,4.20,27.1,99.9,49.7,21.6,21.5
2020-06-10 09:20:00,-5,645096000,34.0,4.20,27.1,99.9,49.7,21.8,21.5
2020-06-10 09:30:00,-5,645096600,34.0,4.20,27.1,99.9,49.7,21.7,21.4
2020-06-10 09:40:00,-5,645097200,34.3,4.20,27.2,99.9,49.7,21.7,21.3
2020-06-10 09:50:00,-5,645097800,35.0,4.20,27.2,99.9,49.7,21.7,21.3
2020-06-10 10:00:00,-5,645098400,36.0,4.20,27.3,99.9,49.7,21.7,21.3
2020-06-10 10:10:00,-5,645099000,37.0,4.20,27.3,99.9,49.7,21.7,21.3
2020-06-10 10:20:00,-5,645099600,38.0,4.20,27.4,99.9,49.7,21.7,21.2
2020-06-10 10:30:00,-5,645100200,39.3,4.20,27.5,99.9,49.7,21.8,21.3
2020-06-10 10:40:00,-5,645100800,38.8,4.20,27.5,99.9,49.7,22.0,21.3
2020-06-10 10:50:00,-5,645101400,39.0,4.20,27.6,99.9,49.7,21.8,21.3
2020-06-10 11:00:00,-5,645102000,39.8,4.20,27.7,99.9,49.7,21.7,21.2
2020-06-10 11:10:00,-5,645102600,40.5,4.20,27.7,99.9,49.7,22.0,21.2
2020-06-10 11:20:00,-5,645103200,39.8,4.20,27.8,99.9,49.7,22.0,21.2
2020-06-10 11:30:00,-5,645103800,40.8,4.20,27.9,99.9,49.7,22.1,21.3
2020-06-10 11:40:00,-5,645104400,42.3,4.20,99.9,49.7,0.0,22.2,21.2
2020-06-10 11:50:00,-5,645105000,41.5,4.20,28.1,99.9,49.7,22.3,21.3
2020-06-10 12:00:00,-5,645105600,43.0,4.20,28.2,99.9,49.7,22.5,21.2
2020-06-10 12:10:00,-5,645106200,42.0,4.20,28.2,99.9,49.7,22.5,21.2
2020-06-10 12:20:00,-5,645106800,41.8,4.20,28.3,99.9,49.7,22.5,21.2
2020-06-10 12:30:00,-5,645107400,41.8,4.20,28.4,99.9,49.7,22.7,21.3
2020-06-10 12:40:00,-5,645108000,42.5,4.20,28.5,99.9,49.7,22.7,21.3
2020-06-10 12:50:00,-5,645108600,44.5,4.20,99.9,49.7,0.0,21.2,0.0
2020-06-10 13:00:00,-5,645109200,41.3,4.20,99.9,49.7,0.0,23.1,21.1
2020-06-10 13:10:00,-5,645109800,42.8,4.20,28.8,99.9,49.7,23.2,21.3
2020-06-10 13:20:00,-5,645110400,43.3,4.20,28.9,99.9,49.7,23.1,21.2
2020-06-10 13:30:00,-5,645111000,45.0,4.20,99.9,49.7,0.0,23.1,21.2
2020-06-10 13:40:00,-5,645111600,45.3,4.20,29.0,99.9,49.7,23.2,21.3
2020-06-10 13:50:00,-5,645112200,46.0,4.20,29.1,99.9,49.7,23.2,21.3
2020-06-10 14:00:00,-5,645112800,41.3,4.20,99.9,49.7,0.0,23.5,21.3
2020-06-10 14:10:00,-5,645113400,41.5,4.20,29.2,99.9,49.7,23.5,21.4
2020-06-10 14:20:00,-5,645114000,38.0,4.20,99.9,49.7,0.0,23.6,21.4
2020-06-10 14:30:00,-5,645114600,44.5,4.20,99.9,49.7,0.0,23.7,21.4
2020-06-10 14:40:00,-5,645115200,43.5,4.21,29.4,99.9,49.7,23.8,21.5
2020-06-10 14:50:00,-5,645115800,44.3,4.21,29.4,99.9,49.8,23.7,21.5
2020-06-10 15:00:00,-5,645116400,44.0,4.21,99.9,49.8,0.0,23.8,21.4
2020-06-10 15:10:00,-5,645117000,43.0,4.21,99.9,49.8,0.0,24.1,21.4
2020-06-10 15:20:00,-5,645117600,42.3,4.21,99.9,49.8,0.0,21.5,0.0
2020-06-10 15:30:00,-5,645118200,42.8,4.21,99.9,49.8,0.0,24.2,21.5
2020-06-10 15:40:00,-5,645118800,43.3,4.21,99.9,49.8,0.0,24.2,21.5
2020-06-10 15:50:00,-5,645119400,44.0,4.21,99.9,49.8,0.0,24.2,21.5
2020-06-10 16:00:00,-5,645120000,44.0,4.21,99.9,49.8,0.0,24.3,21.6
2020-06-10 16:10:00,-5,645120600,43.5,4.21,99.9,49.8,0.0,24.3,21.5
2020-06-10 16:20:00,-5,645121200,42.8,4.21,99.9,49.8,0.0,24.5,21.7
2020-06-10 16:30:00,-5,645121800,42.3,4.21,99.9,49.8,0.0,24.6,21.6
2020-06-10 16:40:00,-5,645122400,41.8,4.21,30.0,99.9,49.8,24.7,21.6
2020-06-10 16:50:00,-5,645123000,41.3,4.21,30.1,99.9,49.8,24.6,21.8
2020-06-10 17:00:00,-5,645123600,38.8,4.21,30.1,99.9,49.8,25.1,21.8
2020-06-10 17:10:00,-5,645124200,36.8,4.21,30.1,99.9,49.8,21.7,0.0
2020-06-10 17:20:00,-5,645124800,35.0,4.21,99.9,49.8,0.0,24.7,21.8
2020-06-10 17:30:00,-5,645125400,34.5,4.21,30.1,99.9,49.8,25.0,22.0
2020-06-10 17:40:00,-5,645126000,35.5,4.21,99.9,49.9,0.0,25.1,21.8
2020-06-10 17:50:00,-5,645126600,34.3,4.21,30.2,99.9,49.9,25.3,21.8
2020-06-10 18:00:00,-5,645127200,33.0,4.21,30.2,99.9,49.9,22.0,0.0
2020-06-10 18:10:00,-5,645127800,31.0,4.20,30.2,99.9,49.9,25.5,22.0
2020-06-10 18:20:00,-5,645128400,29.8,4.20,30.2,99.9,49.9,22.0,0.0
2020-06-10 18:30:00,-5,645129000,28.8,4.20,99.9,49.9,0.0,25.5,22.1
2020-06-10 18:40:00,-5,645129600,28.3,4.20,99.9,49.9,0.0,25.5,22.1
2020-06-10 18:50:00,-5,645130200,28.0,4.20,30.1,99.9,49.9,25.6,22.1
2020-06-10 19:00:00,-5,645130800,27.5,4.20,30.1,99.9,49.9,25.7,22.1
2020-06-10 19:10:00,-5,645131400,27.3,4.20,30.1,99.9,49.9,25.7,22.1
2020-06-10 19:20:00,-5,645132000,27.0,4.20,30.0,99.9,49.9,25.8,22.1
2020-06-10 19:30:00,-5,645132600,26.8,4.20,30.0,99.9,49.9,25.6,22.1
2020-06-10 19:40:00,-5,645133200,26.5,4.20,99.9,49.9,0.0,25.7,22.2
2020-06-10 19:50:00,-5,645133800,26.3,4.20,99.9,49.9,0.0,25.7,22.2
2020-06-10 20:00:00,-5,645134400,26.5,4.20,99.9,49.9,0.0,25.7,22.3
2020-06-10 20:10:00,-5,645135000,26.5,4.20,29.8,99.9,50.0,25.8,22.3
2020-06-10 20:20:00,-5,645135600,26.3,4.20,29.7,99.9,50.0,25.7,22.3
2020-06-10 20:30:00,-5,645136200,26.3,4.20,29.7,99.9,50.0,25.6,22.3
2020-06-10 20:40:00,-5,645136800,26.0,4.20,29.6,99.9,50.0,25.6,22.3
2020-06-10 20:50:00,-5,645137400,26.3,4.20,29.6,99.9,50.0,25.5,22.4
2020-06-10 21:00:00,-5,645138000,26.3,4.20,29.5,99.9,50.0,25.6,22.3
2020-06-10 21:10:00,-5,645138600,26.3,4.20,29.4,99.9,50.0,25.5,22.4
2020-06-10 21:20:00,-5,645139200,26.0,4.20,29.3,99.9,50.0,25.6,22.5
2020-06-10 21:30:00,-5,645139800,26.0,4.20,29.3,99.9,50.0,25.5,22.5
2020-06-10 21:40:00,-5,645140400,25.8,4.20,29.2,99.9,50.0,25.5,22.4
2020-06-10 21:50:00,-5,645141000,25.8,4.20,29.2,99.9,50.0,25.6,22.5
2020-06-10 22:00:00,-5,645141600,25.8,4.20,29.1,99.9,50.0,25.6,22.5
2020-06-10 22:10:00,-5,645142200,25.8,4.20,29.1,99.9,50.0,25.4,22.5
2020-06-10 22:20:00,-5,645142800,25.5,4.20,99.9,50.0,0.0,25.3,22.5
2020-06-10 22:30:00,-5,645143400,25.5,4.20,29.1,99.9,50.0,25.4,22.5
2020-06-10 22:40:00,-5,645144000,25.3,4.20,29.1,99.9,50.0,25.4,22.5
2020-06-10 22:50:00,-5,645144600,25.3,4.20,29.0,99.9,50.0,25.4,22.5
2020-06-10 23:00:00,-5,645145200,25.5,4.20,29.0,99.9,50.0,25.3,22.6
2020-06-10 23:10:00,-5,645145800,25.3,4.20,28.9,99.9,50.0,25.3,22.6
2020-06-10 23:20:00,-5,645146400,25.3,4.20,28.9,99.9,50.0,25.3,22.6
2020-06-10 23:30:00,-5,645147000,25.5,4.20,99.9,50.0,0.0,25.2,22.5
2020-06-10 23:40:00,-5,645147600,25.5,4.20,99.9,50.0,0.0,25.1,22.7
2020-06-10 23:50:00,-5,645148200,25.5,4.20,99.9,50.0,0.0,25.2,22.6
2020-06-11 00:00:00,-5,645148800,25.8,4.20,28.7,99.9,50.0,25.1,22.6
2020-06-11 00:10:00,-5,645149400,25.5,4.20,99.9,50.0,0.0,25.0,22.6
2020-06-11 00:20:00,-5,645150000,25.5,4.20,28.6,99.9,50.0,24.7,22.6
2020-06-11 00:30:00,-5,645150600,25.3,4.20,28.6,99.9,50.0,24.8,22.5
2020-06-11 00:40:00,-5,645151200,25.0,4.20,28.6,99.9,50.0,25.0,22.6
2020-06-11 00:50:00,-5,645151800,25.3,4.20,99.9,50.0,0.0,24.7,22.6
2020-06-11 01:00:00,-5,645152400,25.0,4.20,99.9,50.0,0.0,25.1,22.7
2020-06-11 01:10:00,-5,645153000,24.3,4.20,28.4,99.9,50.0,24.7,22.6
2020-06-11 01:20:00,-5,645153600,24.0,4.20,99.9,50.1,0.0,24.7,22.7
2020-06-11 01:30:00,-5,645154200,24.3,4.20,28.4,99.9,50.1,24.8,22.7
2020-06-11 01:40:00,-5,645154800,24.3,4.20,99.9,50.1,0.0,24.6,22.6
2020-06-11 01:50:00,-5,645155400,24.0,4.20,28.3,99.9,50.0,24.7,22.6
2020-06-11 02:00:00,-5,645156000,23.3,4.20,28.3,99.9,50.0,24.6,22.6
2020-06-11 02:10:00,-5,645156600,23.3,4.20,28.3,99.9,50.0,24.5,22.6
2020-06-11 02:20:00,-5,645157200,23.3,4.20,28.3,99.9,50.0,24.5,22.7
2020-06-11 02:30:00,-5,645157800,23.0,4.20,28.2,99.9,50.0,24.5,22.7
2020-06-11 02:40:00,-5,645158400,23.0,4.20,28.2,99.9,50.0,24.5,22.7
2020-06-11 02:50:00,-5,645159000,23.0,4.20,99.9,50.0,0.0,24.6,22.7
2020-06-11 03:00:00,-5,645159600,22.8,4.20,28.1,99.9,50.0,24.5,22.8
2020-06-11 03:10:00,-5,645160200,22.8,4.20,28.1,99.9,50.0,24.5,22.7
2020-06-11 03:20:00,-5,645160800,22.8,4.20,28.1,99.9,50.1,24.4,22.7
2020-06-11 03:30:00,-5,645161400,22.8,4.20,28.1,99.9,50.1,24.4,22.7
2020-06-11 03:40:00,-5,645162000,22.8,4.20,28.1,99.9,50.1,24.5,22.6
2020-06-11 03:50:00,-5,645162600,22.8,4.20,28.0,99.9,50.1,24.3,22.7
2020-06-11 04:00:00,-5,645163200,22.8,4.20,28.0,99.9,50.1,24.3,22.7
2020-06-11 04:10:00,-5,645163800,22.8,4.20,99.9,50.1,0.0,24.3,22.7
2020-06-11 04:20:00,-5,645164400,22.8,4.20,99.9,50.1,0.0,24.3,22.7
2020-06-11 04:30:00,-5,645165000,22.8,4.20,27.9,99.9,50.1,24.3,22.7
2020-06-11 04:40:00,-5,645165600,22.5,4.20,27.9,99.9,50.1,24.3,22.7
2020-06-11 04:50:00,-5,645166200,22.5,4.20,27.9,99.9,50.1,24.2,22.8
2020-06-11 05:00:00,-5,645166800,22.5,4.20,99.9,50.1,0.0,24.2,22.7
2020-06-11 05:10:00,-5,645167400,22.5,4.20,27.9,99.9,50.1,24.1,22.7
2020-06-11 05:20:00,-5,645168000,22.5,4.20,99.9,50.1,0.0,24.2,22.7
2020-06-11 05:30:00,-5,645168600,22.5,4.20,27.8,99.9,50.1,24.2,22.8
2020-06-11 05:40:00,-5,645169200,22.5,4.20,27.8,99.9,50.1,24.2,22.7
2020-06-11 05:50:00,-5,645169800,22.5,4.20,27.8,99.9,50.1,24.1,22.6
2020-06-11 06:00:00,-5,645170400,22.8,4.20,27.8,99.9,50.1,24.1,22.6
2020-06-11 06:10:00,-5,645171000,23.0,4.20,27.8,99.9,50.1,24.1,22.6
2020-06-11 06:20:00,-5,645171600,23.0,4.20,27.8,99.9,50.1,24.1,22.7
2020-06-11 06:30:00,-5,645172200,23.0,4.20,99.9,50.1,0.0,24.1,22.7
2020-06-11 06:40:00,-5,645172800,23.0,4.20,27.7,99.9,50.1,24.0,22.6
2020-06-11 06:50:00,-5,645173400,23.0,4.20,27.7,99.9,50.1,24.0,22.6
2020-06-11 07:00:00,-5,645174000,23.0,4.20,99.9,50.1,0.0,24.1,22.7
2020-06-11 07:10:00,-5,645174600,23.3,4.20,99.9,50.1,0.0,23.8,22.6
2020-06-11 07:20:00,-5,645175200,23.8,4.20,27.7,99.9,50.2,24.1,22.7
2020-06-11 07:30:00,-5,645175800,23.8,4.20,27.7,99.9,50.1,23.7,22.6
2020-06-11 07:40:00,-5,645176400,24.5,4.20,27.7,99.9,50.1,24.1,22.6
2020-06-11 07:50:00,-5,645177000,24.8,4.20,27.7,99.9,50.1,24.1,22.6
2020-06-11 08:00:00,-5,645177600,23.8,4.20,27.7,99.9,50.1,23.8,22.6
2020-06-11 08:10:00,-5,645178200,23.3,4.20,27.7,99.9,50.1,23.7,22.6
2020-06-11 08:20:00,-5,645178800,22.8,4.20,27.7,99.9,50.1,23.8,22.6
2020-06-11 08:30:00,-5,645179400,22.5,4.20,27.7,99.9,50.1,23.8,22.6
2020-06-11 08:40:00,-5,645180000,22.8,4.20,27.7,99.9,50.1,23.8,22.6
2020-06-11 08:50:00,-5,645180600,23.3,4.20,27.7,99.9,50.1,23.8,22.6
2020-06-11 09:00:00,-5,645181200,23.8,4.20,99.9,50.1,0.0,23.7,22.6
2020-06-11 09:10:00,-5,645181800,26.5,4.20,27.7,99.9,50.1,23.7,22.6
2020-06-11 09:20:00,-5,645182400,27.5,4.20,27.7,99.9,50.2,23.7,22.6
2020-06-11 09:30:00,-5,645183000,27.3,4.20,27.7,99.9,50.2,23.7,22.6
2020-06-11 09:40:00,-5,645183600,27.8,4.20,27.7,99.9,50.2,23.7,22.6
2020-06-11 09:50:00,-5,645184200,28.5,4.20,27.7,99.9,50.2,23.7,22.6
2020-06-11 10:00:00,-5,645184800,29.0,4.20,27.7,99.9,50.2,23.6,22.6
2020-06-11 10:10:00,-5,645185400,31.0,4.20,27.7,99.9,50.2,23.7,22.6
2020-06-11 10:20:00,-5,645186000,34.0,4.20,27.7,99.9,50.2,23.7,22.6
2020-06-11 10:30:00,-5,645186600,30.5,4.20,99.9,50.2,0.0,23.7,22.6
2020-06-11 10:40:00,-5,645187200,28.3,4.20,27.8,99.9,50.2,23.7,22.6
2020-06-11 10:50:00,-5,645187800,27.3,4.20,27.8,99.9,50.2,23.7,22.6
2020-06-11 11:00:00,-5,645188400,27.3,4.20,27.9,99.9,50.2,23.6,22.6
2020-06-11 11:10:00,-5,645189000,26.0,4.20,27.9,99.9,50.2,23.7,22.5
2020-06-11 11:20:00,-5,645189600,25.0,4.20,27.9,99.9,50.2,23.7,22.5
2020-06-11 11:30:00,-5,645190200,23.3,4.20,28.0,99.9,50.1,23.7,22.6
2020-06-11 11:40:00,-5,645190800,22.8,4.20,31.0,99.9,50.3,23.6,22.5
2020-06-11 11:50:00,-5,645191400,22.5,4.20,99.9,50.3,0.0,23.7,22.5
2020-06-11 12:00:00,-5,645192000,22.8,4.20,99.9,50.3,0.0,23.6,22.5
2020-06-11 12:10:00,-5,645192600,23.8,4.20,99.9,50.4,0.0,23.7,22.5
2020-06-11 12:20:00,-5,645193200,26.3,4.20,32.0,99.9,50.4,23.8,22.6
2020-06-11 12:30:00,-5,645193800,27.5,4.20,32.1,99.9,50.4,23.7,22.5
2020-06-11 12:40:00,-5,645194400,29.0,4.20,99.9,50.4,0.0,23.8,22.5
2020-06-11 12:50:00,-5,645195000,33.3,4.20,32.1,99.9,50.4,23.8,22.5
2020-06-11 13:00:00,-5,645195600,36.3,4.21,32.1,99.9,50.4,23.7,22.5
2020-06-11 13:10:00,-5,645196200,40.8,4.21,99.9,50.4,0.0,23.7,22.5
2020-06-11 13:20:00,-5,645196800,39.5,4.21,99.9,50.4,0.0,23.7,22.6
2020-06-11 13:30:00,-5,645197400,37.0,4.21,99.9,50.4,0.0,23.8,22.5
2020-06-11 13:40:00,-5,645198000,36.8,4.21,32.2,99.9,50.4,23.8,22.5
2020-06-11 13:50:00,-5,645198600,36.0,4.21,99.9,50.5,0.0,23.7,22.6
2020-06-11 14:00:00,-5,645199200,34.5,4.21,32.3,99.9,50.5,23.7,22.5
2020-06-11 14:10:00,-5,645199800,33.3,4.21,32.4,99.9,50.5,24.1,22.5
2020-06-11 14:20:00,-5,645200400,32.3,4.21,32.4,99.9,50.5,24.1,22.5
2020-06-11 14:30:00,-5,645201000,32.3,4.21,32.5,99.9,50.5,23.7,22.5
2020-06-11 14:40:00,-5,645201600,32.3,4.21,32.6,99.9,50.5,23.8,22.5
2020-06-11 14:50:00,-5,645202200,31.8,4.21,99.9,50.5,0.0,24.0,22.5
2020-06-11 15:00:00,-5,645202800,32.5,4.21,99.9,50.5,0.0,24.0,22.6
2020-06-11 15:10:00,-5,645203400,32.5,4.21,32.7,99.9,50.5,24.0,22.5
2020-06-11 15:20:00,-5,645204000,35.0,4.21,99.9,50.5,0.0,24.1,22.5
2020-06-11 15:30:00,-5,645204600,42.0,4.21,32.8,99.9,50.5,24.1,22.5
2020-06-11 15:40:00,-5,645205200,43.0,4.21,99.9,50.5,0.0,24.1,22.6
2020-06-11 15:50:00,-5,645205800,36.8,4.21,99.9,50.5,0.0,24.1,22.6
2020-06-11 16:00:00,-5,645206400,34.8,4.21,99.9,50.5,0.0,24.1,22.5
2020-06-11 16:10:00,-5,645207000,33.0,4.21,32.9,99.9,50.6,24.1,22.6
2020-06-11 16:20:00,-5,645207600,32.0,4.21,32.9,99.9,50.6,24.1,22.5
2020-06-11 16:30:00,-5,645208200,31.3,4.21,99.9,50.6,0.0,24.1,22.5
2020-06-11 16:40:00,-5,645208800,31.3,4.21,32.9,99.9,50.6,24.2,22.6
2020-06-11 16:50:00,-5,645209400,32.8,4.21,99.9,50.6,0.0,24.2,22.5
2020-06-11 17:00:00,-5,645210000,32.5,4.21,99.9,50.6,0.0,24.3,22.5
2020-06-11 17:10:00,-5,645210600,31.0,4.21,33.0,99.9,50.6,24.3,22.5
2020-06-11 17:20:00,-5,645211200,29.8,4.21,33.0,99.9,50.6,24.3,22.5
2020-06-11 17:30:00,-5,645211800,29.0,4.21,33.0,99.9,50.6,24.4,22.5
2020-06-11 17:40:00,-5,645212400,28.3,4.21,33.0,99.9,50.6,24.3,22.6
2020-06-11 17:50:00,-5,645213000,27.8,4.21,33.0,99.9,50.6,24.4,22.6
2020-06-11 18:00:00,-5,645213600,27.0,4.21,99.9,50.6,0.0,24.3,22.6
2020-06-11 18:10:00,-5,645214200,26.5,4.21,33.0,99.9,50.6,24.5,22.5
2020-06-11 18:20:00,-5,645214800,26.3,4.21,33.0,99.9,50.6,24.4,22.6
2020-06-11 18:30:00,-5,645215400,25.8,4.21,99.9,50.6,0.0,24.5,22.6
2020-06-11 18:40:00,-5,645216000,25.5,4.21,33.0,99.9,50.6,24.5,22.6
2020-06-11 18:50:00,-5,645216600,26.0,4.21,33.0,99.9,50.6,24.4,22.6
2020-06-11 19:00:00,-5,645217200,26.3,4.21,32.9,99.9,50.7,24.5,22.6
2020-06-11 19:10:00,-5,645217800,26.5,4.21,32.9,99.9,50.7,24.5,22.6
2020-06-11 19:20:00,-5,645218400,26.5,4.21,99.9,50.7,0.0,24.5,22.6
2020-06-11 19:30:00,-5,645219000,25.3,4.21,32.9,99.9,50.7,24.5,22.7
2020-06-11 19:40:00,-5,645219600,24.3,4.21,32.9,99.9,50.7,24.6,22.6
2020-06-11 19:50:00,-5,645220200,23.8,4.21,99.9,50.7,0.0,24.5,22.7
2020-06-11 20:00:00,-5,645220800,23.5,4.21,32.9,99.9,50.7,24.5,22.7
2020-06-11 20:10:00,-5,645221400,23.0,4.20,32.8,99.9,50.7,24.5,22.6
2020-06-11 20:20:00,-5,645222000,22.8,4.20,32.8,99.9,50.7,24.5,22.7
2020-06-11 20:30:00,-5,645222600,22.5,4.20,99.9,50.7,0.0,24.3,22.7
2020-06-11 20:40:00,-5,645223200,22.5,4.20,32.8,99.9,50.7,24.5,22.7
2020-06-11 20:50:00,-5,645223800,22.3,4.20,99.9,50.7,0.0,24.5,22.7
2020-06-11 21:00:00,-5,645224400,22.0,4.20,32.8,99.9,50.7,24.5,22.7
2020-06-11 21:10:00,-5,645225000,21.5,4.20,99.9,50.7,0.0,24.5,22.7
2020-06-11 21:20:00,-5,645225600,21.5,4.20,32.7,99.9,50.7,24.4,22.7
2020-06-11 21:30:00,-5,645226200,21.3,4.20,99.9,50.7,0.0,24.5,22.7
2020-06-11 21:40:00,-5,645226800,21.3,4.20,99.9,50.7,0.0,24.5,22.7
2020-06-11 21:50:00,-5,645227400,21.0,4.20,99.9,50.7,0.0,24.5,22.8
2020-06-11 22:00:00,-5,645228000,20.8,4.20,99.9,50.7,0.0,24.3,22.7
2020-06-11 22:10:00,-5,645228600,20.8,4.20,99.9,50.8,0.0,24.3,22.7
2020-06-11 22:20:00,-5,645229200,20.5,4.20,32.5,99.9,50.8,24.4,22.7
2020-06-11 22:30:00,-5,645229800,20.3,4.20,32.5,99.9,50.8,24.3,22.8
2020-06-11 22:40:00,-5,645230400,20.0,4.20,32.5,99.9,50.8,24.3,22.8
2020-06-11 22:50:00,-5,645231000,19.5,4.20,99.9,50.8,0.0,24.3,22.7
2020-06-11 23:00:00,-5,645231600,19.0,4.20,32.4,99.9,50.8,24.3,22.7
2020-06-11 23:10:00,-5,645232200,18.8,4.20,32.4,99.9,50.8,24.3,22.8
2020-06-11 23:20:00,-5,645232800,19.3,4.20,32.4,99.9,50.8,24.2,22.8
2020-06-11 23:30:00,-5,645233400,20.0,4.20,32.3,99.9,50.8,24.3,22.8
2020-06-11 23:40:00,-5,645234000,20.5,4.20,32.3,99.9,50.8,24.1,22.8
2020-06-11 23:50:00,-5,645234600,20.5,4.20,32.3,99.9,50.8,24.2,22.8
2020-06-12 00:00:00,-5,645235200,20.5,4.20,32.2,99.9,50.8,24.2,22.8
2020-06-12 00:10:00,-5,645235800,20.0,4.20,32.2,99.9,50.8,24.2,22.8
2020-06-12 00:20:00,-5,645236400,19.8,4.20,99.9,50.8,0.0,24.1,22.8
2020-06-12 00:30:00,-5,645237000,19.3,4.20,99.9,50.8,0.0,24.0,22.7
2020-06-12 00:40:00,-5,645237600,18.5,4.20,99.9,50.8,0.0,24.1,22.8
2020-06-12 00:50:00,-5,645238200,18.8,4.20,32.1,99.9,50.8,24.0,22.7
2020-06-12 01:00:00,-5,645238800,18.8,4.20,32.1,99.9,50.8,24.0,22.8
2020-06-12 01:10:00,-5,645239400,18.8,4.20,32.1,99.9,50.8,24.1,22.8
2020-06-12 01:20:00,-5,645240000,18.5,4.20,32.0,99.9,50.8,23.7,22.8
2020-06-12 01:30:00,-5,645240600,18.5,4.20,99.9,50.8,0.0,23.8,22.8
2020-06-12 01:40:00,-5,645241200,18.3,4.20,32.0,99.9,50.8,23.8,22.8
2020-06-12 01:50:00,-5,645241800,17.8,4.20,32.0,99.9,50.8,23.7,22.8
2020-06-12 02:00:00,-5,645242400,17.5,4.20,31.9,99.9,50.8,23.8,22.8
2020-06-12 02:10:00,-5,645243000,17.0,4.20,99.9,50.9,0.0,23.7,22.8
2020-06-12 02:20:00,-5,645243600,16.8,4.20,99.9,50.9,0.0,23.6,22.7
2020-06-12 02:30:00,-5,645244200,17.0,4.20,31.8,99.9,50.9,23.7,22.8
2020-06-12 02:40:00,-5,645244800,17.5,4.20,99.9,50.9,0.0,23.6,22.7
2020-06-12 02:50:00,-5,645245400,17.3,4.20,31.8,99.9,50.9,23.6,22.8
2020-06-12 03:00:00,-5,645246000,16.5,4.20,31.8,99.9,50.9,23.6,22.7
2020-06-12 03:10:00,-5,645246600,16.0,4.20,31.7,99.9,50.9,23.5,22.7
2020-06-12 03:20:00,-5,645247200,15.8,4.20,99.9,50.9,0.0,23.4,22.7
2020-06-12 03:30:00,-5,645247800,15.5,4.20,99.9,50.9,0.0,23.5,22.7
2020-06-12 03:40:00,-5,645248400,15.3,4.20,31.6,99.9,50.9,23.3,22.7
2020-06-12 03:50:00,-5,645249000,15.0,4.20,31.6,99.9,50.9,23.4,22.7
2020-06-12 04:00:00,-5,645249600,15.3,4.20,31.6,99.9,50.9,23.3,22.7
2020-06-12 04:10:00,-5,645250200,15.8,4.20,31.5,99.9,50.9,23.3,22.7
2020-06-12 04:20:00,-5,645250800,15.8,4.20,31.5,99.9,50.9,23.2,22.7
2020-06-12 04:30:00,-5,645251400,15.8,4.20,31.5,99.9,50.9,23.3,22.6
2020-06-12 04:40:00,-5,645252000,15.8,4.20,31.4,99.9,50.9,23.1,22.6
2020-06-12 04:50:00,-5,645252600,16.0,4.20,31.3,99.9,50.9,23.1,22.7
2020-06-12 05:00:00,-5,645253200,16.3,4.20,31.3,99.9,50.9,23.1,22.6
2020-06-12 05:10:00,-5,645253800,17.0,4.20,31.2,99.9,50.9,23.2,22.6
2020-06-12 05:20:00,-5,645254400,17.5,4.20,31.2,99.9,50.9,23.0,22.6
2020-06-12 05:30:00,-5,645255000,17.3,4.20,31.1,99.9,50.9,23.0,22.6
2020-06-12 05:40:00,-5,645255600,17.3,4.20,31.1,99.9,50.9,23.1,22.6
2020-06-12 05:50:00,-5,645256200,17.5,4.20,31.1,99.9,50.9,23.1,22.6
2020-06-12 06:00:00,-5,645256800,17.8,4.20,31.0,99.9,50.9,22.8,22.6
2020-06-12 06:10:00,-5,645257400,18.0,4.20,31.0,99.9,50.9,22.8,22.6
2020-06-12 06:20:00,-5,645258000,18.3,4.20,31.0,99.9,50.9,22.8,22.5
2020-06-12 06:30:00,-5,645258600,18.5,4.20,99.9,50.9,0.0,22.6,22.5
2020-06-12 06:40:00,-5,645259200,18.8,4.20,30.9,99.9,50.9,22.5,22.5
2020-06-12 06:50:00,-5,645259800,21.0,4.20,30.9,99.9,50.9,22.5,22.5
2020-06-12 07:00:00,-5,645260400,23.3,4.20,30.9,99.9,50.9,22.6,22.5
2020-06-12 07:10:00,-5,645261000,24.5,4.20,30.8,99.9,50.9,22.5,22.5
2020-06-12 07:20:00,-5,645261600,25.5,4.20,99.9,50.9,0.0,22.3,22.5
2020-06-12 07:30:00,-5,645262200,26.0,4.20,30.8,99.9,50.9,22.4,22.4
2020-06-12 07:40:00,-5,645262800,26.3,4.20,30.8,99.9,50.9,22.2,22.5
2020-06-12 07:50:00,-5,645263400,27.3,4.20,30.8,99.9,50.9,22.3,22.5
2020-06-12 08:00:00,-5,645264000,27.5,4.20,99.9,50.9,0.0,22.1,22.4
2020-06-12 08:10:00,-5,645264600,27.8,4.20,30.7,99.9,50.9,22.3,22.5
2020-06-12 08:20:00,-5,645265200,28.5,4.20,30.7,99.9,51.0,22.3,22.5
2020-06-12 08:30:00,-5,645265800,28.8,4.20,99.9,50.9,0.0,22.2,22.3
2020-06-12 08:40:00,-5,645266400,29.3,4.20,99.9,50.9,0.0,22.1,22.5
2020-06-12 08:50:00,-5,645267000,29.8,4.21,30.8,99.9,50.9,22.0,22.3
2020-06-12 09:00:00,-5,645267600,30.5,4.21,30.8,99.9,50.9,22.2,22.3
2020-06-12 09:10:00,-5,645268200,30.8,4.21,30.8,99.9,50.9,22.0,22.3
2020-06-12 09:20:00,-5,645268800,30.8,4.21,99.9,50.9,0.0,22.1,22.4
2020-06-12 09:30:00,-5,645269400,31.8,4.21,30.9,99.9,51.0,22.1,22.3
2020-06-12 09:40:00,-5,645270000,33.0,4.21,31.0,99.9,51.0,22.0,22.3
2020-06-12 09:50:00,-5,645270600,33.8,4.21,31.0,99.9,51.0,22.1,22.3
2020-06-12 10:00:00,-5,645271200,34.0,4.21,31.0,99.9,51.0,22.1,22.3
2020-06-12 10:10:00,-5,645271800,34.3,4.21,31.1,99.9,51.0,22.1,22.3
2020-06-12 10:20:00,-5,645272400,34.8,4.21,31.2,99.9,51.0,22.0,22.2
2020-06-12 10:30:00,-5,645273000,34.8,4.21,31.2,99.9,51.0,22.1,22.3
2020-06-12 10:40:00,-5,645273600,36.3,4.21,31.3,99.9,51.0,22.2,22.2
2020-06-12 10:50:00,-5,645274200,36.8,4.21,31.3,99.9,51.0,22.2,22.3
2020-06-12 11:00:00,-5,645274800,37.0,4.21,31.4,99.9,51.0,22.1,22.2
2020-06-12 11:10:00,-5,645275400,38.3,4.21,31.4,99.9,51.0,22.3,22.3
2020-06-12 11:20:00,-5,645276000,38.5,4.21,31.5,99.9,51.0,22.4,22.2
2020-06-12 11:30:00,-5,645276600,38.5,4.21,31.6,99.9,51.0,22.5,22.1
2020-06-12 11:40:00,-5,645277200,39.0,4.21,31.7,99.9,51.0,22.4,22.1
2020-06-12 11:50:00,-5,645277800,39.3,4.21,31.7,99.9,51.0,22.4,22.1
2020-06-12 12:00:00,-5,645278400,39.8,4.21,31.8,99.9,51.0,22.7,22.1
2020-06-12 12:10:00,-5,645279000,41.0,4.21,31.9,99.9,51.0,22.5,22.1
2020-06-12 12:20:00,-5,645279600,41.5,4.21,31.9,99.9,51.0,22.7,22.1
2020-06-12 12:30:00,-5,645280200,41.8,4.21,32.0,99.9,51.0,22.6,22.1
