SL218 - Mayfly GPLP3 Logger
DateTime_EST,TZ-Offset,Loggertime,BoardTemp_C,Battery_V,Segment1_percent,Segment2_percent,Segment3_percent,T1_degC,T2_degC
2020-06-04 10:40:00,-5,644582400,40.8,4.06,32.2,35.7,0.0,20.2,0.0
2020-06-04 10:50:00,-5,644583000,42.3,4.11,15.5,32.4,35.9,21.1,20.2
2020-06-04 11:00:00,-5,644583600,44.5,4.11,15.7,32.5,36.0,21.1,20.1
2020-06-04 11:10:00,-5,644584200,45.3,4.11,32.6,36.2,0.0,21.1,20.1
2020-06-04 11:20:00,-5,644584800,45.0,4.11,32.7,36.3,0.0,21.3,20.0
2020-06-04 11:30:00,-5,644585400,43.3,4.12,16.1,32.9,36.4,21.3,20.0
2020-06-04 11:40:00,-5,644586000,44.5,4.11,32.9,36.5,0.0,21.3,20.0
2020-06-04 11:50:00,-5,644586600,46.5,4.12,33.0,36.5,0.0,21.4,20.1
2020-06-04 12:00:00,-5,644587200,46.8,4.12,16.4,33.1,36.6,21.4,19.7
2020-06-04 12:10:00,-5,644587800,48.0,4.12,33.2,36.7,0.0,21.5,19.8
2020-06-04 12:20:00,-5,644588400,48.8,4.12,33.2,36.7,0.0,21.6,20.1
2020-06-04 12:30:00,-5,644589000,48.0,4.12,33.3,36.7,0.0,20.0,0.0
2020-06-04 12:40:00,-5,644589600,47.8,4.12,16.7,33.3,36.8,21.7,20.0
2020-06-04 12:50:00,-5,644590200,48.3,4.12,16.8,33.3,36.8,22.1,19.8
2020-06-04 13:00:00,-5,644590800,47.0,4.12,33.4,36.9,0.0,20.1,0.0
2020-06-04 13:10:00,-5,644591400,49.3,4.12,33.5,36.9,0.0,22.2,19.8
2020-06-04 13:20:00,-5,644592000,49.5,4.12,17.0,33.5,36.9,19.7,0.0
2020-06-04 13:30:00,-5,644592600,51.3,4.12,33.6,36.9,0.0,22.3,20.1
2020-06-04 13:40:00,-5,644593200,51.3,4.12,33.6,37.0,0.0,22.5,20.0
2020-06-04 13:50:00,-5,644593800,52.0,4.12,17.1,33.7,37.0,22.5,20.1
2020-06-04 14:00:00,-5,644594400,51.0,4.12,17.2,33.7,37.0,22.5,20.0
2020-06-04 14:10:00,-5,644595000,50.5,4.12,17.3,33.8,37.0,22.7,20.0
2020-06-04 14:20:00,-5,644595600,46.3,4.12,33.8,37.1,0.0,22.8,20.0
2020-06-04 14:30:00,-5,644596200,47.3,4.12,33.9,37.1,0.0,20.0,0.0
2020-06-04 14:40:00,-5,644596800,43.0,4.12,17.4,33.9,37.1,23.0,20.1
2020-06-04 14:50:00,-5,644597400,44.3,4.12,17.4,34.0,37.1,20.0,0.0
2020-06-04 15:00:00,-5,644598000,48.3,4.12,34.0,37.1,0.0,23.0,20.1
2020-06-04 15:10:00,-5,644598600,49.0,4.12,34.1,37.1,0.0,20.0,0.0
2020-06-04 15:20:00,-5,644599200,49.0,4.12,17.5,34.1,37.1,23.3,20.0
2020-06-04 15:30:00,-5,644599800,48.8,4.12,17.6,34.2,37.2,23.5,20.2
2020-06-04 15:40:00,-5,644600400,48.0,4.12,34.2,37.2,0.0,23.4,20.0
2020-06-04 15:50:00,-5,644601000,47.5,4.12,17.6,34.3,37.2,20.2,0.0
2020-06-04 16:00:00,-5,644601600,47.0,4.12,34.3,37.2,0.0,20.1,0.0
2020-06-04 16:10:00,-5,644602200,46.3,4.12,34.3,37.2,0.0,23.7,20.1
2020-06-04 16:20:00,-5,644602800,43.0,4.12,34.4,37.2,0.0,20.2,0.0
2020-06-04 16:30:00,-5,644603400,42.8,4.12,34.4,37.2,0.0,20.2,0.0
2020-06-04 16:40:00,-5,644604000,42.8,4.12,34.5,37.2,0.0,24.0,20.2
2020-06-04 16:50:00,-5,644604600,37.8,4.12,17.7,34.5,37.3,20.3,0.0
2020-06-04 17:00:00,-5,644605200,34.5,4.12,34.5,37.3,0.0,20.3,0.0
2020-06-04 17:10:00,-5,644605800,33.5,4.12,17.7,34.6,37.3,20.3,0.0
2020-06-04 17:20:00,-5,644606400,33.3,4.12,17.7,34.6,37.3,24.1,20.4
2020-06-04 17:30:00,-5,644607000,32.0,4.12,17.7,34.6,37.3,20.3,0.0
2020-06-04 17:40:00,-5,644607600,31.0,4.12,34.7,37.3,0.0,20.3,0.0
2020-06-04 17:50:00,-5,644608200,30.3,4.12,34.7,37.3,0.0,20.5,0.0
2020-06-04 18:00:00,-5,644608800,29.8,4.12,34.7,37.3,0.0,24.3,20.5
2020-06-04 18:10:00,-5,644609400,29.3,4.12,17.7,34.8,37.3,20.5,0.0
2020-06-04 18:20:00,-5,644610000,28.5,4.11,34.8,37.4,0.0,24.2,20.6
2020-06-04 18:30:00,-5,644610600,28.0,4.11,34.8,37.4,0.0,24.3,20.5
2020-06-04 18:40:00,-5,644611200,27.5,4.11,34.8,37.4,0.0,20.7,0.0
2020-06-04 18:50:00,-5,644611800,27.0,4.11,34.8,37.4,0.0,24.3,20.7
2020-06-04 19:00:00,-5,644612400,26.5,4.11,34.9,37.4,0.0,24.3,20.7
2020-06-04 19:10:00,-5,644613000,26.0,4.11,34.9,37.4,0.0,24.3,20.7
2020-06-04 19:20:00,-5,644613600,25.8,4.11,34.9,37.4,0.0,24.3,20.7
2020-06-04 19:30:00,-5,644614200,25.5,4.11,34.9,37.4,0.0,24.5,20.8
2020-06-04 19:40:00,-5,644614800,25.5,4.11,17.5,34.9,37.4,20.7,0.0
2020-06-04 19:50:00,-5,644615400,25.3,4.11,34.9,37.4,0.0,24.3,21.1
2020-06-04 20:00:00,-5,644616000,25.3,4.11,17.5,34.9,37.5,24.3,20.8
2020-06-04 20:10:00,-5,644616600,25.0,4.11,35.0,37.5,0.0,24.2,21.0
2020-06-04 20:20:00,-5,644617200,25.3,4.11,35.0,37.5,0.0,24.2,21.1
2020-06-04 20:30:00,-5,644617800,25.3,4.11,35.0,37.5,0.0,24.2,21.0
2020-06-04 20:40:00,-5,644618400,25.0,4.11,17.4,35.0,37.5,24.3,21.1
2020-06-04 20:50:00,-5,644619000,24.8,4.11,35.0,37.5,0.0,24.2,21.1
2020-06-04 21:00:00,-5,644619600,24.8,4.11,17.4,35.0,37.5,24.3,21.0
2020-06-04 21:10:00,-5,644620200,24.8,4.11,17.4,35.0,37.5,24.1,21.1
2020-06-04 21:20:00,-5,644620800,24.8,4.11,35.0,37.5,0.0,21.0,0.0
2020-06-04 21:30:00,-5,644621400,22.5,4.11,39.1,38.9,0.0,24.0,21.1
2020-06-04 21:40:00,-5,644622000,22.0,4.11,49.4,41.8,39.1,24.2,21.1
2020-06-04 21:50:00,-5,644622600,21.8,4.11,42.4,40.2,0.0,24.0,21.1
2020-06-04 22:00:00,-5,644623200,21.5,4.11,47.9,42.5,41.4,21.1,0.0
2020-06-04 22:10:00,-5,644623800,21.3,4.11,44.7,42.6,42.3,24.0,21.2
2020-06-04 22:20:00,-5,644624400,21.3,4.11,42.7,42.7,0.0,24.0,21.2
2020-06-04 22:30:00,-5,644625000,21.3,4.11,40.1,42.7,42.9,23.7,21.2
2020-06-04 22:40:00,-5,644625600,21.3,4.11,42.8,43.0,0.0,24.0,21.3
2020-06-04 22:50:00,-5,644626200,21.3,4.11,36.0,42.8,43.1,23.8,21.3
2020-06-04 23:00:00,-5,644626800,21.3,4.11,42.9,43.2,0.0,23.8,21.4
2020-06-04 23:10:00,-5,644627400,21.3,4.11,34.5,43.0,43.3,23.7,21.4
2020-06-04 23:20:00,-5,644628000,21.3,4.11,34.1,43.0,43.3,23.7,21.4
2020-06-04 23:30:00,-5,644628600,21.3,4.11,43.1,43.4,0.0,23.5,21.3
2020-06-04 23:40:00,-5,644629200,21.5,4.11,33.3,43.1,43.5,23.5,21.4
2020-06-04 23:50:00,-5,644629800,21.3,4.11,32.6,43.1,43.5,23.5,21.5
2020-06-05 00:00:00,-5,644630400,21.3,4.11,43.1,43.6,0.0,23.6,21.5
2020-06-05 00:10:00,-5,644631000,21.3,4.11,31.7,43.1,43.6,23.5,21.4
2020-06-05 00:20:00,-5,644631600,21.0,4.11,43.2,43.7,0.0,23.3,21.4
2020-06-05 00:30:00,-5,644632200,21.0,4.11,30.9,43.0,43.7,23.3,21.5
2020-06-05 00:40:00,-5,644632800,21.0,4.11,30.9,43.0,43.8,23.3,21.4
2020-06-05 00:50:00,-5,644633400,21.3,4.11,42.8,43.9,0.0,23.2,21.3
2020-06-05 01:00:00,-5,644634000,21.3,4.11,30.9,42.7,43.9,23.1,21.6
2020-06-05 01:10:00,-5,644634600,21.3,4.11,30.9,42.7,44.0,23.2,21.5
2020-06-05 01:20:00,-5,644635200,21.0,4.11,42.8,44.0,0.0,23.2,21.3
2020-06-05 01:30:00,-5,644635800,21.0,4.11,31.2,42.8,44.0,23.2,21.5
2020-06-05 01:40:00,-5,644636400,21.0,4.11,31.2,42.8,44.1,23.1,21.4
2020-06-05 01:50:00,-5,644637000,21.0,4.11,42.8,44.1,0.0,23.0,21.4
2020-06-05 02:00:00,-5,644637600,21.0,4.11,42.9,44.2,0.0,23.0,21.5
2020-06-05 02:10:00,-5,644638200,21.0,4.11,31.3,42.9,44.2,23.0,21.3
2020-06-05 02:20:00,-5,644638800,20.8,4.11,42.9,44.2,0.0,23.0,21.4
2020-06-05 02:30:00,-5,644639400,20.8,4.11,42.9,44.3,0.0,23.0,21.5
2020-06-05 02:40:00,-5,644640000,20.8,4.11,42.9,44.3,0.0,23.0,21.4
2020-06-05 02:50:00,-5,644640600,20.8,4.11,42.9,44.3,0.0,22.8,21.5
2020-06-05 03:00:00,-5,644641200,20.5,4.11,31.2,42.9,44.4,22.8,21.5
2020-06-05 03:10:00,-5,644641800,20.5,4.11,31.2,43.0,44.4,22.7,21.5
2020-06-05 03:20:00,-5,644642400,20.5,4.11,31.1,43.0,44.4,22.8,21.4
2020-06-05 03:30:00,-5,644643000,20.5,4.11,31.1,43.0,44.5,22.7,21.3
2020-06-05 03:40:00,-5,644643600,20.5,4.11,31.1,43.0,44.5,22.7,21.5
2020-06-05 03:50:00,-5,644644200,20.5,4.11,43.0,44.5,0.0,22.6,21.6
2020-06-05 04:00:00,-5,644644800,20.3,4.11,43.0,44.5,0.0,22.6,21.5
2020-06-05 04:10:00,-5,644645400,20.5,4.11,43.0,44.6,0.0,22.6,21.5
2020-06-05 04:20:00,-5,644646000,20.5,4.11,43.0,44.6,0.0,22.6,21.3
2020-06-05 04:30:00,-5,644646600,20.5,4.11,43.0,44.6,0.0,22.6,21.5
2020-06-05 04:40:00,-5,644647200,20.5,4.11,31.0,43.0,44.6,22.5,21.5
2020-06-05 04:50:00,-5,644647800,20.5,4.11,43.0,44.7,0.0,22.6,21.5
2020-06-05 05:00:00,-5,644648400,20.8,4.11,43.0,44.7,0.0,22.5,21.5
2020-06-05 05:10:00,-5,644649000,20.8,4.11,31.0,43.1,44.7,22.5,21.4
2020-06-05 05:20:00,-5,644649600,21.0,4.11,43.0,44.7,0.0,22.4,21.4
2020-06-05 05:30:00,-5,644650200,21.0,4.11,30.9,43.0,44.7,22.4,21.5
2020-06-05 05:40:00,-5,644650800,21.3,4.11,43.0,44.8,0.0,22.5,21.6
2020-06-05 05:50:00,-5,644651400,21.5,4.11,43.0,44.8,0.0,22.5,21.5
2020-06-05 06:00:00,-5,644652000,21.5,4.11,30.9,43.0,44.8,22.2,21.3
2020-06-05 06:10:00,-5,644652600,21.8,4.11,30.8,43.0,44.8,22.4,21.5
2020-06-05 06:20:00,-5,644653200,22.5,4.11,43.0,44.9,0.0,22.4,21.5
2020-06-05 06:30:00,-5,644653800,22.5,4.11,30.8,43.0,44.9,22.2,21.5
2020-06-05 06:40:00,-5,644654400,22.5,4.11,30.8,43.0,44.9,22.3,21.3
2020-06-05 06:50:00,-5,644655000,23.0,4.11,30.7,43.0,44.9,22.2,21.5
2020-06-05 07:00:00,-5,644655600,23.3,4.11,30.7,43.0,44.9,22.2,21.4
2020-06-05 07:10:00,-5,644656200,24.0,4.11,43.0,45.0,0.0,22.2,21.5
2020-06-05 07:20:00,-5,644656800,24.3,4.11,30.6,43.0,45.0,22.2,21.3
2020-06-05 07:30:00,-5,644657400,24.3,4.11,30.6,43.0,45.0,22.1,21.3
2020-06-05 07:40:00,-5,644658000,25.3,4.11,30.6,43.0,45.0,22.2,21.3
2020-06-05 07:50:00,-5,644658600,26.3,4.11,30.6,43.0,45.0,22.0,21.5
2020-06-05 08:00:00,-5,644659200,26.3,4.11,43.0,45.1,0.0,22.1,21.3
2020-06-05 08:10:00,-5,644659800,26.5,4.11,43.0,45.1,0.0,22.1,21.2
2020-06-05 08:20:00,-5,644660400,27.5,4.11,30.5,43.0,45.1,22.2,21.4
2020-06-05 08:30:00,-5,644661000,28.8,4.12,30.4,43.0,45.1,22.1,21.3
2020-06-05 08:40:00,-5,644661600,29.5,4.12,30.4,42.9,45.1,22.2,21.3
2020-06-05 08:50:00,-5,644662200,30.0,4.12,30.4,42.9,45.2,22.1,21.3
2020-06-05 09:00:00,-5,644662800,30.5,4.12,42.9,45.2,0.0,22.1,21.2
2020-06-05 09:10:00,-5,644663400,31.0,4.12,30.3,42.9,45.2,22.1,21.3
2020-06-05 09:20:00,-5,644664000,31.5,4.12,42.9,45.2,0.0,22.1,21.1
2020-06-05 09:30:00,-5,644664600,31.3,4.12,30.3,42.9,45.2,22.1,21.2
2020-06-05 09:40:00,-5,644665200,33.0,4.12,42.9,45.3,0.0,21.1,0.0
2020-06-05 09:50:00,-5,644665800,32.3,4.12,30.3,42.9,45.3,21.1,0.0
2020-06-05 10:00:00,-5,644666400,32.3,4.12,30.3,42.9,45.3,22.2,21.2
2020-06-05 10:10:00,-5,644667000,32.8,4.12,30.3,42.8,45.3,21.2,0.0
2020-06-05 10:20:00,-5,644667600,34.0,4.12,30.3,42.8,45.3,22.2,21.2
2020-06-05 10:30:00,-5,644668200,33.3,4.12,30.3,42.8,45.4,22.3,21.2
2020-06-05 10:40:00,-5,644668800,33.3,4.12,42.8,45.4,0.0,22.4,21.2
2020-06-05 10:50:00,-5,644669400,35.5,4.12,30.3,42.8,45.4,22.3,21.0
2020-06-05 11:00:00,-5,644670000,37.5,4.12,42.8,45.4,0.0,22.5,21.0
2020-06-05 11:10:00,-5,644670600,37.8,4.12,42.8,45.4,0.0,22.5,21.2
2020-06-05 11:20:00,-5,644671200,39.3,4.12,30.3,42.9,45.4,22.5,21.1
2020-06-05 11:30:00,-5,644671800,42.0,4.12,30.4,42.9,45.5,22.5,21.3
2020-06-05 11:40:00,-5,644672400,40.8,4.12,30.4,42.9,45.5,21.2,0.0
2020-06-05 11:50:00,-5,644673000,39.8,4.12,30.4,42.9,45.5,22.6,21.1
2020-06-05 12:00:00,-5,644673600,40.3,4.12,30.5,42.9,45.5,22.6,21.0
2020-06-05 12:10:00,-5,644674200,40.5,4.12,30.5,42.9,45.5,22.7,21.1
2020-06-05 12:20:00,-5,644674800,38.8,4.12,30.5,42.9,45.5,22.7,21.1
2020-06-05 12:30:00,-5,644675400,40.3,4.12,42.9,45.5,0.0,22.8,21.1
2020-06-05 12:40:00,-5,644676000,36.0,4.12,30.6,42.9,45.6,22.7,21.1
2020-06-05 12:50:00,-5,644676600,34.5,4.12,43.0,45.6,0.0,23.1,21.1
2020-06-05 13:00:00,-5,644677200,32.8,4.12,43.0,45.6,0.0,23.1,21.1
2020-06-05 13:10:00,-5,644677800,30.8,4.12,43.0,45.6,0.0,23.2,21.2
2020-06-05 13:20:00,-5,644678400,31.3,4.12,30.6,43.0,45.6,23.1,21.1
2020-06-05 13:30:00,-5,644679000,30.5,4.12,30.6,43.1,45.6,23.3,21.1
2020-06-05 13:40:00,-5,644679600,29.8,4.12,43.1,45.7,0.0,23.4,21.2
2020-06-05 13:50:00,-5,644680200,29.0,4.12,30.5,43.0,45.7,23.5,21.2
2020-06-05 14:00:00,-5,644680800,27.0,4.12,43.0,45.7,0.0,23.3,21.3
2020-06-05 14:10:00,-5,644681400,26.0,4.12,30.5,43.1,45.7,23.4,21.3
2020-06-05 14:20:00,-5,644682000,26.0,4.12,43.1,45.7,0.0,23.5,21.2
2020-06-05 14:30:00,-5,644682600,26.0,4.12,43.1,45.7,0.0,23.7,21.3
2020-06-05 14:40:00,-5,644683200,26.3,4.12,30.5,43.1,45.8,23.6,21.3
2020-06-05 14:50:00,-5,644683800,26.3,4.12,43.1,45.8,0.0,23.7,21.3
2020-06-05 15:00:00,-5,644684400,27.0,4.12,30.5,43.2,45.8,23.5,21.3
2020-06-05 15:10:00,-5,644685000,27.8,4.12,43.2,45.8,0.0,23.8,21.3
2020-06-05 15:20:00,-5,644685600,28.3,4.12,30.5,43.2,45.8,23.8,21.4
2020-06-05 15:30:00,-5,644686200,27.8,4.12,30.5,43.2,45.8,23.8,21.3
2020-06-05 15:40:00,-5,644686800,27.0,4.12,30.5,43.3,45.8,24.1,21.5
2020-06-05 15:50:00,-5,644687400,26.5,4.12,43.3,45.8,0.0,23.8,21.3
2020-06-05 16:00:00,-5,644688000,26.0,4.12,30.5,43.3,45.8,23.8,21.5
2020-06-05 16:10:00,-5,644688600,25.5,4.12,30.6,43.3,45.8,23.7,21.3
2020-06-05 16:20:00,-5,644689200,24.8,4.12,30.6,43.3,45.8,23.8,21.3
2020-06-05 16:30:00,-5,644689800,24.8,4.12,30.6,43.4,45.8,24.0,21.3
2020-06-05 16:40:00,-5,644690400,24.5,4.12,30.6,43.4,45.8,24.0,21.5
2020-06-05 16:50:00,-5,644691000,24.3,4.12,30.6,43.4,45.9,23.7,21.5
2020-06-05 17:00:00,-5,644691600,24.0,4.12,43.4,45.9,0.0,23.8,21.5
2020-06-05 17:10:00,-5,644692200,24.0,4.12,30.6,43.4,45.9,24.1,21.5
2020-06-05 17:20:00,-5,644692800,23.8,4.12,43.5,45.9,0.0,23.8,21.5
2020-06-05 17:30:00,-5,644693400,23.8,4.12,30.9,43.5,45.9,24.1,21.5
2020-06-05 17:40:00,-5,644694000,23.8,4.12,43.6,46.0,0.0,23.8,21.5
2020-06-05 17:50:00,-5,644694600,23.8,4.12,31.4,43.6,46.0,23.7,21.6
2020-06-05 18:00:00,-5,644695200,23.8,4.12,43.7,46.0,0.0,24.0,21.6
2020-06-05 18:10:00,-5,644695800,23.8,4.12,31.8,43.7,46.0,23.8,21.5
2020-06-05 18:20:00,-5,644696400,23.8,4.12,32.0,43.8,46.1,24.1,21.6
2020-06-05 18:30:00,-5,644697000,23.5,4.12,32.1,43.9,46.1,21.6,0.0
2020-06-05 18:40:00,-5,644697600,23.5,4.12,43.9,46.1,0.0,23.8,21.7
2020-06-05 18:50:00,-5,644698200,23.5,4.12,44.0,46.1,0.0,23.7,21.8
2020-06-05 19:00:00,-5,644698800,23.5,4.12,44.0,46.2,0.0,24.0,21.7
2020-06-05 19:10:00,-5,644699400,23.3,4.12,44.1,46.2,0.0,23.8,21.8
2020-06-05 19:20:00,-5,644700000,23.3,4.12,32.2,44.1,46.2,23.8,21.6
2020-06-05 19:30:00,-5,644700600,23.3,4.12,32.2,44.2,46.2,23.7,21.7
2020-06-05 19:40:00,-5,644701200,23.3,4.12,32.2,44.2,46.2,23.8,21.7
2020-06-05 19:50:00,-5,644701800,23.3,4.12,44.2,46.3,0.0,23.8,21.7
2020-06-05 20:00:00,-5,644702400,23.0,4.12,44.3,46.3,0.0,23.7,21.8
2020-06-05 20:10:00,-5,644703000,23.0,4.12,32.2,44.3,46.3,23.8,21.8
2020-06-05 20:20:00,-5,644703600,23.0,4.12,44.3,46.3,0.0,21.8,0.0
2020-06-05 20:30:00,-5,644704200,23.0,4.12,32.1,44.3,46.3,23.7,22.1
2020-06-05 20:40:00,-5,644704800,23.0,4.12,32.1,44.3,46.3,23.6,21.7
2020-06-05 20:50:00,-5,644705400,22.8,4.12,44.3,46.3,0.0,23.6,22.1
2020-06-05 21:00:00,-5,644706000,22.8,4.12,32.1,44.3,46.4,23.7,22.0
2020-06-05 21:10:00,-5,644706600,22.8,4.12,44.3,46.4,0.0,23.6,21.7
2020-06-05 21:20:00,-5,644707200,22.8,4.12,44.3,46.4,0.0,23.5,21.7
2020-06-05 21:30:00,-5,644707800,22.8,4.12,44.3,46.4,0.0,23.6,22.0
2020-06-05 21:40:00,-5,644708400,22.8,4.12,44.3,46.4,0.0,23.5,22.1
2020-06-05 21:50:00,-5,644709000,22.5,4.12,44.3,46.4,0.0,23.5,22.1
2020-06-05 22:00:00,-5,644709600,22.8,4.12,44.3,46.4,0.0,23.5,22.1
2020-06-05 22:10:00,-5,644710200,22.8,4.12,44.3,46.4,0.0,23.5,22.1
2020-06-05 22:20:00,-5,644710800,22.5,4.12,31.9,44.3,46.4,23.3,21.7
2020-06-05 22:30:00,-5,644711400,22.5,4.12,31.9,44.3,46.5,23.4,21.7
2020-06-05 22:40:00,-5,644712000,22.5,4.12,31.9,44.3,46.5,23.4,22.0
2020-06-05 22:50:00,-5,644712600,22.3,4.12,31.8,44.3,46.5,23.3,22.1
2020-06-05 23:00:00,-5,644713200,22.5,4.12,44.3,46.5,0.0,23.3,21.8
2020-06-05 23:10:00,-5,644713800,22.3,4.12,44.3,46.5,0.0,23.3,21.7
2020-06-05 23:20:00,-5,644714400,22.0,4.12,31.8,44.3,46.5,23.3,21.7
2020-06-05 23:30:00,-5,644715000,22.0,4.12,31.7,44.4,46.6,23.2,22.1
2020-06-05 23:40:00,-5,644715600,21.8,4.12,44.7,46.6,0.0,23.2,22.1
2020-06-05 23:50:00,-5,644716200,21.8,4.12,31.6,44.8,46.6,23.2,21.7
2020-06-06 00:00:00,-5,644716800,21.8,4.12,31.5,44.8,46.6,23.3,22.1
2020-06-06 00:10:00,-5,644717400,21.5,4.12,31.5,44.8,46.6,23.1,21.7
2020-06-06 00:20:00,-5,644718000,21.3,4.12,31.5,44.8,46.6,23.1,22.1
2020-06-06 00:30:00,-5,644718600,21.5,4.12,31.4,44.8,46.6,23.2,21.7
2020-06-06 00:40:00,-5,644719200,21.5,4.12,44.8,46.7,0.0,23.1,22.1
2020-06-06 00:50:00,-5,644719800,21.3,4.12,44.8,46.7,0.0,23.1,21.6
2020-06-06 01:00:00,-5,644720400,21.3,4.12,31.3,44.8,46.7,23.0,22.0
2020-06-06 01:10:00,-5,644721000,21.3,4.12,31.3,44.8,46.7,23.1,22.0
2020-06-06 01:20:00,-5,644721600,20.8,4.12,44.8,46.7,0.0,23.0,22.0
2020-06-06 01:30:00,-5,644722200,20.8,4.12,44.8,46.7,0.0,23.0,22.0
2020-06-06 01:40:00,-5,644722800,20.8,4.12,44.8,46.7,0.0,23.0,21.7
2020-06-06 01:50:00,-5,644723400,20.5,4.12,31.2,44.7,46.7,23.1,21.8
2020-06-06 02:00:00,-5,644724000,20.5,4.12,44.7,46.7,0.0,22.8,21.8
2020-06-06 02:10:00,-5,644724600,20.5,4.12,31.1,44.7,46.7,22.7,21.8
2020-06-06 02:20:00,-5,644725200,20.5,4.12,31.1,44.7,46.7,22.8,21.7
2020-06-06 02:30:00,-5,644725800,20.5,4.12,44.7,46.7,0.0,22.8,22.0
2020-06-06 02:40:00,-5,644726400,20.5,4.12,31.0,44.7,46.7,22.8,21.8
2020-06-06 02:50:00,-5,644727000,20.0,4.12,31.0,44.7,46.7,22.8,21.8
2020-06-06 03:00:00,-5,644727600,20.0,4.12,30.9,44.7,46.7,22.7,22.1
2020-06-06 03:10:00,-5,644728200,20.3,4.12,30.9,44.7,46.7,22.7,22.0
2020-06-06 03:20:00,-5,644728800,20.3,4.12,30.9,44.7,46.7,22.7,21.8
2020-06-06 03:30:00,-5,644729400,20.3,4.12,30.8,44.7,46.8,22.6,21.8
2020-06-06 03:40:00,-5,644730000,20.3,4.12,30.8,44.7,46.8,22.6,21.8
2020-06-06 03:50:00,-5,644730600,20.0,4.12,44.7,46.8,0.0,22.6,21.8
2020-06-06 04:00:00,-5,644731200,19.8,4.12,30.7,44.7,46.8,22.6,22.0
2020-06-06 04:10:00,-5,644731800,19.8,4.12,30.7,44.7,46.8,22.6,21.8
2020-06-06 04:20:00,-5,644732400,19.5,4.12,30.7,44.7,46.8,22.5,21.7
2020-06-06 04:30:00,-5,644733000,20.0,4.12,44.6,46.8,0.0,22.5,21.8
2020-06-06 04:40:00,-5,644733600,19.5,4.12,30.6,44.6,46.8,22.4,21.7
2020-06-06 04:50:00,-5,644734200,19.3,4.12,30.6,44.6,46.8,22.5,21.8
2020-06-06 05:00:00,-5,644734800,19.8,4.12,44.6,46.8,0.0,22.4,21.7
2020-06-06 05:10:00,-5,644735400,20.5,4.12,30.6,44.6,46.8,22.4,21.8
2020-06-06 05:20:00,-5,644736000,20.8,4.12,30.6,44.6,46.8,22.3,21.8
2020-06-06 05:30:00,-5,644736600,21.0,4.12,30.5,44.6,46.8,22.4,21.7
2020-06-06 05:40:00,-5,644737200,21.3,4.12,30.5,44.6,46.8,22.3,21.6
2020-06-06 05:50:00,-5,644737800,21.5,4.12,44.6,46.8,0.0,22.3,21.7
2020-06-06 06:00:00,-5,644738400,22.0,4.12,30.5,44.6,46.8,22.3,21.7
2020-06-06 06:10:00,-5,644739000,22.3,4.12,44.6,46.8,0.0,22.2,21.6
2020-06-06 06:20:00,-5,644739600,22.5,4.12,30.5,44.6,46.8,22.3,21.8
2020-06-06 06:30:00,-5,644740200,22.8,4.12,44.6,46.8,0.0,22.1,21.6
2020-06-06 06:40:00,-5,644740800,23.3,4.12,30.5,44.6,46.9,22.1,21.7
2020-06-06 06:50:00,-5,644741400,24.0,4.12,44.6,46.9,0.0,22.1,21.7
2020-06-06 07:00:00,-5,644742000,24.5,4.12,44.6,46.9,0.0,22.1,21.7
2020-06-06 07:10:00,-5,644742600,25.3,4.12,30.5,44.6,46.9,22.0,21.6
2020-06-06 07:20:00,-5,644743200,25.3,4.12,30.5,44.6,46.9,21.7,0.0
2020-06-06 07:30:00,-5,644743800,25.5,4.12,30.5,44.6,46.9,22.1,21.6
2020-06-06 07:40:00,-5,644744400,26.3,4.12,44.6,46.9,0.0,22.1,21.6
2020-06-06 07:50:00,-5,644745000,27.8,4.12,30.6,44.6,46.9,22.0,21.7
2020-06-06 08:00:00,-5,644745600,28.5,4.12,44.6,46.9,0.0,22.0,21.7
2020-06-06 08:10:00,-5,644746200,28.3,4.12,30.6,44.6,46.9,22.0,21.7
2020-06-06 08:20:00,-5,644746800,28.8,4.12,44.6,46.9,0.0,22.0,21.6
2020-06-06 08:30:00,-5,644747400,30.0,4.12,30.6,44.6,46.9,22.1,21.5
2020-06-06 08:40:00,-5,644748000,30.3,4.12,30.7,44.6,46.9,22.1,21.5
2020-06-06 08:50:00,-5,644748600,31.3,4.14,44.6,46.9,0.0,22.1,21.6
2020-06-06 09:00:00,-5,644749200,31.3,4.14,30.7,44.6,46.9,22.0,21.5
2020-06-06 09:10:00,-5,644749800,31.8,4.14,44.5,46.9,0.0,22.1,21.5
2020-06-06 09:20:00,-5,644750400,32.3,4.14,44.5,46.9,0.0,22.2,21.4
2020-06-06 09:30:00,-5,644751000,32.5,4.14,30.8,44.5,46.9,22.1,21.5
2020-06-06 09:40:00,-5,644751600,32.3,4.14,30.9,44.5,46.9,22.2,21.5
2020-06-06 09:50:00,-5,644752200,32.5,4.14,44.6,47.0,0.0,22.2,21.3
2020-06-06 10:00:00,-5,644752800,34.5,4.14,30.9,44.6,47.0,21.4,0.0
2020-06-06 10:10:00,-5,644753400,34.8,4.14,30.9,44.6,47.0,22.4,21.6
2020-06-06 10:20:00,-5,644754000,33.8,4.14,44.6,47.0,0.0,22.3,21.5
2020-06-06 10:30:00,-5,644754600,34.0,4.14,44.6,47.0,0.0,22.3,21.3
2020-06-06 10:40:00,-5,644755200,36.0,4.14,44.6,47.0,0.0,22.4,21.5
2020-06-06 10:50:00,-5,644755800,36.8,4.14,44.6,47.0,0.0,22.4,21.6
2020-06-06 11:00:00,-5,644756400,37.8,4.14,44.7,47.0,0.0,22.5,21.3
2020-06-06 11:10:00,-5,644757000,38.8,4.14,31.2,44.7,47.0,22.6,21.5
2020-06-06 11:20:00,-5,644757600,38.5,4.14,31.2,44.7,47.0,22.7,21.5
2020-06-06 11:30:00,-5,644758200,39.5,4.14,44.7,47.0,0.0,22.8,21.5
2020-06-06 11:40:00,-5,644758800,38.0,4.14,44.7,47.0,0.0,22.7,21.5
2020-06-06 11:50:00,-5,644759400,38.0,4.14,44.7,47.0,0.0,22.8,21.5
2020-06-06 12:00:00,-5,644760000,38.0,4.14,31.4,44.7,47.0,22.8,21.5
2020-06-06 12:10:00,-5,644760600,38.8,4.14,31.4,44.7,47.1,21.4,0.0
2020-06-06 12:20:00,-5,644761200,40.3,4.14,44.8,47.1,0.0,23.1,21.4
2020-06-06 12:30:00,-5,644761800,41.3,4.14,31.5,44.8,47.1,21.3,0.0
2020-06-06 12:40:00,-5,644762400,41.0,4.14,31.5,44.8,47.1,23.2,21.3
2020-06-06 12:50:00,-5,644763000,40.8,4.14,31.5,44.8,47.1,23.2,21.4
2020-06-06 13:00:00,-5,644763600,44.5,4.14,31.6,44.9,47.1,23.2,21.6
2020-06-06 13:10:00,-5,644764200,45.0,4.14,31.6,44.9,47.1,23.3,21.5
2020-06-06 13:20:00,-5,644764800,44.8,4.14,31.6,44.9,47.1,23.5,21.6
2020-06-06 13:30:00,-5,644765400,43.8,4.14,31.7,44.9,47.1,23.5,21.5
2020-06-06 13:40:00,-5,644766000,44.5,4.14,31.7,44.9,47.1,21.3,0.0
2020-06-06 13:50:00,-5,644766600,46.0,4.14,31.8,44.9,47.1,23.6,21.5
2020-06-06 14:00:00,-5,644767200,47.3,4.14,44.9,47.1,0.0,23.8,21.6
2020-06-06 14:10:00,-5,644767800,45.0,4.14,31.8,45.0,47.1,23.7,21.5
2020-06-06 14:20:00,-5,644768400,47.8,4.14,31.8,45.0,47.1,21.6,0.0
2020-06-06 14:30:00,-5,644769000,47.3,4.14,45.0,47.1,0.0,21.6,0.0
2020-06-06 14:40:00,-5,644769600,46.5,4.14,45.0,47.1,0.0,24.1,21.6
2020-06-06 14:50:00,-5,644770200,46.8,4.14,45.0,47.1,0.0,24.2,21.6
2020-06-06 15:00:00,-5,644770800,43.8,4.14,45.1,47.2,0.0,24.2,21.6
2020-06-06 15:10:00,-5,644771400,45.3,4.14,31.8,45.1,47.1,21.7,0.0
2020-06-06 15:20:00,-5,644772000,45.5,4.14,45.1,47.1,0.0,21.5,0.0
2020-06-06 15:30:00,-5,644772600,44.5,4.14,31.7,45.1,47.2,24.4,21.6
2020-06-06 15:40:00,-5,644773200,43.5,4.14,45.2,47.2,0.0,24.5,21.7
2020-06-06 15:50:00,-5,644773800,42.8,4.14,31.7,45.2,47.2,21.8,0.0
2020-06-06 16:00:00,-5,644774400,43.0,4.14,45.2,47.2,0.0,24.6,21.8
2020-06-06 16:10:00,-5,644775000,40.8,4.14,31.7,45.2,47.2,24.7,21.8
2020-06-06 16:20:00,-5,644775600,41.3,4.14,45.2,47.2,0.0,24.7,21.7
2020-06-06 16:30:00,-5,644776200,39.3,4.14,31.6,45.3,47.2,24.7,21.8
2020-06-06 16:40:00,-5,644776800,34.5,4.14,31.5,45.3,47.2,24.7,21.6
2020-06-06 16:50:00,-5,644777400,38.5,4.14,31.5,45.3,47.2,24.7,21.8
2020-06-06 17:00:00,-5,644778000,40.5,4.14,45.3,47.2,0.0,24.8,21.7
2020-06-06 17:10:00,-5,644778600,40.3,4.14,31.4,45.3,47.2,24.6,21.8
2020-06-06 17:20:00,-5,644779200,36.3,4.14,45.3,47.2,0.0,24.8,21.7
2020-06-06 17:30:00,-5,644779800,38.0,4.14,31.3,45.4,47.2,22.0,0.0
2020-06-06 17:40:00,-5,644780400,38.0,4.14,31.3,45.4,47.2,25.0,22.0
2020-06-06 17:50:00,-5,644781000,36.3,4.14,45.4,47.3,0.0,24.8,22.1
2020-06-06 18:00:00,-5,644781600,33.8,4.14,45.4,47.3,0.0,22.0,0.0
2020-06-06 18:10:00,-5,644782200,33.0,4.14,45.4,47.3,0.0,22.1,0.0
2020-06-06 18:20:00,-5,644782800,33.5,4.14,31.1,45.4,47.3,22.0,0.0
2020-06-06 18:30:00,-5,644783400,32.8,4.14,31.0,45.4,47.3,24.7,22.1
2020-06-06 18:40:00,-5,644784000,31.3,4.14,31.0,45.4,47.3,25.0,22.1
2020-06-06 18:50:00,-5,644784600,29.8,4.14,30.9,45.4,47.3,24.7,22.1
2020-06-06 19:00:00,-5,644785200,29.3,4.14,30.9,45.4,47.3,24.7,22.0
2020-06-06 19:10:00,-5,644785800,28.5,4.14,30.8,45.4,47.3,24.7,22.1
2020-06-06 19:20:00,-5,644786400,27.5,4.14,30.8,45.4,47.3,24.7,22.2
2020-06-06 19:30:00,-5,644787000,26.3,4.14,30.8,45.4,47.3,24.7,22.2
2020-06-06 19:40:00,-5,644787600,25.5,4.14,45.4,47.3,0.0,22.2,0.0
2020-06-06 19:50:00,-5,644788200,24.8,4.14,30.7,45.4,47.3,24.8,22.2
2020-06-06 20:00:00,-5,644788800,24.0,4.14,30.6,45.4,47.3,24.8,22.2
2020-06-06 20:10:00,-5,644789400,23.3,4.14,30.6,45.4,47.4,24.7,22.2
2020-06-06 20:20:00,-5,644790000,22.8,4.14,30.6,45.4,47.4,24.7,22.2
2020-06-06 20:30:00,-5,644790600,22.0,4.14,30.5,45.4,47.4,24.6,22.2
2020-06-06 20:40:00,-5,644791200,21.5,4.14,30.5,45.4,47.4,24.7,22.3
2020-06-06 20:50:00,-5,644791800,21.3,4.14,30.5,45.4,47.4,24.6,22.3
2020-06-06 21:00:00,-5,644792400,21.0,4.14,45.4,47.4,0.0,24.7,22.3
2020-06-06 21:10:00,-5,644793000,20.8,4.14,30.4,45.4,47.4,24.5,22.2
2020-06-06 21:20:00,-5,644793600,20.8,4.14,30.3,45.4,47.4,24.5,22.3
2020-06-06 21:30:00,-5,644794200,20.8,4.14,45.4,47.4,0.0,22.3,0.0
2020-06-06 21:40:00,-5,644794800,21.0,4.14,45.3,47.4,0.0,24.5,22.3
2020-06-06 21:50:00,-5,644795400,21.3,4.14,30.2,45.3,47.4,24.3,22.3
2020-06-06 22:00:00,-5,644796000,21.3,4.14,30.2,45.3,47.4,24.3,22.4
2020-06-06 22:10:00,-5,644796600,21.3,4.14,45.3,47.4,0.0,24.3,22.4
2020-06-06 22:20:00,-5,644797200,20.8,4.14,30.1,45.3,47.4,24.2,22.4
2020-06-06 22:30:00,-5,644797800,20.5,4.12,30.1,45.3,47.5,24.2,22.4
2020-06-06 22:40:00,-5,644798400,20.3,4.14,30.1,45.3,47.5,24.1,22.4
2020-06-06 22:50:00,-5,644799000,20.0,4.12,30.1,45.3,47.5,24.1,22.3
2020-06-06 23:00:00,-5,644799600,19.8,4.14,30.0,45.3,47.5,24.1,22.5
2020-06-06 23:10:00,-5,644800200,19.5,4.12,45.2,47.5,0.0,24.0,22.3
2020-06-06 23:20:00,-5,644800800,19.0,4.12,30.0,45.2,47.5,24.0,22.5
2020-06-06 23:30:00,-5,644801400,18.3,4.12,45.2,47.5,0.0,24.0,22.5
2020-06-06 23:40:00,-5,644802000,17.8,4.12,45.2,47.5,0.0,23.8,22.4
2020-06-06 23:50:00,-5,644802600,17.8,4.12,29.9,45.2,47.5,23.7,22.5
2020-06-07 00:00:00,-5,644803200,17.8,4.12,45.2,47.5,0.0,23.8,22.5
2020-06-07 00:10:00,-5,644803800,18.3,4.12,45.2,47.5,0.0,23.6,22.3
2020-06-07 00:20:00,-5,644804400,18.5,4.12,29.8,45.2,47.5,23.5,22.4
2020-06-07 00:30:00,-5,644805000,18.5,4.12,45.1,47.5,0.0,23.5,22.3
2020-06-07 00:40:00,-5,644805600,18.8,4.12,29.8,45.1,47.5,23.4,22.4
2020-06-07 00:50:00,-5,644806200,19.0,4.12,29.7,45.1,47.5,23.3,22.4
2020-06-07 01:00:00,-5,644806800,18.8,4.12,29.7,45.1,47.5,23.3,22.4
2020-06-07 01:10:00,-5,644807400,18.3,4.12,29.7,45.1,47.5,23.2,22.3
2020-06-07 01:20:00,-5,644808000,17.8,4.12,45.1,47.5,0.0,23.3,22.4
2020-06-07 01:30:00,-5,644808600,17.3,4.12,29.6,45.0,47.5,23.1,22.3
2020-06-07 01:40:00,-5,644809200,16.8,4.12,45.0,47.5,0.0,23.2,22.4
2020-06-07 01:50:00,-5,644809800,16.5,4.12,29.6,45.0,47.5,23.0,22.3
2020-06-07 02:00:00,-5,644810400,16.3,4.12,29.5,45.0,47.6,23.0,22.4
2020-06-07 02:10:00,-5,644811000,16.0,4.12,29.5,45.0,47.6,23.0,22.4
2020-06-07 02:20:00,-5,644811600,15.8,4.12,45.0,47.6,0.0,22.8,22.3
2020-06-07 02:30:00,-5,644812200,15.8,4.12,45.0,47.6,0.0,22.3,0.0
2020-06-07 02:40:00,-5,644812800,15.5,4.12,29.4,44.9,47.6,22.7,22.3
2020-06-07 02:50:00,-5,644813400,15.0,4.12,29.4,44.9,47.6,22.7,22.2
2020-06-07 03:00:00,-5,644814000,14.5,4.12,29.4,44.9,47.6,22.6,22.3
2020-06-07 03:10:00,-5,644814600,14.8,4.12,29.3,44.9,47.6,22.6,22.2
2020-06-07 03:20:00,-5,644815200,14.8,4.12,29.3,44.9,47.6,22.5,22.3
2020-06-07 03:30:00,-5,644815800,14.8,4.12,44.8,47.6,0.0,22.5,22.3
2020-06-07 03:40:00,-5,644816400,14.3,4.12,44.8,47.6,0.0,22.5,22.3
2020-06-07 03:50:00,-5,644817000,13.5,4.12,44.8,47.6,0.0,22.4,22.3
2020-06-07 04:00:00,-5,644817600,13.3,4.12,29.2,44.8,47.6,22.4,22.1
2020-06-07 04:10:00,-5,644818200,13.0,4.12,29.2,44.8,47.6,22.3,22.2
2020-06-07 04:20:00,-5,644818800,13.3,4.12,29.2,44.8,47.6,22.2,22.1
2020-06-07 04:30:00,-5,644819400,13.5,4.12,44.8,47.6,0.0,22.2,22.1
2020-06-07 04:40:00,-5,644820000,13.5,4.12,29.2,44.7,47.6,22.0,22.2
2020-06-07 04:50:00,-5,644820600,13.3,4.12,29.1,44.7,47.6,22.0,22.1
2020-06-07 05:00:00,-5,644821200,13.3,4.12,29.1,44.7,47.6,22.1,22.1
2020-06-07 05:10:00,-5,644821800,13.8,4.12,29.1,44.7,47.6,21.8,22.1
2020-06-07 05:20:00,-5,644822400,15.8,4.12,29.1,44.7,47.6,22.1,22.1
2020-06-07 05:30:00,-5,644823000,17.5,4.12,29.1,44.6,47.7,21.7,22.1
2020-06-07 05:40:00,-5,644823600,18.0,4.12,29.1,44.6,47.6,21.6,22.1
2020-06-07 05:50:00,-5,644824200,18.3,4.12,29.1,44.6,47.6,21.6,22.0
2020-06-07 06:00:00,-5,644824800,17.3,4.12,29.1,44.6,47.6,21.7,22.0
2020-06-07 06:10:00,-5,644825400,17.8,4.12,29.1,44.6,47.6,21.6,22.0
2020-06-07 06:20:00,-5,644826000,17.8,4.12,29.1,44.6,47.6,21.5,21.7
2020-06-07 06:30:00,-5,644826600,18.0,4.12,29.1,44.5,47.6,21.5,22.0
2020-06-07 06:40:00,-5,644827200,18.3,4.12,44.5,47.7,0.0,21.3,22.1
2020-06-07 06:50:00,-5,644827800,18.5,4.12,29.0,44.5,47.7,21.2,22.1
2020-06-07 07:00:00,-5,644828400,19.0,4.12,44.5,47.7,0.0,21.3,21.7
2020-06-07 07:10:00,-5,644829000,19.3,4.12,44.5,47.7,0.0,21.3,21.7
2020-06-07 07:20:00,-5,644829600,19.5,4.12,29.0,44.5,47.7,21.2,21.8
2020-06-07 07:30:00,-5,644830200,19.8,4.12,44.5,47.7,0.0,21.1,21.8
2020-06-07 07:40:00,-5,644830800,20.3,4.12,29.0,44.4,47.6,21.2,21.8
2020-06-07 07:50:00,-5,644831400,21.5,4.14,29.0,44.4,47.7,21.1,21.8
2020-06-07 08:00:00,-5,644832000,23.3,4.14,29.0,44.4,47.7,21.2,21.8
2020-06-07 08:10:00,-5,644832600,24.3,4.14,44.4,47.7,0.0,21.0,21.8
2020-06-07 08:20:00,-5,644833200,25.0,4.14,44.4,47.7,0.0,21.0,21.7
2020-06-07 08:30:00,-5,644833800,25.3,4.14,29.0,44.4,47.7,21.1,21.6
2020-06-07 08:40:00,-5,644834400,25.5,4.14,44.4,47.7,0.0,20.7,21.8
2020-06-07 08:50:00,-5,644835000,26.8,4.14,29.0,44.4,47.7,21.1,21.7
2020-06-07 09:00:00,-5,644835600,27.5,4.14,29.1,44.4,47.7,20.8,21.7
2020-06-07 09:10:00,-5,644836200,27.5,4.14,29.1,44.3,47.7,20.8,21.7
2020-06-07 09:20:00,-5,644836800,28.3,4.14,29.1,44.3,47.7,20.8,21.5
2020-06-07 09:30:00,-5,644837400,28.3,4.14,29.1,44.3,47.7,21.1,21.5
2020-06-07 09:40:00,-5,644838000,29.5,4.14,29.1,44.3,47.7,20.7,21.5
2020-06-07 09:50:00,-5,644838600,29.8,4.14,29.1,44.3,47.7,21.5,0.0
2020-06-07 10:00:00,-5,644839200,31.0,4.14,29.2,44.3,47.7,21.5,0.0
2020-06-07 10:10:00,-5,644839800,31.5,4.14,29.2,44.3,47.7,20.6,21.5
2020-06-07 10:20:00,-5,644840400,31.8,4.14,44.3,47.7,0.0,20.8,21.5
2020-06-07 10:30:00,-5,644841000,32.8,4.14,29.3,44.3,47.7,21.1,21.5
2020-06-07 10:40:00,-5,644841600,33.3,4.14,29.3,44.3,47.7,21.5,0.0
2020-06-07 10:50:00,-5,644842200,31.8,4.14,29.3,44.4,47.7,21.0,21.5
2020-06-07 11:00:00,-5,644842800,34.5,4.14,29.4,44.4,47.7,21.0,21.5
2020-06-07 11:10:00,-5,644843400,34.8,4.14,29.4,44.4,47.7,21.1,21.5
2020-06-07 11:20:00,-5,644844000,33.8,4.14,29.4,44.4,47.7,21.1,21.6
2020-06-07 11:30:00,-5,644844600,33.5,4.14,44.4,47.7,0.0,21.1,21.4
2020-06-07 11:40:00,-5,644845200,31.0,4.14,44.4,47.7,0.0,21.2,21.6
2020-06-07 11:50:00,-5,644845800,35.0,4.14,29.5,44.4,47.7,21.3,0.0
2020-06-07 12:00:00,-5,644846400,37.0,4.14,29.6,44.4,47.7,21.3,21.3
2020-06-07 12:10:00,-5,644847000,35.3,4.14,44.4,47.7,0.0,21.3,21.2
2020-06-07 12:20:00,-5,644847600,38.3,4.14,44.4,47.7,0.0,21.5,21.3
2020-06-07 12:30:00,-5,644848200,41.0,4.14,44.5,47.7,0.0,21.5,21.3
2020-06-07 12:40:00,-5,644848800,41.0,4.14,44.5,47.7,0.0,21.5,21.2
2020-06-07 12:50:00,-5,644849400,37.8,4.14,29.7,44.5,47.7,21.6,21.3
2020-06-07 13:00:00,-5,644850000,36.5,4.14,44.5,47.7,0.0,21.7,21.4
2020-06-07 13:10:00,-5,644850600,38.5,4.14,29.7,44.5,47.7,21.7,21.1
2020-06-07 13:20:00,-5,644851200,37.0,4.14,29.7,44.6,47.7,21.7,21.2
2020-06-07 13:30:00,-5,644851800,38.3,4.14,44.6,47.7,0.0,21.8,21.3
2020-06-07 13:40:00,-5,644852400,38.5,4.14,44.6,47.7,0.0,22.0,21.2
2020-06-07 13:50:00,-5,644853000,40.5,4.14,44.6,47.7,0.0,22.0,21.2
2020-06-07 14:00:00,-5,644853600,41.5,4.14,29.7,44.6,47.7,22.1,21.1
2020-06-07 14:10:00,-5,644854200,38.0,4.14,29.7,44.7,47.7,22.2,21.2
2020-06-07 14:20:00,-5,644854800,40.8,4.14,44.7,47.8,0.0,22.3,21.2
2020-06-07 14:30:00,-5,644855400,43.0,4.14,29.8,44.7,47.7,21.3,0.0
2020-06-07 14:40:00,-5,644856000,44.8,4.14,44.7,47.8,0.0,22.3,21.3
2020-06-07 14:50:00,-5,644856600,37.3,4.14,44.8,47.8,0.0,22.4,21.3
2020-06-07 15:00:00,-5,644857200,38.8,4.14,44.8,47.8,0.0,22.5,21.2
2020-06-07 15:10:00,-5,644857800,35.8,4.14,29.7,44.8,47.8,22.5,21.2
2020-06-07 15:20:00,-5,644858400,39.3,4.14,44.8,47.8,0.0,22.6,21.2
2020-06-07 15:30:00,-5,644859000,41.3,4.14,29.7,44.8,47.8,22.6,21.3
2020-06-07 15:40:00,-5,644859600,37.0,4.14,44.9,47.8,0.0,22.6,21.2
2020-06-07 15:50:00,-5,644860200,35.8,4.14,29.6,44.9,47.8,22.6,21.5
2020-06-07 16:00:00,-5,644860800,38.3,4.14,29.6,44.9,47.8,22.7,21.4
2020-06-07 16:10:00,-5,644861400,34.0,4.14,44.9,47.8,0.0,22.8,21.3
2020-06-07 16:20:00,-5,644862000,30.8,4.14,29.5,45.0,47.8,22.8,21.4
2020-06-07 16:30:00,-5,644862600,36.8,4.14,29.5,45.0,47.8,22.7,21.2
2020-06-07 16:40:00,-5,644863200,36.3,4.14,29.5,44.9,47.8,22.7,21.5
2020-06-07 16:50:00,-5,644863800,33.0,4.14,44.9,47.8,0.0,21.5,0.0
2020-06-07 17:00:00,-5,644864400,30.3,4.14,29.4,44.9,47.8,23.0,21.4
2020-06-07 17:10:00,-5,644865000,28.8,4.14,45.0,47.8,0.0,23.0,21.4
2020-06-07 17:20:00,-5,644865600,33.3,4.14,45.0,47.8,0.0,23.1,21.4
2020-06-07 17:30:00,-5,644866200,35.0,4.14,45.0,47.8,0.0,23.1,21.5
2020-06-07 17:40:00,-5,644866800,34.5,4.14,45.0,47.8,0.0,23.1,21.6
2020-06-07 17:50:00,-5,644867400,34.8,4.14,45.0,47.8,0.0,23.1,21.5
2020-06-07 18:00:00,-5,644868000,33.8,4.14,29.1,45.0,47.8,23.1,21.5
2020-06-07 18:10:00,-5,644868600,32.8,4.14,45.0,47.8,0.0,23.1,21.6
2020-06-07 18:20:00,-5,644869200,31.5,4.14,45.0,47.8,0.0,23.2,21.5
2020-06-07 18:30:00,-5,644869800,30.5,4.14,45.0,47.8,0.0,23.2,21.5
2020-06-07 18:40:00,-5,644870400,29.5,4.14,29.1,45.1,47.8,23.1,21.6
2020-06-07 18:50:00,-5,644871000,28.5,4.14,29.0,45.1,47.8,23.1,21.5
2020-06-07 19:00:00,-5,644871600,27.8,4.14,45.1,47.8,0.0,23.2,21.5
2020-06-07 19:10:00,-5,644872200,26.3,4.14,28.9,45.1,47.9,23.1,21.5
2020-06-07 19:20:00,-5,644872800,24.0,4.14,28.9,45.1,47.9,23.0,21.6
2020-06-07 19:30:00,-5,644873400,22.3,4.14,45.1,47.9,0.0,23.1,21.3
2020-06-07 19:40:00,-5,644874000,21.0,4.14,28.8,45.1,47.9,23.0,21.6
2020-06-07 19:50:00,-5,644874600,20.0,4.14,45.1,47.9,0.0,23.0,21.6
2020-06-07 20:00:00,-5,644875200,19.0,4.14,28.8,45.1,47.9,23.0,21.5
2020-06-07 20:10:00,-5,644875800,18.3,4.14,28.7,45.1,47.9,23.0,21.5
2020-06-07 20:20:00,-5,644876400,17.8,4.14,45.1,47.9,0.0,21.7,0.0
2020-06-07 20:30:00,-5,644877000,17.5,4.14,28.6,45.1,47.9,23.0,21.6
2020-06-07 20:40:00,-5,644877600,17.8,4.14,45.1,47.9,0.0,23.0,21.6
2020-06-07 20:50:00,-5,644878200,17.5,4.14,28.6,45.1,47.9,22.7,21.7
2020-06-07 21:00:00,-5,644878800,17.5,4.14,45.1,47.9,0.0,22.8,21.7
2020-06-07 21:10:00,-5,644879400,17.3,4.14,28.5,45.1,47.9,22.8,21.8
2020-06-07 21:20:00,-5,644880000,16.5,4.14,45.1,47.9,0.0,22.7,21.7
2020-06-07 21:30:00,-5,644880600,16.3,4.14,28.4,45.1,47.9,22.8,21.6
2020-06-07 21:40:00,-5,644881200,16.8,4.14,45.0,47.9,0.0,22.7,21.7
2020-06-07 21:50:00,-5,644881800,16.5,4.14,28.3,45.0,47.9,22.7,21.6
2020-06-07 22:00:00,-5,644882400,16.5,4.14,45.0,47.9,0.0,22.6,21.7
2020-06-07 22:10:00,-5,644883000,16.0,4.14,28.3,45.0,47.9,22.5,21.6
2020-06-07 22:20:00,-5,644883600,15.8,4.14,45.0,47.9,0.0,22.6,21.7
2020-06-07 22:30:00,-5,644884200,15.3,4.14,45.0,47.9,0.0,22.5,21.6
2020-06-07 22:40:00,-5,644884800,14.8,4.14,45.0,47.9,0.0,22.3,21.6
2020-06-07 22:50:00,-5,644885400,14.5,4.14,28.1,44.9,47.9,22.4,21.7
2020-06-07 23:00:00,-5,644886000,14.8,4.14,28.1,44.9,47.9,22.4,21.6
2020-06-07 23:10:00,-5,644886600,14.8,4.14,28.1,44.9,48.0,22.2,21.8
2020-06-07 23:20:00,-5,644887200,14.0,4.14,44.9,48.0,0.0,22.3,21.7
2020-06-07 23:30:00,-5,644887800,14.3,4.14,44.9,48.0,0.0,22.1,21.6
2020-06-07 23:40:00,-5,644888400,14.0,4.14,28.0,44.8,48.0,22.1,21.7
2020-06-07 23:50:00,-5,644889000,13.8,4.14,44.8,48.0,0.0,22.0,21.7
2020-06-08 00:00:00,-5,644889600,13.8,4.14,27.9,44.8,48.0,22.1,21.6
2020-06-08 00:10:00,-5,644890200,13.3,4.14,27.9,44.8,48.0,22.0,21.6
2020-06-08 00:20:00,-5,644890800,12.8,4.14,27.8,44.8,48.0,21.7,21.7
2020-06-08 00:30:00,-5,644891400,12.5,4.14,44.8,48.0,0.0,21.8,21.6
2020-06-08 00:40:00,-5,644892000,12.8,4.14,44.7,48.0,0.0,21.7,21.5
2020-06-08 00:50:00,-5,644892600,12.5,4.14,27.8,44.7,48.0,21.7,21.7
2020-06-08 01:00:00,-5,644893200,12.0,4.14,27.7,44.7,48.0,21.6,21.5
2020-06-08 01:10:00,-5,644893800,11.8,4.14,44.7,48.0,0.0,21.5,21.7
2020-06-08 01:20:00,-5,644894400,11.8,4.14,27.7,44.7,48.0,21.5,21.5
2020-06-08 01:30:00,-5,644895000,11.5,4.14,44.6,48.0,0.0,21.5,21.7
2020-06-08 01:40:00,-5,644895600,11.0,4.14,44.6,48.0,0.0,21.3,21.6
2020-06-08 01:50:00,-5,644896200,11.0,4.14,27.6,44.6,48.0,21.3,21.4
2020-06-08 02:00:00,-5,644896800,11.0,4.14,44.6,48.0,0.0,21.1,21.5
2020-06-08 02:10:00,-5,644897400,11.3,4.14,27.5,44.6,48.0,21.3,21.4
2020-06-08 02:20:00,-5,644898000,11.0,4.14,27.5,44.6,48.0,21.2,21.5
2020-06-08 02:30:00,-5,644898600,11.0,4.14,44.5,48.0,0.0,21.1,21.5
2020-06-08 02:40:00,-5,644899200,10.8,4.14,27.4,44.5,48.0,21.1,21.4
2020-06-08 02:50:00,-5,644899800,10.8,4.14,27.4,44.5,48.0,20.7,21.6
2020-06-08 03:00:00,-5,644900400,10.5,4.14,44.5,48.0,0.0,21.0,21.4
2020-06-08 03:10:00,-5,644901000,10.5,4.14,44.5,48.0,0.0,20.8,21.3
2020-06-08 03:20:00,-5,644901600,10.5,4.14,44.4,48.0,0.0,20.8,21.3
2020-06-08 03:30:00,-5,644902200,10.0,4.14,27.3,44.4,48.0,20.7,21.5
2020-06-08 03:40:00,-5,644902800,9.8,4.14,44.4,48.0,0.0,20.6,21.5
2020-06-08 03:50:00,-5,644903400,9.8,4.14,44.4,48.0,0.0,20.6,21.3
2020-06-08 04:00:00,-5,644904000,9.8,4.14,27.2,44.3,48.0,20.5,21.3
2020-06-08 04:10:00,-5,644904600,10.0,4.14,27.2,44.3,48.0,20.5,21.3
2020-06-08 04:20:00,-5,644905200,10.0,4.14,27.2,44.3,48.0,20.4,21.4
2020-06-08 04:30:00,-5,644905800,10.3,4.14,27.2,44.3,48.0,20.4,21.3
2020-06-08 04:40:00,-5,644906400,10.5,4.14,44.3,48.0,0.0,20.3,21.2
2020-06-08 04:50:00,-5,644907000,10.5,4.14,44.3,48.0,0.0,20.2,21.1
2020-06-08 05:00:00,-5,644907600,10.8,4.14,27.1,44.2,48.0,20.3,21.3
2020-06-08 05:10:00,-5,644908200,10.8,4.14,27.1,44.2,48.0,20.1,21.3
2020-06-08 05:20:00,-5,644908800,12.5,4.14,27.1,44.2,48.0,20.1,21.2
2020-06-08 05:30:00,-5,644909400,14.5,4.14,27.0,44.2,48.0,20.0,21.3
2020-06-08 05:40:00,-5,644910000,15.3,4.14,27.0,44.1,48.0,20.0,21.1
2020-06-08 05:50:00,-5,644910600,16.3,4.14,27.0,44.1,48.0,20.0,21.1
2020-06-08 06:00:00,-5,644911200,15.0,4.14,27.0,44.1,48.0,19.8,21.2
2020-06-08 06:10:00,-5,644911800,14.8,4.14,27.0,44.1,48.0,19.8,21.1
2020-06-08 06:20:00,-5,644912400,14.3,4.14,26.9,44.1,48.0,19.8,21.2
2020-06-08 06:30:00,-5,644913000,14.5,4.14,44.0,48.0,0.0,19.8,21.0
2020-06-08 06:40:00,-5,644913600,14.8,4.14,26.9,44.0,48.0,19.8,21.1
2020-06-08 06:50:00,-5,644914200,15.3,4.14,26.9,44.0,48.0,19.6,21.0
2020-06-08 07:00:00,-5,644914800,15.8,4.14,26.9,44.0,48.0,19.5,21.1
2020-06-08 07:10:00,-5,644915400,16.5,4.14,26.9,44.0,48.0,19.7,21.1
2020-06-08 07:20:00,-5,644916000,17.0,4.14,26.9,44.0,48.0,19.6,20.7
2020-06-08 07:30:00,-5,644916600,17.5,4.14,26.9,44.0,48.0,19.5,20.7
2020-06-08 07:40:00,-5,644917200,18.3,4.14,26.9,43.9,48.0,19.4,20.8
2020-06-08 07:50:00,-5,644917800,19.8,4.14,26.9,43.9,48.0,19.4,20.7
2020-06-08 08:00:00,-5,644918400,22.0,4.14,26.9,43.9,48.0,19.4,21.1
2020-06-08 08:10:00,-5,644919000,23.3,4.14,26.9,43.9,48.1,19.3,20.7
2020-06-08 08:20:00,-5,644919600,24.0,4.14,43.9,48.0,0.0,19.3,20.6
2020-06-08 08:30:00,-5,644920200,24.5,4.14,27.0,43.9,48.0,19.3,20.8
2020-06-08 08:40:00,-5,644920800,24.8,4.14,27.0,43.9,48.1,19.3,20.7
2020-06-08 08:50:00,-5,644921400,25.8,4.14,43.9,48.1,0.0,19.3,20.8
2020-06-08 09:00:00,-5,644922000,26.5,4.14,27.0,43.8,48.1,19.2,20.7
2020-06-08 09:10:00,-5,644922600,27.5,4.14,27.1,43.8,48.1,19.2,20.8
2020-06-08 09:20:00,-5,644923200,28.8,4.14,27.1,43.8,48.1,19.2,20.6
2020-06-08 09:30:00,-5,644923800,29.3,4.14,27.2,43.8,48.1,19.2,20.7
2020-06-08 09:40:00,-5,644924400,29.8,4.14,27.2,43.8,48.1,19.2,20.6
2020-06-08 09:50:00,-5,644925000,30.5,4.14,27.3,43.8,48.1,19.3,20.6
2020-06-08 10:00:00,-5,644925600,31.0,4.14,27.3,43.8,48.1,19.3,20.6
2020-06-08 10:10:00,-5,644926200,32.5,4.14,27.4,43.8,48.1,19.3,20.6
2020-06-08 10:20:00,-5,644926800,33.5,4.14,27.5,43.8,48.1,19.3,20.5
2020-06-08 10:30:00,-5,644927400,34.5,4.14,43.8,48.1,0.0,20.5,0.0
2020-06-08 10:40:00,-5,644928000,34.5,4.14,27.6,43.8,48.1,19.6,20.5
2020-06-08 10:50:00,-5,644928600,35.3,4.14,27.7,43.9,48.1,19.5,20.4
2020-06-08 11:00:00,-5,644929200,36.3,4.14,27.7,43.9,48.1,19.6,20.5
2020-06-08 11:10:00,-5,644929800,37.8,4.14,27.8,43.9,48.1,20.3,0.0
2020-06-08 11:20:00,-5,644930400,37.0,4.14,27.8,43.9,48.1,19.7,20.5
2020-06-08 11:30:00,-5,644931000,38.5,4.15,43.9,48.1,0.0,19.8,20.3
2020-06-08 11:40:00,-5,644931600,39.3,4.15,27.9,43.9,48.1,19.8,20.3
2020-06-08 11:50:00,-5,644932200,38.8,4.15,28.0,44.0,48.1,20.1,20.3
2020-06-08 12:00:00,-5,644932800,39.8,4.15,28.0,44.0,48.1,20.0,20.3
2020-06-08 12:10:00,-5,644933400,41.3,4.15,44.0,48.1,0.0,20.2,0.0
2020-06-08 12:20:00,-5,644934000,42.0,4.15,28.2,44.0,48.1,20.3,0.0
2020-06-08 12:30:00,-5,644934600,41.5,4.15,44.1,48.1,0.0,20.3,0.0
2020-06-08 12:40:00,-5,644935200,43.3,4.15,28.3,44.1,48.1,20.2,20.3
2020-06-08 12:50:00,-5,644935800,43.8,4.15,44.1,48.1,0.0,20.3,0.0
2020-06-08 13:00:00,-5,644936400,43.5,4.15,44.2,48.1,0.0,20.5,20.3
2020-06-08 13:10:00,-5,644937000,44.3,4.15,28.5,44.2,48.1,20.6,20.3
2020-06-08 13:20:00,-5,644937600,44.0,4.15,44.2,48.1,0.0,20.7,20.2
2020-06-08 13:30:00,-5,644938200,44.5,4.15,44.2,48.1,0.0,20.8,20.2
2020-06-08 13:40:00,-5,644938800,43.8,4.15,44.3,48.1,0.0,21.0,20.3
2020-06-08 13:50:00,-5,644939400,45.0,4.15,44.3,48.1,0.0,20.3,0.0
2020-06-08 14:00:00,-5,644940000,44.8,4.15,44.3,48.1,0.0,21.3,20.3
2020-06-08 14:10:00,-5,644940600,45.5,4.15,44.4,48.1,0.0,21.3,20.3
2020-06-08 14:20:00,-5,644941200,47.0,4.15,28.8,44.4,48.1,20.3,0.0
2020-06-08 14:30:00,-5,644941800,46.8,4.15,44.5,48.1,0.0,20.3,0.0
2020-06-08 14:40:00,-5,644942400,46.5,4.15,28.9,44.5,48.1,20.3,0.0
2020-06-08 14:50:00,-5,644943000,46.5,4.15,28.9,44.5,48.1,22.1,20.2
2020-06-08 15:00:00,-5,644943600,45.5,4.15,28.9,44.6,48.1,22.0,20.2
2020-06-08 15:10:00,-5,644944200,44.3,4.15,29.0,44.6,48.1,22.1,20.3
2020-06-08 15:20:00,-5,644944800,46.0,4.15,29.0,44.6,48.1,20.5,0.0
2020-06-08 15:30:00,-5,644945400,43.8,4.15,44.7,48.1,0.0,22.3,20.3
2020-06-08 15:40:00,-5,644946000,44.0,4.15,44.7,48.1,0.0,22.4,20.4
2020-06-08 15:50:00,-5,644946600,43.3,4.15,29.0,44.8,48.1,20.3,0.0
2020-06-08 16:00:00,-5,644947200,43.5,4.15,29.0,44.8,48.1,22.5,20.5
2020-06-08 16:10:00,-5,644947800,43.0,4.15,29.0,44.8,48.1,22.7,20.5
2020-06-08 16:20:00,-5,644948400,42.5,4.15,44.9,48.1,0.0,20.5,0.0
2020-06-08 16:30:00,-5,644949000,41.5,4.15,44.9,48.1,0.0,20.5,0.0
2020-06-08 16:40:00,-5,644949600,41.0,4.15,44.9,48.1,0.0,20.6,0.0
2020-06-08 16:50:00,-5,644950200,41.8,4.15,29.0,45.0,48.1,20.6,0.0
2020-06-08 17:00:00,-5,644950800,40.8,4.15,45.0,48.1,0.0,23.0,20.7
2020-06-08 17:10:00,-5,644951400,40.0,4.15,45.0,48.1,0.0,20.7,0.0
2020-06-08 17:20:00,-5,644952000,39.5,4.15,45.1,48.1,0.0,23.1,20.7
2020-06-08 17:30:00,-5,644952600,39.0,4.15,45.1,48.1,0.0,20.6,0.0
2020-06-08 17:40:00,-5,644953200,37.8,4.15,45.1,48.1,0.0,20.7,0.0
2020-06-08 17:50:00,-5,644953800,37.0,4.15,45.1,48.2,0.0,20.7,0.0
2020-06-08 18:00:00,-5,644954400,36.0,4.15,45.2,48.2,0.0,23.4,20.7
2020-06-08 18:10:00,-5,644955000,35.0,4.15,45.2,48.2,0.0,20.7,0.0
2020-06-08 18:20:00,-5,644955600,33.5,4.15,28.8,45.2,48.2,23.5,21.0
2020-06-08 18:30:00,-5,644956200,32.8,4.15,28.7,45.2,48.2,23.5,20.7
2020-06-08 18:40:00,-5,644956800,31.8,4.15,28.7,45.3,48.2,23.5,20.8
2020-06-08 18:50:00,-5,644957400,30.8,4.15,28.6,45.3,48.2,20.8,0.0
2020-06-08 19:00:00,-5,644958000,29.0,4.15,28.6,45.3,48.2,23.7,21.1
2020-06-08 19:10:00,-5,644958600,27.0,4.15,45.3,48.2,0.0,21.0,0.0
2020-06-08 19:20:00,-5,644959200,24.5,4.14,28.4,45.3,48.2,23.7,21.1
2020-06-08 19:30:00,-5,644959800,22.3,4.14,45.3,48.2,0.0,23.6,21.1
2020-06-08 19:40:00,-5,644960400,21.0,4.14,45.3,48.2,0.0,23.6,21.0
2020-06-08 19:50:00,-5,644961000,20.0,4.14,28.3,45.4,48.2,23.7,21.1
2020-06-08 20:00:00,-5,644961600,19.3,4.14,45.4,48.2,0.0,23.7,21.1
2020-06-08 20:10:00,-5,644962200,18.5,4.14,28.1,45.4,48.2,23.5,21.2
2020-06-08 20:20:00,-5,644962800,18.0,4.14,28.1,45.4,48.2,21.1,0.0
2020-06-08 20:30:00,-5,644963400,17.8,4.14,45.4,48.2,0.0,23.6,21.1
2020-06-08 20:40:00,-5,644964000,17.5,4.14,45.4,48.2,0.0,23.5,21.2
2020-06-08 20:50:00,-5,644964600,17.0,4.14,27.9,45.4,48.2,23.5,21.1
2020-06-08 21:00:00,-5,644965200,16.3,4.14,45.4,48.3,0.0,23.5,21.2
2020-06-08 21:10:00,-5,644965800,16.0,4.14,45.4,48.2,0.0,23.4,21.3
2020-06-08 21:20:00,-5,644966400,16.0,4.14,27.7,45.4,48.3,23.3,21.3
2020-06-08 21:30:00,-5,644967000,16.0,4.14,27.7,45.4,48.3,23.4,21.3
2020-06-08 21:40:00,-5,644967600,15.5,4.14,45.4,48.3,0.0,21.3,0.0
2020-06-08 21:50:00,-5,644968200,15.5,4.14,45.3,48.3,0.0,23.2,21.3
2020-06-08 22:00:00,-5,644968800,14.8,4.14,27.5,45.3,48.3,23.2,21.4
2020-06-08 22:10:00,-5,644969400,14.5,4.14,45.3,48.3,0.0,23.1,21.3
2020-06-08 22:20:00,-5,644970000,14.3,4.14,27.4,45.3,48.3,23.0,21.4
2020-06-08 22:30:00,-5,644970600,13.8,4.14,27.4,45.3,48.3,23.1,21.4
2020-06-08 22:40:00,-5,644971200,13.8,4.14,45.3,48.3,0.0,23.0,21.4
2020-06-08 22:50:00,-5,644971800,14.0,4.14,45.3,48.3,0.0,23.0,21.3
2020-06-08 23:00:00,-5,644972400,13.8,4.14,27.2,45.3,48.3,22.8,21.5
2020-06-08 23:10:00,-5,644973000,13.5,4.14,27.2,45.2,48.3,22.7,21.3
2020-06-08 23:20:00,-5,644973600,13.3,4.14,27.1,45.2,48.3,22.6,21.4
2020-06-08 23:30:00,-5,644974200,12.8,4.14,27.1,45.2,48.3,22.6,21.3
2020-06-08 23:40:00,-5,644974800,12.8,4.14,45.2,48.3,0.0,22.5,21.4
2020-06-08 23:50:00,-5,644975400,12.5,4.14,45.2,48.3,0.0,22.6,21.6
2020-06-09 00:00:00,-5,644976000,13.0,4.14,27.0,45.1,48.3,22.5,21.5
2020-06-09 00:10:00,-5,644976600,12.8,4.14,45.1,48.3,0.0,22.5,21.4
2020-06-09 00:20:00,-5,644977200,12.8,4.14,26.9,45.1,48.4,22.4,21.5
2020-06-09 00:30:00,-5,644977800,12.3,4.14,26.8,45.1,48.4,22.4,21.4
2020-06-09 00:40:00,-5,644978400,12.3,4.14,26.8,45.1,48.4,22.3,21.5
2020-06-09 00:50:00,-5,644979000,12.0,4.14,45.0,48.4,0.0,22.3,21.5
2020-06-09 01:00:00,-5,644979600,12.3,4.14,45.0,48.4,0.0,22.2,21.6
2020-06-09 01:10:00,-5,644980200,12.3,4.14,45.0,48.4,0.0,22.1,21.4
2020-06-09 01:20:00,-5,644980800,12.3,4.14,45.0,48.4,0.0,22.0,21.5
2020-06-09 01:30:00,-5,644981400,12.3,4.14,26.6,44.9,48.4,22.0,21.3
2020-06-09 01:40:00,-5,644982000,12.3,4.14,26.6,44.9,48.4,21.8,21.5
2020-06-09 01:50:00,-5,644982600,12.3,4.14,26.5,44.9,48.4,21.7,21.4
2020-06-09 02:00:00,-5,644983200,12.3,4.14,26.5,44.9,48.4,21.7,21.5
2020-06-09 02:10:00,-5,644983800,12.3,4.14,44.9,48.4,0.0,21.6,21.5
2020-06-09 02:20:00,-5,644984400,12.0,4.14,26.5,44.8,48.4,21.7,21.4
2020-06-09 02:30:00,-5,644985000,11.8,4.14,26.4,44.8,48.4,21.5,21.5
2020-06-09 02:40:00,-5,644985600,11.8,4.14,26.4,44.8,48.4,21.5,21.4
2020-06-09 02:50:00,-5,644986200,11.8,4.14,26.4,44.8,48.4,21.2,21.5
2020-06-09 03:00:00,-5,644986800,11.8,4.14,26.3,44.7,48.4,21.2,21.4
2020-06-09 03:10:00,-5,644987400,11.5,4.14,26.3,44.7,48.4,21.2,21.3
2020-06-09 03:20:00,-5,644988000,11.5,4.14,26.3,44.7,48.4,21.2,21.4
2020-06-09 03:30:00,-5,644988600,11.5,4.14,44.7,48.4,0.0,21.1,21.3
2020-06-09 03:40:00,-5,644989200,11.5,4.14,44.6,48.4,0.0,21.1,21.3
2020-06-09 03:50:00,-5,644989800,11.5,4.14,26.2,44.6,48.4,20.7,21.3
2020-06-09 04:00:00,-5,644990400,11.3,4.14,26.2,44.6,48.4,21.0,21.3
2020-06-09 04:10:00,-5,644991000,11.3,4.14,26.1,44.6,48.4,20.8,21.3
2020-06-09 04:20:00,-5,644991600,11.0,4.14,26.1,44.6,48.4,21.0,21.3
2020-06-09 04:30:00,-5,644992200,11.0,4.14,26.1,44.5,48.4,20.7,21.2
2020-06-09 04:40:00,-5,644992800,11.3,4.14,44.5,48.4,0.0,20.8,21.2
2020-06-09 04:50:00,-5,644993400,11.3,4.14,26.0,44.5,48.4,20.7,21.2
2020-06-09 05:00:00,-5,644994000,11.3,4.14,44.5,48.4,0.0,20.6,21.3
2020-06-09 05:10:00,-5,644994600,11.8,4.14,44.4,48.4,0.0,20.5,21.2
2020-06-09 05:20:00,-5,644995200,13.3,4.14,26.0,44.4,48.4,20.5,21.2
2020-06-09 05:30:00,-5,644995800,14.5,4.14,25.9,44.4,48.4,20.5,21.2
2020-06-09 05:40:00,-5,644996400,16.0,4.14,25.9,44.4,48.4,20.5,21.2
2020-06-09 05:50:00,-5,644997000,17.0,4.14,25.9,44.4,48.4,20.3,21.1
2020-06-09 06:00:00,-5,644997600,16.0,4.14,25.9,44.3,48.4,20.2,21.1
2020-06-09 06:10:00,-5,644998200,15.8,4.14,25.9,44.3,48.4,20.3,21.0
2020-06-09 06:20:00,-5,644998800,15.5,4.14,44.3,48.4,0.0,20.2,21.0
2020-06-09 06:30:00,-5,644999400,15.8,4.14,25.8,44.3,48.4,20.2,21.2
2020-06-09 06:40:00,-5,645000000,16.0,4.14,25.8,44.3,48.4,20.1,21.1
2020-06-09 06:50:00,-5,645000600,16.3,4.14,25.8,44.2,48.4,20.0,21.0
2020-06-09 07:00:00,-5,645001200,16.8,4.14,25.8,44.2,48.4,20.0,21.1
2020-06-09 07:10:00,-5,645001800,17.5,4.14,44.2,48.4,0.0,20.0,21.1
2020-06-09 07:20:00,-5,645002400,18.5,4.14,25.8,44.2,48.4,20.1,21.0
2020-06-09 07:30:00,-5,645003000,19.0,4.14,25.8,44.2,48.4,20.1,21.0
2020-06-09 07:40:00,-5,645003600,19.8,4.14,25.8,44.2,48.4,20.0,21.0
2020-06-09 07:50:00,-5,645004200,21.5,4.14,25.8,44.1,48.4,19.8,20.6
2020-06-09 08:00:00,-5,645004800,24.8,4.14,25.8,44.1,48.5,19.8,21.1
2020-06-09 08:10:00,-5,645005400,26.3,4.14,25.8,44.1,48.5,19.8,20.8
2020-06-09 08:20:00,-5,645006000,27.0,4.14,44.1,48.5,0.0,19.8,20.7
2020-06-09 08:30:00,-5,645006600,28.3,4.15,25.9,44.1,48.5,19.8,21.0
2020-06-09 08:40:00,-5,645007200,29.3,4.15,25.9,44.1,48.5,19.7,20.8
2020-06-09 08:50:00,-5,645007800,30.3,4.15,44.1,48.5,0.0,19.8,20.8
2020-06-09 09:00:00,-5,645008400,31.5,4.15,44.1,48.5,0.0,19.7,20.8
2020-06-09 09:10:00,-5,645009000,32.0,4.15,26.1,44.1,48.5,19.8,20.8
2020-06-09 09:20:00,-5,645009600,33.3,4.15,26.1,44.1,48.5,19.8,20.7
2020-06-09 09:30:00,-5,645010200,33.8,4.15,26.2,44.1,48.5,19.8,20.6
2020-06-09 09:40:00,-5,645010800,34.3,4.15,44.1,48.5,0.0,19.7,20.7
2020-06-09 09:50:00,-5,645011400,35.8,4.15,44.1,48.5,0.0,19.7,20.7
2020-06-09 10:00:00,-5,645012000,37.3,4.15,44.1,48.5,0.0,19.8,20.6
2020-06-09 10:10:00,-5,645012600,37.5,4.15,44.1,48.5,0.0,19.8,20.7
2020-06-09 10:20:00,-5,645013200,39.0,4.15,26.5,44.1,48.5,20.6,0.0
2020-06-09 10:30:00,-5,645013800,39.0,4.15,26.6,44.1,48.5,20.5,0.0
2020-06-09 10:40:00,-5,645014400,39.5,4.15,44.1,48.5,0.0,20.5,0.0
2020-06-09 10:50:00,-5,645015000,40.3,4.15,44.2,48.5,0.0,20.1,20.6
2020-06-09 11:00:00,-5,645015600,40.5,4.15,44.2,48.5,0.0,20.3,20.5
2020-06-09 11:10:00,-5,645016200,40.8,4.15,26.9,44.2,48.5,20.3,20.5
2020-06-09 11:20:00,-5,645016800,41.5,4.15,27.0,44.2,48.5,20.6,0.0
2020-06-09 11:30:00,-5,645017400,42.3,4.15,44.2,48.5,0.0,20.5,20.5
2020-06-09 11:40:00,-5,645018000,42.3,4.15,27.2,44.3,48.5,20.6,20.5
2020-06-09 11:50:00,-5,645018600,43.8,4.15,27.2,44.3,48.5,20.8,20.5
2020-06-09 12:00:00,-5,645019200,43.8,4.15,44.3,48.5,0.0,21.0,20.3
2020-06-09 12:10:00,-5,645019800,44.0,4.15,44.4,48.5,0.0,21.0,20.5
2020-06-09 12:20:00,-5,645020400,45.5,4.15,44.4,48.5,0.0,21.1,20.5
2020-06-09 12:30:00,-5,645021000,45.8,4.15,44.4,48.5,0.0,21.3,20.3
2020-06-09 12:40:00,-5,645021600,46.8,4.15,27.7,44.5,48.5,20.4,0.0
2020-06-09 12:50:00,-5,645022200,46.3,4.15,44.5,48.5,0.0,20.3,0.0
2020-06-09 13:00:00,-5,645022800,45.8,4.15,27.9,44.5,48.5,20.5,0.0
2020-06-09 13:10:00,-5,645023400,47.5,4.15,28.0,44.6,48.5,20.3,0.0
2020-06-09 13:20:00,-5,645024000,47.5,4.15,44.6,48.5,0.0,20.5,0.0
2020-06-09 13:30:00,-5,645024600,48.3,4.15,28.1,44.7,48.5,22.0,20.6
2020-06-09 13:40:00,-5,645025200,48.3,4.15,44.7,48.5,0.0,20.5,0.0
2020-06-09 13:50:00,-5,645025800,48.5,4.15,44.7,48.5,0.0,20.5,0.0
2020-06-09 14:00:00,-5,645026400,49.0,4.15,44.8,48.5,0.0,20.5,0.0
2020-06-09 14:10:00,-5,645027000,49.0,4.15,28.4,44.8,48.5,20.5,0.0
2020-06-09 14:20:00,-5,645027600,49.3,4.15,28.5,44.9,48.5,20.5,0.0
2020-06-09 14:30:00,-5,645028200,49.5,4.15,44.9,48.5,0.0,20.8,0.0
2020-06-09 14:40:00,-5,645028800,49.3,4.15,28.6,44.9,48.5,20.7,0.0
2020-06-09 14:50:00,-5,645029400,48.8,4.15,45.0,48.6,0.0,20.8,0.0
2020-06-09 15:00:00,-5,645030000,48.0,4.15,45.0,48.5,0.0,20.6,0.0
2020-06-09 15:10:00,-5,645030600,47.0,4.15,45.1,48.6,0.0,20.7,0.0
2020-06-09 15:20:00,-5,645031200,46.8,4.15,45.1,48.6,0.0,20.7,0.0
2020-06-09 15:30:00,-5,645031800,46.3,4.15,45.1,48.6,0.0,20.7,0.0
2020-06-09 15:40:00,-5,645032400,46.3,4.15,28.8,45.2,48.6,20.7,0.0
2020-06-09 15:50:00,-5,645033000,46.0,4.15,28.8,45.2,48.6,20.7,0.0
2020-06-09 16:00:00,-5,645033600,45.5,4.15,45.3,48.6,0.0,21.1,0.0
2020-06-09 16:10:00,-5,645034200,45.5,4.15,45.3,48.6,0.0,23.8,21.0
2020-06-09 16:20:00,-5,645034800,44.8,4.15,45.3,48.6,0.0,20.7,0.0
2020-06-09 16:30:00,-5,645035400,44.3,4.15,45.4,48.6,0.0,21.0,0.0
2020-06-09 16:40:00,-5,645036000,44.0,4.15,28.8,45.4,48.6,20.7,0.0
2020-06-09 16:50:00,-5,645036600,43.8,4.15,28.8,45.4,48.6,24.3,21.1
2020-06-09 17:00:00,-5,645037200,43.0,4.15,28.8,45.5,48.6,21.1,0.0
2020-06-09 17:10:00,-5,645037800,42.0,4.15,28.7,45.5,48.6,21.1,0.0
2020-06-09 17:20:00,-5,645038400,41.5,4.15,45.6,48.6,0.0,21.0,0.0
2020-06-09 17:30:00,-5,645039000,41.5,4.15,28.7,45.6,48.6,24.7,21.1
2020-06-09 17:40:00,-5,645039600,40.0,4.15,28.7,45.6,48.6,21.1,0.0
2020-06-09 17:50:00,-5,645040200,39.0,4.15,45.6,48.6,0.0,24.7,21.1
2020-06-09 18:00:00,-5,645040800,38.0,4.15,45.7,48.6,0.0,24.8,21.2
2020-06-09 18:10:00,-5,645041400,37.3,4.15,28.5,45.7,48.6,24.6,21.2
2020-06-09 18:20:00,-5,645042000,36.0,4.15,45.7,48.7,0.0,24.8,21.2
2020-06-09 18:30:00,-5,645042600,35.3,4.15,28.4,45.8,48.7,21.2,0.0
2020-06-09 18:40:00,-5,645043200,33.8,4.15,45.8,48.7,0.0,24.8,21.5
2020-06-09 18:50:00,-5,645043800,32.0,4.15,28.3,45.8,48.7,21.4,0.0
2020-06-09 19:00:00,-5,645044400,29.5,4.15,45.8,48.7,0.0,21.6,0.0
2020-06-09 19:10:00,-5,645045000,28.5,4.15,28.2,45.8,48.7,25.1,21.6
2020-06-09 19:20:00,-5,645045600,27.0,4.15,45.8,48.7,0.0,21.3,0.0
2020-06-09 19:30:00,-5,645046200,26.0,4.15,45.8,48.7,0.0,21.6,0.0
2020-06-09 19:40:00,-5,645046800,25.0,4.15,45.8,48.7,0.0,25.1,21.4
2020-06-09 19:50:00,-5,645047400,24.5,4.15,45.8,48.7,0.0,21.6,0.0
2020-06-09 20:00:00,-5,645048000,24.0,4.15,27.9,45.8,48.7,25.2,21.7
2020-06-09 20:10:00,-5,645048600,23.5,4.15,45.8,48.7,0.0,21.7,0.0
2020-06-09 20:20:00,-5,645049200,23.0,4.15,45.8,48.7,0.0,21.7,0.0
2020-06-09 20:30:00,-5,645049800,23.0,4.15,27.7,45.9,48.7,25.0,21.8
2020-06-09 20:40:00,-5,645050400,22.8,4.15,27.6,45.9,48.7,25.0,21.7
2020-06-09 20:50:00,-5,645051000,22.5,4.15,27.6,45.9,48.8,21.8,0.0
2020-06-09 21:00:00,-5,645051600,22.3,4.15,45.9,48.8,0.0,25.0,21.8
2020-06-09 21:10:00,-5,645052200,22.0,4.15,45.9,48.8,0.0,25.0,21.8
2020-06-09 21:20:00,-5,645052800,21.8,4.15,45.8,48.8,0.0,21.8,0.0
2020-06-09 21:30:00,-5,645053400,21.5,4.15,27.3,45.9,48.8,24.7,21.7
2020-06-09 21:40:00,-5,645054000,21.3,4.15,27.2,45.8,48.8,24.8,22.1
2020-06-09 21:50:00,-5,645054600,21.3,4.15,45.8,48.8,0.0,21.7,0.0
2020-06-09 22:00:00,-5,645055200,21.0,4.15,45.8,48.8,0.0,21.7,0.0
2020-06-09 22:10:00,-5,645055800,20.8,4.15,45.8,48.8,0.0,24.7,22.0
2020-06-09 22:20:00,-5,645056400,20.5,4.15,27.0,45.8,48.8,24.7,22.0
2020-06-09 22:30:00,-5,645057000,20.3,4.15,45.8,48.8,0.0,24.7,22.0
2020-06-09 22:40:00,-5,645057600,20.3,4.15,26.9,45.8,48.8,24.6,22.0
2020-06-09 22:50:00,-5,645058200,20.0,4.15,26.8,45.8,48.9,24.6,22.1
2020-06-09 23:00:00,-5,645058800,19.8,4.15,26.8,45.8,48.9,24.5,22.1
2020-06-09 23:10:00,-5,645059400,19.3,4.15,26.8,45.8,48.9,24.5,22.1
2020-06-09 23:20:00,-5,645060000,19.0,4.15,45.8,48.9,0.0,24.4,22.1
2020-06-09 23:30:00,-5,645060600,19.3,4.15,26.7,45.8,48.9,24.3,22.1
2020-06-09 23:40:00,-5,645061200,19.3,4.15,26.6,45.8,48.9,24.3,22.2
2020-06-09 23:50:00,-5,645061800,19.0,4.15,26.6,45.8,48.9,24.1,22.2
2020-06-10 00:00:00,-5,645062400,18.8,4.15,26.5,45.8,48.9,24.2,22.2
2020-06-10 00:10:00,-5,645063000,18.8,4.15,26.5,45.7,48.9,24.0,22.1
2020-06-10 00:20:00,-5,645063600,18.8,4.15,26.5,45.7,48.9,24.1,22.2
2020-06-10 00:30:00,-5,645064200,18.8,4.15,45.7,48.9,0.0,24.0,22.2
2020-06-10 00:40:00,-5,645064800,18.5,4.15,26.4,45.7,48.9,22.2,0.0
2020-06-10 00:50:00,-5,645065400,18.3,4.15,26.3,45.7,48.9,23.7,22.2
2020-06-10 01:00:00,-5,645066000,18.0,4.15,26.3,45.7,48.9,23.8,22.2
2020-06-10 01:10:00,-5,645066600,18.0,4.14,45.6,48.9,0.0,23.7,22.3
2020-06-10 01:20:00,-5,645067200,18.0,4.14,45.6,48.9,0.0,23.7,22.2
2020-06-10 01:30:00,-5,645067800,18.0,4.14,26.2,45.6,49.0,23.7,22.1
2020-06-10 01:40:00,-5,645068400,18.0,4.14,45.6,49.0,0.0,23.5,22.2
2020-06-10 01:50:00,-5,645069000,18.0,4.14,26.1,45.5,49.0,23.5,22.2
2020-06-10 02:00:00,-5,645069600,17.8,4.14,45.5,49.0,0.0,23.5,22.2
2020-06-10 02:10:00,-5,645070200,17.5,4.14,26.1,45.5,49.0,23.3,22.2
2020-06-10 02:20:00,-5,645070800,17.5,4.14,26.0,45.5,49.0,23.4,22.2
2020-06-10 02:30:00,-5,645071400,17.5,4.14,45.5,49.0,0.0,23.3,22.2
2020-06-10 02:40:00,-5,645072000,17.5,4.14,26.0,45.4,49.0,23.2,22.2
2020-06-10 02:50:00,-5,645072600,17.5,4.14,45.4,49.0,0.0,23.3,22.2
2020-06-10 03:00:00,-5,645073200,17.5,4.14,45.4,49.0,0.0,23.1,22.2
2020-06-10 03:10:00,-5,645073800,17.5,4.14,25.9,45.4,49.0,23.2,22.2
2020-06-10 03:20:00,-5,645074400,17.3,4.14,25.9,45.4,49.0,23.0,22.2
2020-06-10 03:30:00,-5,645075000,17.0,4.14,25.8,45.3,49.0,23.0,22.2
2020-06-10 03:40:00,-5,645075600,17.3,4.14,45.3,49.0,0.0,23.0,22.1
2020-06-10 03:50:00,-5,645076200,17.0,4.14,45.3,49.0,0.0,22.8,22.1
2020-06-10 04:00:00,-5,645076800,16.8,4.14,45.3,49.0,0.0,23.0,22.2
2020-06-10 04:10:00,-5,645077400,17.0,4.14,45.3,49.0,0.0,22.8,22.1
2020-06-10 04:20:00,-5,645078000,17.3,4.14,25.7,45.3,49.0,22.7,22.2
2020-06-10 04:30:00,-5,645078600,17.5,4.14,45.2,49.0,0.0,22.6,22.1
2020-06-10 04:40:00,-5,645079200,17.3,4.14,45.2,49.0,0.0,22.7,22.2
2020-06-10 04:50:00,-5,645079800,17.3,4.14,45.2,49.0,0.0,22.6,22.1
2020-06-10 05:00:00,-5,645080400,17.3,4.14,25.6,45.2,49.0,22.6,22.2
2020-06-10 05:10:00,-5,645081000,17.3,4.14,25.6,45.2,49.0,22.6,22.1
2020-06-10 05:20:00,-5,645081600,17.3,4.14,25.6,45.1,49.0,22.6,22.1
2020-06-10 05:30:00,-5,645082200,17.5,4.14,45.1,49.0,0.0,22.4,22.0
2020-06-10 05:40:00,-5,645082800,17.5,4.14,25.5,45.1,49.0,22.4,22.0
2020-06-10 05:50:00,-5,645083400,17.8,4.14,25.5,45.1,49.0,22.3,22.1
2020-06-10 06:00:00,-5,645084000,18.0,4.14,45.1,49.0,0.0,22.4,22.1
2020-06-10 06:10:00,-5,645084600,18.3,4.14,25.5,45.0,49.1,22.4,22.0
2020-06-10 06:20:00,-5,645085200,19.0,4.14,25.5,45.0,49.1,22.3,22.1
2020-06-10 06:30:00,-5,645085800,19.5,4.14,45.0,49.1,0.0,22.2,22.0
2020-06-10 06:40:00,-5,645086400,19.5,4.14,25.5,45.0,49.1,22.1,22.0
2020-06-10 06:50:00,-5,645087000,19.8,4.14,25.5,45.0,49.1,22.1,22.0
2020-06-10 07:00:00,-5,645087600,20.8,4.15,45.0,49.1,0.0,22.1,22.0
2020-06-10 07:10:00,-5,645088200,21.8,4.15,25.5,44.9,49.1,22.2,22.0
2020-06-10 07:20:00,-5,645088800,22.8,4.15,25.5,44.9,49.1,22.0,22.0
2020-06-10 07:30:00,-5,645089400,23.8,4.15,44.9,49.1,0.0,22.0,22.0
2020-06-10 07:40:00,-5,645090000,24.5,4.15,44.9,49.1,0.0,22.0,22.0
2020-06-10 07:50:00,-5,645090600,26.5,4.15,25.5,44.9,49.1,22.0,22.0
2020-06-10 08:00:00,-5,645091200,28.8,4.15,25.5,44.9,49.1,22.1,22.0
2020-06-10 08:10:00,-5,645091800,30.5,4.15,25.5,44.9,49.1,21.7,21.7
2020-06-10 08:20:00,-5,645092400,30.3,4.15,44.9,49.1,0.0,21.8,22.0
2020-06-10 08:30:00,-5,645093000,30.5,4.15,44.8,49.1,0.0,21.8,21.8
2020-06-10 08:40:00,-5,645093600,31.3,4.15,44.8,49.1,0.0,22.0,21.8
2020-06-10 08:50:00,-5,645094200,32.0,4.15,25.7,44.8,49.1,22.0,21.8
2020-06-10 09:00:00,-5,645094800,33.0,4.15,25.7,44.8,49.1,21.7,21.8
2020-06-10 09:10:00,-5,645095400,34.0,4.15,25.8,44.8,49.1,22.1,21.8
2020-06-10 09:20:00,-5,645096000,35.0,4.15,25.8,44.8,49.1,22.1,21.7
2020-06-10 09:30:00,-5,645096600,35.3,4.15,44.8,49.1,0.0,22.0,21.8
2020-06-10 09:40:00,-5,645097200,35.5,4.15,44.8,49.1,0.0,21.8,21.8
2020-06-10 09:50:00,-5,645097800,36.5,4.15,26.0,44.8,49.2,22.1,21.8
2020-06-10 10:00:00,-5,645098400,37.5,4.15,26.1,44.8,49.2,22.0,21.6
2020-06-10 10:10:00,-5,645099000,38.3,4.15,44.8,49.2,0.0,22.1,21.7
2020-06-10 10:20:00,-5,645099600,40.3,4.15,44.8,49.2,0.0,22.2,21.6
2020-06-10 10:30:00,-5,645100200,41.0,4.15,44.9,49.2,0.0,22.1,21.7
2020-06-10 10:40:00,-5,645100800,41.5,4.15,26.4,44.9,49.2,22.3,21.7
2020-06-10 10:50:00,-5,645101400,41.0,4.15,26.5,44.9,49.2,22.3,21.8
2020-06-10 11:00:00,-5,645102000,41.8,4.15,44.9,49.2,0.0,22.3,21.7
2020-06-10 11:10:00,-5,645102600,43.0,4.15,44.9,49.2,0.0,22.5,21.7
2020-06-10 11:20:00,-5,645103200,42.5,4.15,26.7,45.0,49.2,22.5,21.7
2020-06-10 11:30:00,-5,645103800,43.3,4.15,26.8,45.0,49.2,22.6,21.6
2020-06-10 11:40:00,-5,645104400,45.0,4.15,26.9,45.0,49.2,22.7,21.6
2020-06-10 11:50:00,-5,645105000,44.5,4.15,45.0,49.2,0.0,22.8,21.7
2020-06-10 12:00:00,-5,645105600,45.8,4.15,27.1,45.1,49.2,21.7,0.0
2020-06-10 12:10:00,-5,645106200,44.5,4.15,45.1,49.2,0.0,21.6,0.0
2020-06-10 12:20:00,-5,645106800,44.0,4.15,45.1,49.2,0.0,23.1,21.6
2020-06-10 12:30:00,-5,645107400,44.3,4.15,27.4,45.1,49.2,23.3,21.6
2020-06-10 12:40:00,-5,645108000,44.8,4.15,45.2,49.2,0.0,23.3,21.6
2020-06-10 12:50:00,-5,645108600,47.0,4.15,45.2,49.2,0.0,23.3,21.6
2020-06-10 13:00:00,-5,645109200,44.3,4.15,27.6,45.2,49.2,23.6,21.7
2020-06-10 13:10:00,-5,645109800,45.5,4.15,45.3,49.2,0.0,21.7,0.0
2020-06-10 13:20:00,-5,645110400,45.3,4.15,45.3,49.2,0.0,23.8,21.7
2020-06-10 13:30:00,-5,645111000,48.3,4.15,45.4,49.2,0.0,21.6,0.0
2020-06-10 13:40:00,-5,645111600,47.5,4.15,27.9,45.4,49.2,21.8,0.0
2020-06-10 13:50:00,-5,645112200,48.8,4.15,45.4,49.2,0.0,21.8,0.0
2020-06-10 14:00:00,-5,645112800,44.3,4.15,45.5,49.2,0.0,21.7,0.0
2020-06-10 14:10:00,-5,645113400,44.5,4.15,45.5,49.2,0.0,24.4,21.8
2020-06-10 14:20:00,-5,645114000,40.3,4.15,28.1,45.5,49.2,21.8,0.0
2020-06-10 14:30:00,-5,645114600,47.8,4.15,28.1,45.6,49.2,21.8,0.0
2020-06-10 14:40:00,-5,645115200,47.0,4.15,45.6,49.2,0.0,24.8,21.8
2020-06-10 14:50:00,-5,645115800,48.0,4.15,28.2,45.7,49.2,24.8,21.8
2020-06-10 15:00:00,-5,645116400,47.5,4.17,28.2,45.7,49.3,22.0,0.0
2020-06-10 15:10:00,-5,645117000,46.0,4.15,28.2,45.7,49.2,22.1,0.0
2020-06-10 15:20:00,-5,645117600,44.8,4.15,45.7,49.3,0.0,25.1,21.7
2020-06-10 15:30:00,-5,645118200,45.8,4.15,45.8,49.3,0.0,22.0,0.0
2020-06-10 15:40:00,-5,645118800,46.5,4.17,45.8,49.3,0.0,21.7,0.0
2020-06-10 15:50:00,-5,645119400,47.3,4.17,45.8,49.3,0.0,22.1,0.0
2020-06-10 16:00:00,-5,645120000,47.8,4.17,45.8,49.3,0.0,22.0,0.0
2020-06-10 16:10:00,-5,645120600,47.0,4.17,28.3,45.8,49.3,25.4,22.1
2020-06-10 16:20:00,-5,645121200,46.0,4.15,28.3,45.9,49.3,22.1,0.0
2020-06-10 16:30:00,-5,645121800,45.5,4.17,45.9,49.3,0.0,22.0,0.0
2020-06-10 16:40:00,-5,645122400,44.8,4.17,45.9,49.3,0.0,25.7,22.1
2020-06-10 16:50:00,-5,645123000,44.3,4.17,46.0,49.3,0.0,22.1,0.0
2020-06-10 17:00:00,-5,645123600,42.3,4.15,28.3,46.0,49.3,22.2,0.0
2020-06-10 17:10:00,-5,645124200,38.8,4.15,28.2,46.0,49.3,22.1,0.0
2020-06-10 17:20:00,-5,645124800,37.3,4.15,46.0,49.3,0.0,22.2,0.0
2020-06-10 17:30:00,-5,645125400,36.3,4.15,46.1,49.3,0.0,22.2,0.0
2020-06-10 17:40:00,-5,645126000,38.0,4.15,46.1,49.3,0.0,22.2,0.0
2020-06-10 17:50:00,-5,645126600,36.5,4.15,46.1,49.3,0.0,22.3,0.0
2020-06-10 18:00:00,-5,645127200,35.3,4.15,28.0,46.2,49.4,22.3,0.0
2020-06-10 18:10:00,-5,645127800,32.8,4.15,28.0,46.2,49.4,26.2,22.5
2020-06-10 18:20:00,-5,645128400,31.0,4.15,27.9,46.2,49.4,22.4,0.0
2020-06-10 18:30:00,-5,645129000,30.3,4.15,46.2,49.4,0.0,22.5,0.0
2020-06-10 18:40:00,-5,645129600,29.5,4.15,46.3,49.4,0.0,22.5,0.0
2020-06-10 18:50:00,-5,645130200,29.3,4.15,27.7,46.3,49.4,26.3,22.6
2020-06-10 19:00:00,-5,645130800,28.8,4.15,27.6,46.3,49.4,22.5,0.0
2020-06-10 19:10:00,-5,645131400,28.3,4.15,46.3,49.4,0.0,22.6,0.0
2020-06-10 19:20:00,-5,645132000,28.0,4.15,46.3,49.4,0.0,22.7,0.0
2020-06-10 19:30:00,-5,645132600,27.8,4.15,27.4,46.3,49.4,22.7,0.0
2020-06-10 19:40:00,-5,645133200,27.5,4.15,46.3,49.4,0.0,26.5,22.6
2020-06-10 19:50:00,-5,645133800,27.3,4.15,46.3,49.4,0.0,26.5,22.7
2020-06-10 20:00:00,-5,645134400,27.5,4.15,46.4,49.4,0.0,26.4,22.7
2020-06-10 20:10:00,-5,645135000,27.5,4.15,27.2,46.4,49.4,26.5,22.7
2020-06-10 20:20:00,-5,645135600,27.3,4.15,46.4,49.5,0.0,22.7,0.0
2020-06-10 20:30:00,-5,645136200,27.0,4.15,46.4,49.5,0.0,26.3,22.8
2020-06-10 20:40:00,-5,645136800,27.0,4.15,27.0,46.4,49.5,23.0,0.0
2020-06-10 20:50:00,-5,645137400,27.3,4.15,26.9,46.4,49.5,22.8,0.0
2020-06-10 21:00:00,-5,645138000,27.3,4.15,26.9,46.4,49.5,26.3,22.8
2020-06-10 21:10:00,-5,645138600,27.3,4.15,26.8,46.4,49.5,23.0,0.0
2020-06-10 21:20:00,-5,645139200,27.0,4.15,46.3,49.5,0.0,26.2,23.1
2020-06-10 21:30:00,-5,645139800,27.0,4.15,46.3,49.5,0.0,26.2,23.0
2020-06-10 21:40:00,-5,645140400,26.8,4.15,26.6,46.3,49.5,26.1,22.7
2020-06-10 21:50:00,-5,645141000,26.8,4.15,46.3,49.5,0.0,23.0,0.0
2020-06-10 22:00:00,-5,645141600,26.8,4.15,46.3,49.5,0.0,26.0,23.0
2020-06-10 22:10:00,-5,645142200,26.8,4.15,46.3,49.5,0.0,23.0,0.0
2020-06-10 22:20:00,-5,645142800,26.5,4.15,26.5,46.3,49.5,23.1,0.0
2020-06-10 22:30:00,-5,645143400,26.5,4.15,46.3,49.6,0.0,23.0,0.0
2020-06-10 22:40:00,-5,645144000,26.3,4.15,46.3,49.6,0.0,23.0,0.0
2020-06-10 22:50:00,-5,645144600,26.3,4.15,26.4,46.3,49.6,23.0,0.0
2020-06-10 23:00:00,-5,645145200,26.3,4.15,46.2,49.6,0.0,23.1,0.0
2020-06-10 23:10:00,-5,645145800,26.5,4.15,26.3,46.2,49.6,25.7,23.1
2020-06-10 23:20:00,-5,645146400,26.3,4.15,26.3,46.2,49.6,25.7,23.1
2020-06-10 23:30:00,-5,645147000,26.5,4.15,46.2,49.6,0.0,25.6,23.1
2020-06-10 23:40:00,-5,645147600,26.5,4.15,46.2,49.6,0.0,25.5,23.1
2020-06-10 23:50:00,-5,645148200,26.5,4.15,26.2,46.2,49.6,25.6,23.1
2020-06-11 00:00:00,-5,645148800,26.8,4.15,26.1,46.2,49.6,25.5,23.1
2020-06-11 00:10:00,-5,645149400,26.8,4.15,46.1,49.6,0.0,25.4,23.1
2020-06-11 00:20:00,-5,645150000,26.5,4.15,26.1,46.1,49.6,25.4,23.1
2020-06-11 00:30:00,-5,645150600,26.3,4.15,26.0,46.1,49.6,25.4,23.3
2020-06-11 00:40:00,-5,645151200,26.0,4.15,46.1,49.6,0.0,25.4,23.1
2020-06-11 00:50:00,-5,645151800,26.0,4.15,26.0,46.1,49.7,25.3,23.2
2020-06-11 01:00:00,-5,645152400,25.8,4.15,25.9,46.1,49.7,25.2,23.2
2020-06-11 01:10:00,-5,645153000,25.3,4.15,46.1,49.7,0.0,25.2,23.1
2020-06-11 01:20:00,-5,645153600,25.0,4.15,46.1,49.7,0.0,25.2,23.2
2020-06-11 01:30:00,-5,645154200,25.3,4.15,25.9,46.1,49.7,25.2,23.2
2020-06-11 01:40:00,-5,645154800,25.0,4.15,25.9,46.0,49.7,25.2,23.2
2020-06-11 01:50:00,-5,645155400,24.8,4.15,25.8,46.0,49.7,25.1,23.2
2020-06-11 02:00:00,-5,645156000,24.3,4.15,25.8,46.0,49.7,25.2,23.2
2020-06-11 02:10:00,-5,645156600,24.3,4.15,25.8,46.0,49.7,25.2,23.2
2020-06-11 02:20:00,-5,645157200,24.0,4.15,25.8,46.0,49.7,25.2,23.2
2020-06-11 02:30:00,-5,645157800,24.0,4.15,46.0,49.7,0.0,23.1,0.0
2020-06-11 02:40:00,-5,645158400,24.0,4.15,25.8,46.0,49.7,25.0,23.1
2020-06-11 02:50:00,-5,645159000,24.0,4.15,25.8,46.0,49.7,25.1,23.2
2020-06-11 03:00:00,-5,645159600,23.8,4.15,46.0,49.7,0.0,23.2,0.0
2020-06-11 03:10:00,-5,645160200,23.8,4.15,45.9,49.7,0.0,25.0,23.2
2020-06-11 03:20:00,-5,645160800,23.8,4.15,45.9,49.7,0.0,24.8,23.1
2020-06-11 03:30:00,-5,645161400,23.8,4.15,25.7,45.9,49.7,24.6,23.2
2020-06-11 03:40:00,-5,645162000,23.8,4.15,25.7,45.9,49.7,23.3,0.0
2020-06-11 03:50:00,-5,645162600,23.8,4.15,45.9,49.8,0.0,23.2,0.0
2020-06-11 04:00:00,-5,645163200,24.0,4.15,45.9,49.8,0.0,24.8,23.2
2020-06-11 04:10:00,-5,645163800,23.8,4.15,45.9,49.8,0.0,24.7,23.2
2020-06-11 04:20:00,-5,645164400,23.8,4.15,25.7,45.9,49.8,24.7,23.2
2020-06-11 04:30:00,-5,645165000,23.8,4.15,25.7,45.8,49.8,24.6,23.2
2020-06-11 04:40:00,-5,645165600,23.5,4.15,45.8,49.8,0.0,24.7,23.2
2020-06-11 04:50:00,-5,645166200,23.5,4.15,25.7,45.8,49.8,24.6,23.1
2020-06-11 05:00:00,-5,645166800,23.5,4.15,25.7,45.8,49.8,24.5,23.1
2020-06-11 05:10:00,-5,645167400,23.5,4.15,45.8,49.8,0.0,24.6,23.2
2020-06-11 05:20:00,-5,645168000,23.5,4.15,45.8,49.8,0.0,24.5,23.1
2020-06-11 05:30:00,-5,645168600,23.5,4.15,45.8,49.8,0.0,24.5,23.1
2020-06-11 05:40:00,-5,645169200,23.5,4.15,45.8,49.8,0.0,24.6,23.2
2020-06-11 05:50:00,-5,645169800,23.5,4.15,45.8,49.8,0.0,24.5,23.1
2020-06-11 06:00:00,-5,645170400,23.8,4.15,25.8,45.8,49.8,24.5,23.2
2020-06-11 06:10:00,-5,645171000,23.8,4.15,25.9,45.8,49.8,24.5,23.1
2020-06-11 06:20:00,-5,645171600,24.0,4.15,45.8,49.8,0.0,24.5,23.2
2020-06-11 06:30:00,-5,645172200,24.0,4.15,45.8,49.8,0.0,24.3,23.1
2020-06-11 06:40:00,-5,645172800,24.0,4.15,45.8,49.8,0.0,24.4,23.1
2020-06-11 06:50:00,-5,645173400,24.0,4.15,26.0,45.8,49.8,24.3,23.1
2020-06-11 07:00:00,-5,645174000,24.0,4.15,45.8,49.8,0.0,24.2,23.1
2020-06-11 07:10:00,-5,645174600,24.3,4.15,45.8,49.9,0.0,24.3,23.1
2020-06-11 07:20:00,-5,645175200,24.8,4.15,45.8,49.8,0.0,23.1,0.0
2020-06-11 07:30:00,-5,645175800,24.8,4.15,45.8,49.8,0.0,23.1,0.0
2020-06-11 07:40:00,-5,645176400,25.5,4.15,26.1,45.8,49.8,24.2,23.1
2020-06-11 07:50:00,-5,645177000,25.8,4.15,45.8,49.8,0.0,24.3,23.1
2020-06-11 08:00:00,-5,645177600,24.8,4.15,26.1,45.8,49.9,24.2,23.1
2020-06-11 08:10:00,-5,645178200,24.3,4.15,45.8,49.8,0.0,24.2,23.1
2020-06-11 08:20:00,-5,645178800,23.8,4.15,45.8,49.9,0.0,23.1,0.0
2020-06-11 08:30:00,-5,645179400,23.5,4.15,45.8,49.9,0.0,24.1,23.1
2020-06-11 08:40:00,-5,645180000,23.8,4.15,45.8,49.9,0.0,24.1,23.1
2020-06-11 08:50:00,-5,645180600,24.3,4.15,45.8,49.9,0.0,24.1,23.1
2020-06-11 09:00:00,-5,645181200,24.8,4.15,45.8,49.9,0.0,23.0,0.0
2020-06-11 09:10:00,-5,645181800,27.5,4.15,45.8,49.9,0.0,24.0,23.0
2020-06-11 09:20:00,-5,645182400,28.8,4.15,26.6,45.8,49.9,24.1,23.0
2020-06-11 09:30:00,-5,645183000,28.5,4.15,26.7,45.8,49.9,24.1,23.1
2020-06-11 09:40:00,-5,645183600,29.3,4.15,26.8,45.8,49.9,24.1,23.0
2020-06-11 09:50:00,-5,645184200,30.0,4.15,26.9,45.8,49.9,24.1,23.0
2020-06-11 10:00:00,-5,645184800,30.8,4.15,45.8,49.9,0.0,23.0,0.0
2020-06-11 10:10:00,-5,645185400,32.8,4.15,45.8,49.9,0.0,24.1,23.1
2020-06-11 10:20:00,-5,645186000,36.0,4.15,45.8,49.9,0.0,24.0,23.0
2020-06-11 10:30:00,-5,645186600,32.5,4.15,45.8,49.9,0.0,24.1,23.0
2020-06-11 10:40:00,-5,645187200,30.0,4.15,45.8,49.9,0.0,24.0,23.0
2020-06-11 10:50:00,-5,645187800,28.5,4.15,45.8,49.9,0.0,24.1,23.0
2020-06-11 11:00:00,-5,645188400,28.8,4.15,45.8,49.9,0.0,24.1,23.0
2020-06-11 11:10:00,-5,645189000,27.5,4.15,45.8,49.9,0.0,24.1,23.0
2020-06-11 11:20:00,-5,645189600,26.0,4.15,27.4,45.8,49.9,24.2,23.0
2020-06-11 11:30:00,-5,645190200,24.5,4.15,33.0,46.2,50.0,24.1,23.1
2020-06-11 11:40:00,-5,645190800,24.0,4.15,55.8,48.5,50.0,24.2,23.0
2020-06-11 11:50:00,-5,645191400,23.8,4.15,55.8,48.6,50.0,24.2,22.8
2020-06-11 12:00:00,-5,645192000,23.8,4.15,55.8,48.6,50.0,23.0,0.0
2020-06-11 12:10:00,-5,645192600,24.8,4.15,54.5,48.5,50.0,24.3,23.0
2020-06-11 12:20:00,-5,645193200,27.8,4.15,52.8,48.5,50.0,24.2,23.0
2020-06-11 12:30:00,-5,645193800,29.3,4.15,48.5,50.0,0.0,24.3,23.0
2020-06-11 12:40:00,-5,645194400,30.5,4.15,50.2,48.6,50.0,24.3,23.0
2020-06-11 12:50:00,-5,645195000,34.8,4.15,49.2,48.6,50.0,24.3,23.0
2020-06-11 13:00:00,-5,645195600,38.0,4.15,48.3,48.6,50.0,24.3,23.0
2020-06-11 13:10:00,-5,645196200,41.8,4.15,47.3,48.6,50.0,24.2,23.0
2020-06-11 13:20:00,-5,645196800,41.0,4.15,45.8,48.6,50.0,23.0,0.0
2020-06-11 13:30:00,-5,645197400,38.8,4.15,48.6,50.0,0.0,24.3,23.0
2020-06-11 13:40:00,-5,645198000,38.8,4.15,43.1,48.6,50.0,23.0,0.0
2020-06-11 13:50:00,-5,645198600,37.5,4.15,41.6,48.5,50.0,24.3,23.1
2020-06-11 14:00:00,-5,645199200,36.3,4.15,40.6,48.6,50.0,24.4,23.0
2020-06-11 14:10:00,-5,645199800,34.5,4.15,48.6,50.0,0.0,23.0,0.0
2020-06-11 14:20:00,-5,645200400,33.3,4.15,39.6,48.7,50.0,23.0,0.0
2020-06-11 14:30:00,-5,645201000,33.3,4.15,48.7,50.0,0.0,23.0,0.0
2020-06-11 14:40:00,-5,645201600,33.5,4.15,38.9,48.7,50.0,24.5,23.0
2020-06-11 14:50:00,-5,645202200,33.3,4.15,38.6,48.7,50.0,23.0,0.0
2020-06-11 15:00:00,-5,645202800,33.8,4.15,38.3,48.7,50.0,24.6,23.0
2020-06-11 15:10:00,-5,645203400,33.8,4.15,37.8,48.7,50.0,23.0,0.0
2020-06-11 15:20:00,-5,645204000,36.3,4.15,37.3,48.7,50.0,23.0,0.0
2020-06-11 15:30:00,-5,645204600,44.0,4.15,36.6,48.7,50.1,24.7,23.1
2020-06-11 15:40:00,-5,645205200,45.5,4.17,36.2,48.7,50.1,23.0,0.0
2020-06-11 15:50:00,-5,645205800,38.3,4.15,35.7,48.7,50.1,23.0,0.0
2020-06-11 16:00:00,-5,645206400,36.3,4.15,35.3,48.8,50.1,23.0,0.0
2020-06-11 16:10:00,-5,645207000,34.5,4.15,34.9,48.6,50.0,24.8,23.1
2020-06-11 16:20:00,-5,645207600,33.3,4.15,48.4,50.1,0.0,24.8,23.1
2020-06-11 16:30:00,-5,645208200,32.5,4.15,34.4,48.2,50.1,23.1,0.0
2020-06-11 16:40:00,-5,645208800,32.5,4.15,34.1,48.1,50.1,23.1,0.0
2020-06-11 16:50:00,-5,645209400,33.8,4.15,33.9,48.0,50.1,23.1,0.0
2020-06-11 17:00:00,-5,645210000,33.5,4.15,47.9,50.1,0.0,23.0,0.0
2020-06-11 17:10:00,-5,645210600,32.3,4.15,33.6,47.8,50.1,25.1,23.0
2020-06-11 17:20:00,-5,645211200,31.3,4.15,33.5,47.8,50.1,25.2,23.1
2020-06-11 17:30:00,-5,645211800,30.5,4.15,33.4,47.8,50.1,25.2,23.1
2020-06-11 17:40:00,-5,645212400,29.8,4.15,33.3,47.7,50.1,23.0,0.0
2020-06-11 17:50:00,-5,645213000,29.3,4.15,33.3,47.7,50.1,25.2,23.0
2020-06-11 18:00:00,-5,645213600,28.3,4.15,33.3,47.7,50.1,25.2,23.1
2020-06-11 18:10:00,-5,645214200,27.5,4.15,33.2,47.7,50.1,25.3,23.1
2020-06-11 18:20:00,-5,645214800,27.5,4.15,33.1,47.7,50.1,25.2,23.1
2020-06-11 18:30:00,-5,645215400,27.0,4.15,33.1,47.7,50.1,25.3,23.1
2020-06-11 18:40:00,-5,645216000,26.8,4.15,33.0,47.7,50.1,25.2,23.2
2020-06-11 18:50:00,-5,645216600,27.3,4.15,33.0,47.7,50.1,25.2,23.2
2020-06-11 19:00:00,-5,645217200,27.5,4.15,32.9,47.7,50.1,25.3,23.1
2020-06-11 19:10:00,-5,645217800,27.8,4.15,32.9,47.7,50.1,25.2,23.1
2020-06-11 19:20:00,-5,645218400,27.5,4.15,47.7,50.1,0.0,25.3,23.1
2020-06-11 19:30:00,-5,645219000,26.5,4.15,32.8,47.7,50.1,25.2,23.2
2020-06-11 19:40:00,-5,645219600,25.5,4.15,32.7,47.7,50.2,25.2,23.2
2020-06-11 19:50:00,-5,645220200,25.0,4.15,32.7,47.7,50.2,25.2,23.2
2020-06-11 20:00:00,-5,645220800,24.5,4.15,32.7,47.7,50.2,25.2,23.3
2020-06-11 20:10:00,-5,645221400,24.0,4.15,32.6,47.7,50.2,25.2,23.2
2020-06-11 20:20:00,-5,645222000,23.8,4.15,32.6,47.7,50.2,25.3,23.2
2020-06-11 20:30:00,-5,645222600,23.8,4.15,32.5,47.7,50.2,25.3,23.2
2020-06-11 20:40:00,-5,645223200,23.3,4.15,32.5,47.7,50.2,25.2,23.2
2020-06-11 20:50:00,-5,645223800,23.0,4.15,32.5,47.7,50.2,25.3,23.2
2020-06-11 21:00:00,-5,645224400,22.8,4.15,47.7,50.2,0.0,25.2,23.3
2020-06-11 21:10:00,-5,645225000,22.8,4.15,47.7,50.2,0.0,25.1,23.2
2020-06-11 21:20:00,-5,645225600,22.8,4.15,47.7,50.2,0.0,25.2,23.2
2020-06-11 21:30:00,-5,645226200,22.3,4.15,32.3,47.7,50.2,25.1,23.3
2020-06-11 21:40:00,-5,645226800,22.3,4.15,32.3,47.7,50.2,25.1,23.2
2020-06-11 21:50:00,-5,645227400,22.0,4.15,32.2,47.7,50.3,25.1,23.2
2020-06-11 22:00:00,-5,645228000,21.8,4.15,32.2,47.7,50.2,25.1,23.3
2020-06-11 22:10:00,-5,645228600,21.5,4.15,32.1,47.7,50.2,25.1,23.4
2020-06-11 22:20:00,-5,645229200,21.5,4.15,32.1,47.7,50.2,25.0,23.3
2020-06-11 22:30:00,-5,645229800,21.3,4.15,32.0,47.7,50.2,23.3,0.0
2020-06-11 22:40:00,-5,645230400,21.3,4.15,32.0,47.7,50.2,25.1,23.3
2020-06-11 22:50:00,-5,645231000,21.3,4.15,32.0,47.7,50.2,25.1,23.3
2020-06-11 23:00:00,-5,645231600,20.5,4.15,31.9,47.7,50.2,24.7,23.2
2020-06-11 23:10:00,-5,645232200,20.0,4.15,31.9,47.7,50.3,24.7,23.3
2020-06-11 23:20:00,-5,645232800,20.5,4.15,47.7,50.3,0.0,24.8,23.3
2020-06-11 23:30:00,-5,645233400,21.0,4.15,31.8,47.7,50.3,24.7,23.4
2020-06-11 23:40:00,-5,645234000,21.5,4.15,31.8,47.6,50.3,24.7,23.3
2020-06-11 23:50:00,-5,645234600,21.8,4.15,47.6,50.3,0.0,24.6,23.3
2020-06-12 00:00:00,-5,645235200,21.5,4.15,31.7,47.6,50.3,24.6,23.3
2020-06-12 00:10:00,-5,645235800,21.3,4.15,47.6,50.3,0.0,24.6,23.3
2020-06-12 00:20:00,-5,645236400,20.8,4.15,31.6,47.6,50.3,24.7,23.3
2020-06-12 00:30:00,-5,645237000,20.5,4.15,47.6,50.3,0.0,24.6,23.2
2020-06-12 00:40:00,-5,645237600,19.8,4.15,31.5,47.6,50.3,24.4,23.3
2020-06-12 00:50:00,-5,645238200,19.8,4.15,47.5,50.3,0.0,24.4,23.3
2020-06-12 01:00:00,-5,645238800,19.8,4.15,31.5,47.5,50.3,24.4,23.5
2020-06-12 01:10:00,-5,645239400,19.8,4.15,31.4,47.5,50.3,24.3,23.2
2020-06-12 01:20:00,-5,645240000,19.5,4.15,31.4,47.5,50.3,24.2,23.3
2020-06-12 01:30:00,-5,645240600,19.8,4.15,31.4,47.5,50.3,24.3,23.2
2020-06-12 01:40:00,-5,645241200,19.5,4.15,31.3,47.5,50.3,24.2,23.3
2020-06-12 01:50:00,-5,645241800,19.0,4.15,47.5,50.3,0.0,24.1,23.2
2020-06-12 02:00:00,-5,645242400,18.8,4.15,31.3,47.5,50.3,24.0,23.3
2020-06-12 02:10:00,-5,645243000,18.0,4.15,47.4,50.3,0.0,24.2,23.2
2020-06-12 02:20:00,-5,645243600,17.8,4.15,31.2,47.4,50.3,24.1,23.3
2020-06-12 02:30:00,-5,645244200,17.8,4.15,47.4,50.3,0.0,24.0,23.3
2020-06-12 02:40:00,-5,645244800,18.3,4.15,31.1,47.4,50.3,24.0,23.3
2020-06-12 02:50:00,-5,645245400,18.0,4.15,47.4,50.3,0.0,24.0,23.3
2020-06-12 03:00:00,-5,645246000,17.8,4.15,47.4,50.3,0.0,23.9,23.3
2020-06-12 03:10:00,-5,645246600,17.3,4.15,47.4,50.3,0.0,23.8,23.2
2020-06-12 03:20:00,-5,645247200,16.8,4.15,31.0,47.3,50.3,23.7,23.3
2020-06-12 03:30:00,-5,645247800,16.8,4.15,47.3,50.4,0.0,23.6,23.2
2020-06-12 03:40:00,-5,645248400,16.5,4.15,30.9,47.3,50.3,23.6,23.2
2020-06-12 03:50:00,-5,645249000,16.3,4.15,30.9,47.3,50.3,23.5,23.2
2020-06-12 04:00:00,-5,645249600,16.3,4.15,30.9,47.3,50.3,23.5,23.2
2020-06-12 04:10:00,-5,645250200,16.5,4.15,30.8,47.3,50.3,23.5,23.1
2020-06-12 04:20:00,-5,645250800,16.8,4.15,30.8,47.2,50.3,23.4,23.2
2020-06-12 04:30:00,-5,645251400,17.0,4.15,30.7,47.2,50.4,23.4,23.2
2020-06-12 04:40:00,-5,645252000,16.8,4.15,30.7,47.2,50.4,23.3,23.1
2020-06-12 04:50:00,-5,645252600,17.0,4.15,30.7,47.2,50.4,23.2,23.2
2020-06-12 05:00:00,-5,645253200,17.3,4.15,30.6,47.2,50.4,23.2,23.1
2020-06-12 05:10:00,-5,645253800,17.5,4.15,47.1,50.4,0.0,23.2,23.1
2020-06-12 05:20:00,-5,645254400,19.0,4.15,30.6,47.1,50.4,23.1,23.1
2020-06-12 05:30:00,-5,645255000,20.0,4.15,30.5,47.1,50.4,23.1,23.1
2020-06-12 05:40:00,-5,645255600,20.8,4.15,30.5,47.1,50.4,23.0,23.1
2020-06-12 05:50:00,-5,645256200,21.8,4.15,30.5,47.1,50.4,22.7,23.1
2020-06-12 06:00:00,-5,645256800,21.5,4.15,30.5,47.1,50.4,22.8,23.0
2020-06-12 06:10:00,-5,645257400,21.8,4.15,30.4,47.0,50.4,22.8,23.0
2020-06-12 06:20:00,-5,645258000,20.8,4.15,30.4,47.0,50.4,22.8,23.0
2020-06-12 06:30:00,-5,645258600,20.5,4.15,30.4,47.0,50.4,22.7,23.0
2020-06-12 06:40:00,-5,645259200,20.5,4.15,30.4,47.0,50.4,22.7,23.0
2020-06-12 06:50:00,-5,645259800,20.3,4.15,30.4,47.0,50.4,22.6,23.0
2020-06-12 07:00:00,-5,645260400,20.5,4.15,30.4,46.9,50.4,22.6,23.0
2020-06-12 07:10:00,-5,645261000,21.0,4.15,30.3,46.9,50.4,22.6,23.0
2020-06-12 07:20:00,-5,645261600,21.3,4.15,30.3,46.9,50.4,22.4,23.0
2020-06-12 07:30:00,-5,645262200,21.5,4.15,30.3,46.9,50.4,22.5,23.0
2020-06-12 07:40:00,-5,645262800,22.3,4.15,30.3,46.9,50.4,22.5,23.0
2020-06-12 07:50:00,-5,645263400,23.8,4.15,30.3,46.9,50.4,22.5,23.0
2020-06-12 08:00:00,-5,645264000,26.5,4.15,30.3,46.9,50.4,22.5,22.8
2020-06-12 08:10:00,-5,645264600,27.8,4.15,30.3,46.9,50.4,22.4,22.8
2020-06-12 08:20:00,-5,645265200,29.0,4.15,30.4,46.8,50.4,22.4,22.8
2020-06-12 08:30:00,-5,645265800,29.8,4.15,30.4,46.8,50.4,22.3,22.7
2020-06-12 08:40:00,-5,645266400,30.0,4.15,30.4,46.8,50.4,22.3,22.7
2020-06-12 08:50:00,-5,645267000,30.5,4.15,30.5,46.8,50.4,22.2,22.7
2020-06-12 09:00:00,-5,645267600,31.3,4.15,30.5,46.8,50.4,22.2,22.7
2020-06-12 09:10:00,-5,645268200,31.8,4.15,30.6,46.8,50.4,22.3,22.7
2020-06-12 09:20:00,-5,645268800,32.3,4.15,30.6,46.8,50.4,22.2,22.7
2020-06-12 09:30:00,-5,645269400,33.5,4.15,46.8,50.4,0.0,22.2,22.7
2020-06-12 09:40:00,-5,645270000,34.5,4.15,30.8,46.8,50.4,22.3,22.6
2020-06-12 09:50:00,-5,645270600,35.3,4.15,30.8,46.8,50.4,22.3,22.6
2020-06-12 10:00:00,-5,645271200,35.5,4.15,30.9,46.8,50.4,22.4,22.6
2020-06-12 10:10:00,-5,645271800,36.3,4.15,46.8,50.4,0.0,22.4,22.6
2020-06-12 10:20:00,-5,645272400,36.8,4.15,46.8,50.4,0.0,22.5,22.6
2020-06-12 10:30:00,-5,645273000,36.8,4.15,46.8,50.4,0.0,22.4,22.6
2020-06-12 10:40:00,-5,645273600,38.3,4.15,31.2,46.8,50.4,22.3,22.7
2020-06-12 10:50:00,-5,645274200,38.5,4.15,31.3,46.8,50.4,22.5,22.5
2020-06-12 11:00:00,-5,645274800,39.0,4.15,31.3,46.8,50.4,22.6,22.5
2020-06-12 11:10:00,-5,645275400,40.0,4.15,31.4,46.8,50.4,22.5,22.6
2020-06-12 11:20:00,-5,645276000,40.5,4.17,31.5,46.9,50.4,22.6,22.6
2020-06-12 11:30:00,-5,645276600,40.5,4.17,46.9,50.4,0.0,22.7,22.5
2020-06-12 11:40:00,-5,645277200,40.8,4.17,46.9,50.4,0.0,22.8,22.5
2020-06-12 11:50:00,-5,645277800,41.3,4.17,46.9,50.4,0.0,22.5,0.0
2020-06-12 12:00:00,-5,645278400,41.3,4.17,46.9,50.4,0.0,23.0,22.5
2020-06-12 12:10:00,-5,645279000,42.5,4.17,31.8,46.9,50.4,22.6,0.0
2020-06-12 12:20:00,-5,645279600,43.5,4.17,31.8,47.0,50.4,23.1,22.5
2020-06-12 12:30:00,-5,645280200,43.5,4.17,31.9,47.0,50.4,23.1,22.5
2020-06-12 12:40:00,-5,645280800,43.8,4.17,31.9,47.0,50.4,23.2,22.6
