SL226 - Mayfly GPLP3 Logger
DateTime_EST,TZ-Offset,Loggertime,BoardTemp_C,Battery_V,Segment1_percent,Segment2_percent,Segment3_percent,T1_degC,T2_degC
2021-07-21 09:30:00,-5,680175000,42.3,3.96,20.7,32.7,42.5,24.5,24.4
2021-07-21 09:40:00,-5,680175600,43.5,4.03,20.7,32.6,42.5,24.4,24.3
2021-07-21 10:00:00,-5,680176800,44.8,4.03,20.7,32.6,42.6,24.2,24.7
2021-07-21 10:10:00,-5,680177400,43.3,4.03,20.7,32.6,42.5,24.4,24.6
2021-07-21 10:20:00,-5,680178000,44.3,4.03,20.7,32.5,42.5,24.3,24.6
2021-07-21 10:30:00,-5,680178600,41.8,4.03,20.7,32.5,42.4,24.5,24.6
2021-07-21 10:40:00,-5,680179200,44.5,4.03,20.7,32.5,42.4,24.5,24.6
2021-07-21 11:00:00,-5,680180400,44.3,4.03,20.7,32.4,42.4,24.5,24.6
2021-07-21 11:20:00,-5,680181600,45.8,4.03,20.6,32.3,42.4,24.5,24.6
2021-07-21 11:40:00,-5,680182800,46.5,4.03,20.6,32.3,42.3,24.5,24.5
2021-07-21 11:50:00,-5,680183400,46.0,4.03,20.6,32.2,42.3,24.5,24.6
2021-07-21 12:10:00,-5,680184600,45.8,4.03,20.6,32.2,42.4,24.4,24.4
2021-07-21 12:20:00,-5,680185200,45.0,4.03,20.6,32.1,42.3,24.6,24.5
2021-07-21 12:30:00,-5,680185800,41.5,4.03,20.6,32.1,42.2,24.5,24.6
2021-07-21 12:50:00,-5,680187000,40.5,4.03,20.6,32.0,42.2,24.5,24.5
2021-07-21 13:00:00,-5,680187600,36.3,4.03,20.6,32.0,42.2,24.6,24.3
2021-07-21 13:10:00,-5,680188200,37.0,4.03,20.6,32.0,42.2,24.5,24.3
2021-07-21 13:20:00,-5,680188800,42.0,4.03,20.6,32.0,42.2,24.6,24.4
2021-07-21 13:30:00,-5,680189400,41.0,4.03,20.6,32.0,42.2,24.7,24.5
2021-07-21 13:40:00,-5,680190000,39.5,4.03,20.6,31.9,42.1,24.6,24.3
2021-07-21 14:30:00,-5,680193000,22.3,4.02,29.6,43.5,46.4,24.7,24.4
2021-07-21 14:40:00,-5,680193600,24.3,4.03,26.8,41.2,43.6,24.7,24.3
2021-07-21 14:50:00,-5,680194200,28.3,4.03,25.8,39.5,43.1,24.7,24.2
2021-07-21 16:00:00,-5,680198400,31.5,4.03,23.0,34.5,42.5,24.7,24.3
2021-07-21 16:10:00,-5,680199000,31.5,4.03,22.8,34.2,42.5,24.7,24.2
2021-07-21 16:20:00,-5,680199600,32.0,4.03,22.7,34.0,42.4,24.7,24.4
2021-07-21 17:30:00,-5,680203800,30.0,4.03,22.3,33.3,42.2,24.7,24.3
2021-07-21 18:40:00,-5,680208000,21.0,4.02,22.2,33.2,42.2,24.8,24.3
2021-07-21 20:00:00,-5,680212800,19.3,4.02,22.1,33.2,42.2,25.1,24.5
2021-07-21 20:50:00,-5,680215800,19.0,4.02,22.0,33.2,42.4,24.8,24.5
2021-07-21 21:00:00,-5,680216400,18.8,4.02,22.0,33.2,42.2,24.8,24.6
2021-07-21 22:10:00,-5,680220600,17.3,4.02,21.9,33.2,42.2,24.7,24.6
2021-07-21 23:40:00,-5,680226000,16.5,4.02,21.8,33.1,42.2,24.7,24.7
2021-07-22 00:10:00,-5,680227800,16.5,4.02,21.8,33.1,42.2,24.7,24.6
2021-07-22 00:30:00,-5,680229000,16.5,4.02,21.8,33.1,42.2,24.7,24.6
2021-07-22 00:40:00,-5,680229600,16.3,4.02,21.8,33.1,42.2,24.6,24.5
2021-07-22 00:50:00,-5,680230200,16.0,4.02,21.8,33.1,42.2,24.6,24.6
2021-07-22 01:20:00,-5,680232000,16.0,4.00,21.7,33.1,42.4,24.5,24.5
2021-07-22 02:10:00,-5,680235000,15.5,4.00,21.7,33.0,42.2,24.4,24.5
2021-07-22 02:50:00,-5,680237400,15.0,4.00,21.7,33.0,42.2,24.5,24.3
2021-07-22 03:20:00,-5,680239200,14.5,4.00,21.6,33.0,42.4,24.3,24.3
2021-07-22 04:00:00,-5,680241600,14.3,4.00,21.6,33.0,42.2,24.2,24.4
2021-07-22 04:40:00,-5,680244000,13.8,4.00,21.6,32.9,42.2,24.2,24.2
2021-07-22 05:00:00,-5,680245200,14.0,4.00,21.5,32.9,42.2,24.2,24.4
2021-07-22 05:10:00,-5,680245800,14.3,4.00,21.5,32.9,42.2,24.1,24.3
2021-07-22 05:30:00,-5,680247000,14.8,4.00,21.5,32.9,42.2,24.0,24.2
2021-07-22 07:20:00,-5,680253600,29.3,4.02,21.4,32.8,42.2,24.0,24.3
2021-07-22 08:00:00,-5,680256000,34.3,4.02,21.4,32.8,42.2,23.8,24.3
2021-07-22 08:20:00,-5,680257200,33.5,4.03,21.3,32.7,42.2,23.7,24.3
2021-07-22 08:40:00,-5,680258400,35.3,4.03,21.3,32.7,42.2,23.8,24.1
2021-07-22 09:00:00,-5,680259600,36.3,4.03,21.3,32.6,42.2,23.7,24.3
2021-07-22 09:20:00,-5,680260800,39.3,4.03,21.2,32.5,42.2,23.6,24.1
2021-07-22 09:30:00,-5,680261400,39.8,4.03,21.2,32.5,42.1,23.7,24.2
2021-07-22 10:10:00,-5,680263800,43.5,4.03,21.1,32.3,42.2,23.6,24.3
2021-07-22 10:20:00,-5,680264400,41.0,4.03,21.1,32.3,42.2,23.7,24.2
2021-07-22 10:40:00,-5,680265600,41.0,4.03,21.1,32.2,42.0,23.6,24.1
2021-07-22 11:00:00,-5,680266800,37.8,4.03,21.1,32.1,42.0,23.7,24.2
2021-07-22 11:10:00,-5,680267400,34.8,4.03,21.1,32.1,42.0,23.7,24.0
2021-07-22 11:30:00,-5,680268600,40.8,4.03,21.1,32.0,42.0,23.7,24.2
2021-07-22 11:50:00,-5,680269800,39.0,4.03,21.0,31.9,41.9,23.6,24.0
2021-07-22 12:00:00,-5,680270400,41.0,4.03,21.1,31.8,41.9,23.7,24.2
2021-07-22 12:10:00,-5,680271000,43.3,4.03,21.0,31.9,42.0,23.7,24.0
2021-07-22 12:50:00,-5,680273400,42.3,4.03,21.0,31.7,41.8,23.6,24.0
2021-07-22 13:00:00,-5,680274000,42.0,4.03,21.0,31.7,41.8,23.7,24.0
2021-07-22 13:20:00,-5,680275200,39.8,4.03,20.9,31.5,41.8,23.8,23.8
2021-07-22 13:30:00,-5,680275800,40.5,4.03,20.9,31.5,41.7,23.8,23.7
2021-07-22 13:50:00,-5,680277000,40.5,4.03,20.9,31.4,41.7,23.8,24.1
2021-07-22 14:30:00,-5,680279400,35.0,4.03,20.8,31.3,41.6,23.8,24.3
2021-07-22 14:40:00,-5,680280000,36.3,4.03,20.8,31.3,41.6,23.7,24.2
2021-07-22 15:00:00,-5,680281200,35.5,4.03,20.8,31.2,41.6,23.7,24.2
2021-07-22 15:50:00,-5,680284200,32.0,4.03,20.8,31.1,41.5,24.0,24.0
2021-07-22 16:00:00,-5,680284800,32.3,4.03,20.8,31.1,41.5,24.0,23.7
2021-07-22 16:10:00,-5,680285400,32.3,4.03,20.8,31.1,41.6,24.1,23.6
2021-07-22 16:20:00,-5,680286000,29.3,4.03,20.8,31.1,41.6,24.1,24.0
2021-07-22 16:30:00,-5,680286600,30.0,4.03,20.8,31.1,41.6,24.1,23.8
2021-07-22 16:40:00,-5,680287200,31.5,4.03,20.8,31.1,41.6,24.0,24.0
2021-07-22 16:50:00,-5,680287800,30.8,4.03,20.8,31.1,41.4,24.1,24.0
2021-07-22 17:00:00,-5,680288400,29.8,4.03,20.8,31.1,41.4,24.0,24.0
2021-07-22 17:10:00,-5,680289000,28.3,4.03,20.8,31.1,41.4,24.1,23.7
2021-07-22 17:20:00,-5,680289600,28.0,4.03,20.8,31.1,41.6,24.1,24.0
2021-07-22 17:40:00,-5,680290800,26.8,4.03,20.8,31.1,41.4,24.1,23.7
2021-07-22 17:50:00,-5,680291400,26.0,4.03,20.8,31.1,41.4,24.1,24.1
2021-07-22 18:30:00,-5,680293800,26.3,4.03,20.8,31.1,41.4,24.1,24.1
2021-07-22 18:40:00,-5,680294400,26.0,4.03,20.7,31.2,41.4,24.1,23.8
2021-07-22 18:50:00,-5,680295000,25.5,4.03,20.8,31.2,41.4,24.2,24.1
2021-07-22 19:00:00,-5,680295600,24.8,4.03,20.7,31.2,41.6,24.1,24.1
2021-07-22 19:30:00,-5,680297400,20.0,4.03,20.7,31.2,41.5,24.2,23.7
2021-07-22 19:40:00,-5,680298000,19.3,4.03,20.7,31.2,41.5,24.2,23.7
2021-07-22 19:50:00,-5,680298600,18.5,4.03,20.7,31.2,41.5,24.1,23.8
2021-07-22 20:20:00,-5,680300400,16.8,4.02,20.7,31.3,41.5,24.1,23.8
2021-07-22 20:30:00,-5,680301000,16.3,4.02,20.7,31.3,41.5,24.1,24.1
2021-07-22 20:40:00,-5,680301600,15.8,4.02,20.7,31.3,41.5,24.1,24.2
2021-07-22 20:50:00,-5,680302200,15.5,4.02,20.6,31.3,41.6,24.2,23.7
2021-07-22 21:00:00,-5,680302800,15.3,4.02,20.7,31.3,41.5,24.1,24.1
2021-07-22 21:40:00,-5,680305200,14.5,4.02,20.6,31.3,41.5,24.1,24.1
2021-07-22 21:50:00,-5,680305800,14.5,4.02,20.6,31.3,41.6,24.1,23.8
2021-07-22 22:00:00,-5,680306400,14.8,4.02,20.6,31.3,41.5,24.1,24.1
2021-07-22 22:10:00,-5,680307000,14.5,4.02,20.6,31.3,41.5,24.1,24.0
2021-07-22 22:20:00,-5,680307600,14.3,4.02,20.6,31.3,41.5,24.0,23.6
2021-07-22 23:00:00,-5,680310000,14.0,4.02,20.5,31.3,41.5,24.1,24.3
2021-07-22 23:30:00,-5,680311800,14.0,4.02,20.5,31.3,41.5,24.0,23.7
2021-07-22 23:40:00,-5,680312400,13.8,4.02,20.5,31.2,41.5,24.0,24.2
2021-07-22 23:50:00,-5,680313000,14.0,4.02,20.5,31.2,41.5,24.0,23.6
2021-07-23 00:20:00,-5,680314800,13.5,4.02,20.4,31.2,41.5,24.1,23.8
2021-07-23 00:30:00,-5,680315400,13.5,4.02,20.4,31.3,41.6,24.1,23.7
2021-07-23 01:10:00,-5,680317800,13.5,4.02,20.4,31.2,41.5,23.8,23.8
2021-07-23 01:20:00,-5,680318400,13.3,4.02,20.4,31.2,41.5,23.8,24.0
2021-07-23 01:30:00,-5,680319000,13.5,4.02,20.4,31.2,41.5,23.8,24.0
2021-07-23 01:40:00,-5,680319600,13.3,4.02,20.4,31.2,41.6,23.7,23.7
2021-07-23 01:50:00,-5,680320200,13.3,4.02,20.4,31.2,41.5,23.7,24.0
2021-07-23 02:10:00,-5,680321400,13.5,4.02,20.4,31.2,41.5,23.7,23.7
2021-07-23 02:20:00,-5,680322000,13.8,4.02,20.4,31.2,41.5,23.7,24.1
2021-07-23 02:50:00,-5,680323800,13.8,4.02,20.3,31.2,41.6,23.6,23.8
2021-07-23 03:10:00,-5,680325000,13.8,4.02,20.4,31.1,41.5,23.6,24.1
2021-07-23 03:20:00,-5,680325600,13.5,4.02,20.3,31.1,41.5,23.6,24.0
2021-07-23 03:30:00,-5,680326200,13.0,4.02,20.3,31.1,41.5,23.6,23.7
2021-07-23 03:50:00,-5,680327400,12.8,4.02,20.3,31.2,41.6,23.3,23.8
2021-07-23 04:00:00,-5,680328000,13.0,4.02,20.3,31.1,41.6,23.5,23.6
2021-07-23 04:10:00,-5,680328600,12.8,4.02,20.3,31.1,41.5,23.4,23.7
2021-07-23 04:20:00,-5,680329200,12.8,4.02,20.3,31.1,41.5,23.5,24.1
2021-07-23 04:30:00,-5,680329800,12.8,4.02,20.3,31.1,41.5,23.3,23.7
2021-07-23 04:40:00,-5,680330400,12.8,4.02,20.3,31.1,41.5,23.3,23.8
2021-07-23 04:50:00,-5,680331000,13.0,4.02,20.2,31.1,41.5,23.3,23.7
2021-07-23 05:00:00,-5,680331600,13.0,4.02,20.2,31.1,41.5,23.2,23.8
2021-07-23 05:10:00,-5,680332200,13.5,4.02,20.2,31.1,41.5,23.2,23.7
2021-07-23 05:20:00,-5,680332800,14.0,4.02,20.2,31.1,41.5,23.3,23.6
2021-07-23 05:30:00,-5,680333400,14.5,4.02,20.2,31.0,41.5,23.3,23.7
2021-07-23 05:40:00,-5,680334000,14.8,4.02,20.2,31.0,41.5,23.3,23.7
2021-07-23 05:50:00,-5,680334600,15.8,4.02,20.2,31.0,41.5,23.2,23.6
2021-07-23 06:00:00,-5,680335200,16.8,4.02,20.2,31.0,41.5,23.1,23.8
2021-07-23 06:20:00,-5,680336400,19.3,4.02,20.2,31.0,41.5,23.2,23.6
2021-07-23 06:40:00,-5,680337600,22.8,4.02,20.2,31.0,41.5,23.0,23.6
2021-07-23 07:00:00,-5,680338800,28.3,4.02,20.2,31.0,41.5,23.1,23.6
2021-07-23 07:10:00,-5,680339400,30.8,4.03,20.1,31.0,41.5,23.2,23.6
2021-07-23 07:20:00,-5,680340000,32.3,4.03,20.1,31.0,41.5,23.0,23.7
2021-07-23 07:30:00,-5,680340600,34.3,4.03,20.1,31.0,41.5,23.1,23.8
2021-07-23 07:40:00,-5,680341200,36.3,4.03,20.1,31.0,41.6,22.7,23.5
2021-07-23 08:00:00,-5,680342400,37.5,4.03,20.1,30.9,41.5,23.1,23.7
2021-07-23 08:20:00,-5,680343600,33.5,4.03,20.1,30.9,41.5,23.0,23.6
2021-07-23 08:30:00,-5,680344200,37.8,4.03,20.1,30.9,41.5,23.0,23.6
2021-07-23 09:10:00,-5,680346600,42.0,4.03,20.1,30.8,41.4,22.7,23.7
2021-07-23 09:20:00,-5,680347200,42.5,4.03,20.1,30.8,41.4,23.1,23.7
2021-07-23 09:30:00,-5,680347800,43.5,4.03,20.1,30.8,41.4,23.0,23.7
2021-07-23 10:00:00,-5,680349600,46.3,4.03,20.0,30.7,41.4,22.8,23.5
2021-07-23 10:10:00,-5,680350200,47.5,4.03,20.1,30.6,41.3,22.7,23.5
2021-07-23 10:20:00,-5,680350800,47.0,4.03,20.1,30.6,41.3,22.7,23.5
2021-07-23 10:30:00,-5,680351400,46.0,4.03,20.0,30.6,41.4,22.8,23.5
2021-07-23 10:40:00,-5,680352000,46.3,4.03,20.1,30.6,41.2,22.8,23.7
2021-07-23 11:00:00,-5,680353200,48.0,4.03,20.0,30.5,41.2,22.8,23.6
2021-07-23 11:10:00,-5,680353800,47.3,4.03,20.0,30.5,41.1,23.1,23.6
2021-07-23 11:30:00,-5,680355000,46.5,4.03,20.0,30.4,41.2,22.7,23.5
2021-07-23 12:30:00,-5,680358600,45.8,4.03,20.0,30.2,40.9,22.7,23.5
2021-07-23 12:50:00,-5,680359800,46.3,4.03,20.0,30.1,40.8,22.7,23.5
2021-07-23 13:20:00,-5,680361600,45.5,4.03,20.0,30.0,40.7,23.2,23.4
2021-07-23 13:30:00,-5,680362200,44.0,4.03,19.9,30.0,40.8,23.1,23.4
2021-07-23 13:40:00,-5,680362800,44.0,4.03,20.0,29.9,40.6,23.2,23.5
2021-07-23 13:50:00,-5,680363400,40.5,4.03,20.0,29.9,40.6,23.0,23.3
2021-07-23 14:20:00,-5,680365200,39.8,4.03,20.0,29.9,40.7,23.1,23.3
2021-07-23 15:10:00,-5,680368200,35.8,4.03,20.0,29.7,40.5,23.2,23.3
2021-07-23 16:10:00,-5,680371800,33.5,4.03,20.0,29.6,40.2,23.4,23.3
2021-07-23 16:40:00,-5,680373600,33.0,4.03,20.0,29.6,40.3,23.6,23.3
2021-07-23 16:50:00,-5,680374200,33.0,4.03,20.0,29.6,40.2,23.5,23.3
2021-07-23 17:00:00,-5,680374800,32.8,4.03,20.0,29.6,40.2,23.7,23.2
2021-07-23 17:30:00,-5,680376600,31.8,4.03,19.9,29.6,40.1,23.6,23.5
2021-07-23 17:50:00,-5,680377800,31.0,4.03,19.9,29.6,40.1,23.7,23.2
2021-07-23 18:00:00,-5,680378400,30.5,4.03,19.9,29.7,40.2,23.7,23.4
2021-07-23 18:10:00,-5,680379000,29.8,4.03,19.9,29.6,40.1,23.7,23.2
2021-07-23 18:20:00,-5,680379600,29.0,4.03,19.9,29.7,40.1,23.7,23.2
2021-07-23 18:30:00,-5,680380200,28.0,4.03,19.9,29.7,40.3,23.8,23.3
2021-07-23 18:40:00,-5,680380800,27.3,4.03,19.9,29.7,40.1,23.7,23.4
2021-07-23 18:50:00,-5,680381400,26.8,4.03,19.9,29.7,40.1,23.7,23.2
2021-07-23 19:20:00,-5,680383200,22.3,4.02,19.9,29.8,40.3,23.8,23.4
2021-07-23 19:50:00,-5,680385000,18.8,4.02,19.9,29.8,40.2,23.8,23.3
2021-07-23 20:00:00,-5,680385600,18.3,4.02,19.9,29.8,40.2,23.8,23.3
2021-07-23 20:20:00,-5,680386800,17.3,4.02,19.8,29.9,40.4,23.8,23.3
2021-07-23 20:40:00,-5,680388000,16.8,4.02,19.8,29.9,40.3,23.8,23.3
2021-07-23 21:20:00,-5,680390400,15.8,4.02,19.8,29.9,40.3,23.8,23.4
2021-07-23 21:30:00,-5,680391000,15.5,4.02,19.8,29.9,40.3,23.8,23.5
2021-07-23 21:40:00,-5,680391600,15.5,4.02,19.8,29.9,40.3,23.7,23.5
2021-07-23 22:20:00,-5,680394000,15.0,4.02,19.7,29.9,40.3,23.7,23.3
2021-07-23 22:40:00,-5,680395200,15.0,4.02,19.7,29.9,40.3,23.7,23.3
2021-07-23 22:50:00,-5,680395800,15.0,4.02,19.7,29.9,40.4,23.7,23.3
2021-07-23 23:10:00,-5,680397000,14.8,4.02,19.7,29.9,40.3,23.7,23.5
2021-07-23 23:20:00,-5,680397600,14.8,4.02,19.6,29.9,40.4,23.7,23.5
2021-07-23 23:50:00,-5,680399400,14.3,4.02,19.6,29.9,40.3,23.6,23.5
2021-07-24 00:00:00,-5,680400000,14.3,4.02,19.6,29.9,40.5,23.6,23.4
2021-07-24 00:10:00,-5,680400600,14.5,4.02,19.6,29.9,40.3,23.7,23.3
2021-07-24 00:20:00,-5,680401200,14.3,4.02,19.6,29.9,40.3,23.5,23.3
2021-07-24 00:30:00,-5,680401800,13.8,4.02,19.6,29.9,40.3,23.5,23.4
2021-07-24 00:40:00,-5,680402400,13.8,4.02,19.6,29.9,40.3,23.6,23.3
2021-07-24 00:50:00,-5,680403000,13.5,4.02,19.6,29.9,40.3,23.5,23.5
2021-07-24 01:10:00,-5,680404200,13.5,4.02,19.5,29.9,40.4,23.5,23.3
2021-07-24 01:20:00,-5,680404800,13.5,4.02,19.5,29.9,40.3,23.5,23.5
2021-07-24 01:30:00,-5,680405400,13.5,4.02,19.5,29.9,40.3,23.5,23.6
2021-07-24 01:40:00,-5,680406000,13.3,4.02,19.5,29.9,40.3,23.4,23.5
2021-07-24 01:50:00,-5,680406600,13.5,4.02,19.5,29.9,40.5,23.4,23.5
2021-07-24 02:00:00,-5,680407200,13.3,4.02,19.5,29.9,40.5,23.1,23.6
2021-07-24 02:10:00,-5,680407800,13.0,4.02,19.5,29.9,40.4,23.3,23.3
2021-07-24 02:20:00,-5,680408400,13.0,4.02,19.5,29.9,40.4,23.2,23.3
2021-07-24 02:30:00,-5,680409000,13.5,4.02,19.5,29.8,40.3,23.4,23.6
2021-07-24 02:50:00,-5,680410200,13.5,4.00,19.4,29.8,40.4,23.3,23.6
2021-07-24 03:10:00,-5,680411400,12.8,4.00,19.4,29.8,40.4,23.3,23.5
2021-07-24 03:30:00,-5,680412600,12.8,4.00,19.4,29.8,40.4,23.2,23.6
2021-07-24 03:50:00,-5,680413800,12.8,4.00,19.4,29.8,40.4,23.2,23.5
2021-07-24 04:00:00,-5,680414400,12.5,4.00,19.4,29.8,40.4,23.0,23.3
2021-07-24 04:10:00,-5,680415000,12.8,4.00,19.4,29.8,40.4,23.1,23.3
2021-07-24 04:20:00,-5,680415600,13.0,4.00,19.3,29.8,40.4,23.1,23.3
2021-07-24 04:30:00,-5,680416200,13.3,4.00,19.3,29.8,40.4,23.1,23.3
2021-07-24 04:50:00,-5,680417400,12.3,4.00,19.3,29.8,40.4,23.1,23.5
2021-07-24 05:10:00,-5,680418600,13.3,4.00,19.3,29.8,40.4,22.8,23.2
2021-07-24 05:20:00,-5,680419200,13.3,4.00,19.3,29.7,40.4,23.1,23.3
2021-07-24 05:30:00,-5,680419800,13.0,4.00,19.3,29.7,40.4,23.0,23.5
2021-07-24 05:40:00,-5,680420400,13.5,4.00,19.3,29.7,40.4,22.7,23.4
2021-07-24 05:50:00,-5,680421000,15.0,4.00,19.3,29.7,40.4,22.7,23.3
2021-07-24 06:00:00,-5,680421600,17.0,4.02,19.2,29.8,40.5,23.1,23.3
2021-07-24 06:10:00,-5,680422200,18.3,4.02,19.3,29.7,40.4,22.6,23.3
2021-07-24 06:20:00,-5,680422800,19.3,4.02,19.2,29.7,40.5,22.7,23.2
2021-07-24 06:30:00,-5,680423400,20.3,4.02,19.2,29.7,40.4,22.8,23.3
2021-07-24 06:50:00,-5,680424600,24.8,4.02,19.2,29.7,40.4,22.7,23.2
2021-07-24 07:00:00,-5,680425200,27.3,4.02,19.2,29.7,40.4,22.7,23.3
2021-07-24 07:10:00,-5,680425800,30.5,4.02,19.2,29.7,40.5,22.7,23.3
2021-07-24 07:20:00,-5,680426400,33.3,4.02,19.2,29.7,40.4,22.8,23.2
2021-07-24 07:30:00,-5,680427000,35.3,4.02,19.2,29.7,40.4,22.6,23.3
2021-07-24 07:50:00,-5,680428200,39.8,4.03,19.2,29.7,40.5,22.6,23.2
2021-07-24 08:00:00,-5,680428800,41.5,4.03,19.2,29.7,40.5,22.6,23.1
2021-07-24 08:10:00,-5,680429400,42.8,4.03,19.2,29.6,40.4,22.8,23.3
2021-07-24 08:30:00,-5,680430600,46.8,4.03,19.1,29.6,40.3,22.5,23.3
2021-07-24 08:40:00,-5,680431200,48.3,4.03,19.1,29.6,40.5,22.7,23.3
2021-07-24 08:50:00,-5,680431800,48.8,4.03,19.1,29.6,40.3,22.5,23.2
2021-07-24 09:00:00,-5,680432400,49.0,4.03,19.1,29.6,40.5,22.6,23.2
2021-07-24 09:10:00,-5,680433000,48.5,4.03,19.2,29.5,40.3,22.5,23.4
2021-07-24 09:20:00,-5,680433600,49.8,4.03,19.1,29.6,40.4,22.6,23.1
2021-07-24 09:30:00,-5,680434200,49.8,4.03,19.1,29.5,40.3,22.6,23.2
2021-07-24 09:40:00,-5,680434800,50.3,4.03,19.1,29.5,40.4,22.6,23.1
2021-07-24 10:00:00,-5,680436000,50.3,4.03,19.1,29.4,40.2,22.7,23.1
2021-07-24 10:10:00,-5,680436600,50.3,4.03,19.1,29.4,40.2,22.7,23.1
2021-07-24 10:20:00,-5,680437200,50.8,4.03,19.1,29.4,40.3,22.6,23.1
2021-07-24 10:30:00,-5,680437800,50.5,4.03,19.1,29.3,40.1,22.4,23.2
2021-07-24 10:40:00,-5,680438400,51.0,4.03,19.1,29.3,40.1,22.4,23.4
2021-07-24 11:00:00,-5,680439600,51.5,4.03,19.1,29.3,40.2,22.7,23.1
2021-07-24 11:20:00,-5,680440800,52.0,4.03,19.2,29.2,40.0,22.5,23.1
2021-07-24 11:40:00,-5,680442000,48.3,4.03,19.2,29.2,39.9,22.7,23.1
2021-07-24 12:00:00,-5,680443200,49.3,4.03,19.2,29.1,39.9,22.5,23.1
2021-07-24 12:10:00,-5,680443800,50.3,4.03,19.2,29.1,39.8,22.5,23.2
2021-07-24 12:20:00,-5,680444400,47.3,4.03,19.1,29.1,39.8,22.6,23.1
2021-07-24 12:50:00,-5,680446200,40.5,4.03,19.2,29.1,39.7,22.8,23.0
2021-07-24 13:00:00,-5,680446800,42.5,4.03,19.1,29.1,39.8,22.8,23.1
2021-07-24 13:10:00,-5,680447400,41.0,4.03,19.2,29.1,39.7,22.7,23.0
2021-07-24 13:20:00,-5,680448000,39.3,4.03,19.2,29.1,39.7,22.7,23.1
2021-07-24 13:30:00,-5,680448600,42.5,4.03,19.2,29.1,39.6,22.7,23.1
2021-07-24 13:40:00,-5,680449200,45.5,4.03,19.2,29.0,39.6,22.7,23.2
2021-07-24 14:20:00,-5,680451600,39.8,4.03,19.2,29.1,39.6,22.7,23.0
2021-07-24 14:30:00,-5,680452200,41.5,4.03,19.2,29.0,39.5,22.6,23.0
2021-07-24 14:40:00,-5,680452800,41.3,4.03,19.2,29.0,39.4,22.6,23.1
2021-07-24 15:10:00,-5,680454600,37.0,4.03,19.2,29.0,39.3,23.0,23.1
2021-07-24 15:40:00,-5,680456400,35.8,4.03,19.2,29.0,39.4,23.0,23.0
2021-07-24 15:50:00,-5,680457000,34.0,4.03,19.2,29.0,39.4,23.1,23.0
2021-07-24 16:00:00,-5,680457600,35.5,4.03,19.3,28.9,39.2,23.2,23.1
2021-07-24 16:10:00,-5,680458200,35.3,4.03,19.3,28.9,39.2,23.2,23.2
2021-07-24 17:10:00,-5,680461800,34.8,4.03,19.2,29.0,39.3,23.3,23.0
2021-07-24 17:20:00,-5,680462400,34.3,4.03,19.3,29.0,39.2,23.2,23.1
2021-07-24 17:40:00,-5,680463600,32.8,4.03,19.3,29.0,39.2,23.4,23.0
2021-07-24 17:50:00,-5,680464200,31.0,4.03,19.3,29.0,39.2,23.2,23.0
2021-07-24 18:00:00,-5,680464800,31.3,4.03,19.3,29.0,39.2,23.2,23.1
2021-07-24 18:20:00,-5,680466000,29.3,4.03,19.3,29.1,39.2,23.3,23.0
2021-07-24 19:00:00,-5,680468400,24.5,4.02,19.3,29.1,39.2,23.5,23.0
2021-07-24 19:50:00,-5,680471400,23.3,4.02,19.2,29.1,39.3,23.5,23.1
2021-07-24 20:00:00,-5,680472000,23.0,4.02,19.2,29.1,39.3,23.5,23.1
2021-07-24 20:40:00,-5,680474400,23.0,4.02,19.2,29.1,39.3,23.4,23.2
2021-07-24 20:50:00,-5,680475000,23.0,4.02,19.2,29.1,39.3,23.5,23.1
2021-07-24 21:10:00,-5,680476200,23.3,4.02,19.2,29.1,39.3,23.6,23.1
2021-07-24 21:50:00,-5,680478600,23.5,4.02,19.2,29.1,39.3,23.5,23.2
2021-07-24 22:50:00,-5,680482200,23.5,4.02,19.1,29.2,39.4,23.5,23.3
2021-07-24 23:00:00,-5,680482800,23.5,4.02,19.1,29.2,39.4,23.5,23.1
2021-07-24 23:10:00,-5,680483400,23.3,4.02,19.1,29.2,39.5,23.4,23.1
2021-07-24 23:20:00,-5,680484000,23.3,4.02,19.1,29.2,39.5,23.5,23.1
2021-07-24 23:50:00,-5,680485800,20.3,4.02,19.1,29.2,39.4,23.3,23.1
2021-07-25 00:10:00,-5,680487000,19.8,4.02,19.3,29.2,39.4,23.5,23.1
2021-07-25 01:00:00,-5,680490000,19.3,4.02,19.2,29.2,39.6,23.4,23.1
2021-07-25 03:00:00,-5,680497200,19.3,4.02,19.2,29.2,39.5,23.3,23.1
2021-07-25 03:10:00,-5,680497800,19.3,4.02,19.1,29.2,39.6,23.2,23.1
2021-07-25 03:20:00,-5,680498400,19.3,4.02,19.1,29.2,39.5,23.2,23.3
2021-07-25 03:30:00,-5,680499000,19.3,4.02,19.1,29.2,39.6,23.2,23.1
2021-07-25 04:00:00,-5,680500800,19.5,4.00,19.1,29.2,39.5,23.2,23.1
2021-07-25 04:10:00,-5,680501400,19.5,4.00,19.1,29.2,39.5,23.4,23.1
2021-07-25 04:40:00,-5,680503200,19.8,4.00,19.1,29.2,39.5,23.2,23.1
2021-07-25 04:50:00,-5,680503800,19.8,4.00,19.1,29.2,39.5,23.3,23.2
2021-07-25 05:00:00,-5,680504400,19.8,4.00,19.1,29.2,39.5,23.3,23.1
2021-07-25 05:10:00,-5,680505000,20.0,4.00,19.1,29.2,39.5,23.1,23.2
2021-07-25 05:30:00,-5,680506200,20.5,4.00,19.1,29.2,39.5,23.1,23.1
2021-07-25 05:40:00,-5,680506800,20.8,4.00,19.1,29.2,39.5,23.2,23.1
2021-07-25 06:20:00,-5,680509200,22.3,4.00,19.1,29.2,39.5,23.0,23.1
2021-07-25 06:50:00,-5,680511000,23.8,4.00,19.1,29.2,39.5,23.1,23.1
2021-07-25 07:00:00,-5,680511600,24.0,4.00,19.1,29.2,39.5,23.0,23.1
2021-07-25 08:10:00,-5,680515800,35.0,4.02,19.1,29.1,39.4,23.0,23.1
2021-07-25 08:20:00,-5,680516400,34.0,4.02,19.1,29.1,39.4,23.1,23.2
2021-07-25 08:30:00,-5,680517000,36.0,4.02,19.2,29.1,39.4,23.1,23.2
2021-07-25 08:40:00,-5,680517600,35.8,4.02,19.2,29.1,39.4,23.1,23.2
2021-07-25 09:00:00,-5,680518800,40.5,4.03,19.2,29.1,39.4,23.0,23.1
2021-07-25 09:10:00,-5,680519400,42.3,4.03,19.2,29.1,39.4,23.1,23.1
2021-07-25 09:40:00,-5,680521200,46.0,4.03,19.2,29.1,39.3,23.2,23.1
2021-07-25 10:00:00,-5,680522400,40.5,4.03,19.2,29.1,39.4,23.0,23.0
2021-07-25 10:10:00,-5,680523000,40.0,4.03,19.2,29.1,39.3,23.2,23.3
2021-07-25 10:20:00,-5,680523600,44.0,4.03,19.2,29.1,39.3,23.2,23.2
2021-07-25 10:40:00,-5,680524800,46.8,4.03,19.2,29.1,39.2,23.2,23.1
2021-07-25 10:50:00,-5,680525400,47.5,4.03,19.2,29.0,39.2,23.1,23.1
2021-07-25 11:00:00,-5,680526000,45.5,4.03,19.2,29.0,39.2,23.1,23.1
2021-07-25 11:10:00,-5,680526600,45.3,4.03,19.2,29.0,39.2,23.2,23.1
2021-07-25 11:20:00,-5,680527200,46.8,4.03,19.2,29.0,39.1,23.2,23.3
2021-07-25 11:50:00,-5,680529000,46.0,4.03,19.2,29.0,39.1,23.1,23.1
2021-07-25 12:00:00,-5,680529600,48.0,4.03,19.2,29.0,39.0,23.2,23.2
2021-07-25 12:10:00,-5,680530200,44.0,4.03,19.3,29.0,39.1,23.2,23.2
2021-07-25 12:30:00,-5,680531400,46.8,4.03,19.2,28.9,38.9,23.3,23.1
2021-07-25 12:40:00,-5,680532000,44.5,4.03,19.2,28.9,39.0,23.2,23.1
2021-07-25 13:30:00,-5,680535000,39.8,4.03,19.3,28.9,38.8,23.4,23.1
2021-07-25 14:40:00,-5,680539200,33.5,4.03,19.4,28.9,38.8,23.7,23.1
2021-07-25 15:30:00,-5,680542200,37.5,4.03,19.4,28.9,38.6,23.7,23.1
2021-07-25 16:00:00,-5,680544000,36.3,4.03,19.4,28.9,38.5,23.8,23.2
2021-07-25 16:10:00,-5,680544600,36.3,4.03,19.4,28.9,38.5,23.8,23.1
2021-07-25 16:30:00,-5,680545800,35.0,4.03,19.4,28.9,38.4,23.8,23.1
2021-07-25 17:00:00,-5,680547600,32.0,4.03,19.4,28.9,38.4,23.8,23.2
2021-07-25 17:10:00,-5,680548200,31.5,4.03,19.4,28.9,38.4,24.1,23.2
2021-07-25 17:30:00,-5,680549400,32.8,4.03,19.4,29.0,38.5,24.1,23.1
2021-07-25 17:50:00,-5,680550600,32.5,4.03,19.4,28.9,38.4,24.0,23.1
2021-07-25 18:30:00,-5,680553000,28.8,4.02,19.5,29.0,38.5,24.1,23.2
2021-07-25 18:40:00,-5,680553600,28.8,4.02,19.4,29.0,38.5,24.0,23.2
2021-07-25 19:10:00,-5,680555400,25.8,4.02,19.4,29.1,38.6,24.1,23.1
2021-07-25 19:30:00,-5,680556600,25.0,4.02,19.4,29.1,38.5,24.1,23.1
2021-07-25 20:30:00,-5,680560200,24.0,4.02,19.4,29.1,38.7,24.1,23.2
2021-07-25 20:40:00,-5,680560800,24.0,4.02,19.4,29.1,38.7,24.0,23.2
2021-07-25 20:50:00,-5,680561400,23.8,4.02,19.4,29.1,38.6,24.1,23.2
2021-07-25 21:10:00,-5,680562600,23.5,4.02,19.4,29.1,38.6,24.1,23.3
2021-07-25 21:20:00,-5,680563200,23.5,4.02,19.4,29.1,38.6,24.2,23.2
2021-07-25 21:40:00,-5,680564400,23.3,4.02,19.4,29.1,38.6,24.2,23.2
2021-07-25 22:10:00,-5,680566200,23.5,4.02,19.4,29.1,38.6,24.1,23.3
2021-07-25 22:30:00,-5,680567400,23.0,4.02,19.4,29.1,38.6,24.1,23.3
2021-07-25 22:40:00,-5,680568000,23.3,4.02,19.4,29.1,38.7,24.2,23.5
2021-07-25 23:10:00,-5,680569800,23.0,4.02,19.3,29.1,38.7,24.1,23.3
2021-07-25 23:20:00,-5,680570400,23.0,4.02,19.3,29.1,38.7,24.1,23.4
2021-07-25 23:40:00,-5,680571600,22.8,4.02,19.3,29.1,38.7,24.1,23.3
2021-07-26 00:00:00,-5,680572800,22.3,4.02,19.3,29.1,38.7,24.1,23.4
2021-07-26 00:30:00,-5,680574600,21.5,4.02,19.3,29.1,38.7,24.1,23.3
2021-07-26 00:40:00,-5,680575200,21.5,4.02,19.3,29.2,38.8,24.1,23.5
2021-07-26 01:10:00,-5,680577000,21.0,4.02,19.3,29.2,38.8,24.1,23.3
2021-07-26 01:30:00,-5,680578200,21.0,4.02,19.3,29.2,38.7,24.0,23.5
2021-07-26 02:30:00,-5,680581800,20.0,4.02,19.3,29.2,38.7,24.0,23.4
2021-07-26 03:00:00,-5,680583600,20.3,4.00,19.2,29.2,38.7,24.0,23.3
2021-07-26 03:20:00,-5,680584800,20.0,4.00,19.2,29.2,38.7,24.0,23.5
2021-07-26 05:00:00,-5,680590800,19.3,4.00,19.1,29.1,38.7,23.8,23.3
2021-07-26 05:10:00,-5,680591400,19.0,4.00,19.1,29.1,38.7,24.0,23.5
2021-07-26 05:20:00,-5,680592000,19.3,4.00,19.1,29.2,38.9,23.8,23.3
2021-07-26 05:30:00,-5,680592600,19.3,4.00,19.1,29.1,38.7,24.0,23.4
2021-07-26 05:40:00,-5,680593200,19.8,4.00,19.1,29.1,38.7,24.1,23.6
2021-07-26 05:50:00,-5,680593800,20.8,4.00,19.2,29.1,38.7,24.0,23.3
2021-07-26 06:00:00,-5,680594400,22.5,4.00,19.1,29.1,38.8,23.8,23.3
2021-07-26 06:10:00,-5,680595000,23.3,4.00,19.1,29.1,38.8,24.1,23.4
2021-07-26 06:50:00,-5,680597400,26.0,4.02,19.1,29.1,38.8,23.8,23.4
2021-07-26 07:30:00,-5,680599800,33.8,4.02,19.1,29.1,38.8,23.7,23.3
2021-07-26 07:50:00,-5,680601000,38.0,4.02,19.1,29.1,38.8,23.7,23.4
2021-07-26 08:00:00,-5,680601600,41.8,4.02,19.1,29.1,38.7,23.7,23.3
2021-07-26 08:40:00,-5,680604000,37.3,4.02,19.1,29.1,38.7,23.7,23.5
2021-07-26 08:50:00,-5,680604600,39.5,4.02,19.1,29.1,38.7,23.7,23.5
2021-07-26 09:00:00,-5,680605200,39.3,4.02,19.1,29.1,38.8,23.7,23.5
2021-07-26 09:10:00,-5,680605800,38.0,4.02,19.1,29.1,38.6,23.7,23.6
2021-07-26 09:20:00,-5,680606400,37.0,4.02,19.1,29.1,38.6,23.7,23.4
2021-07-26 09:40:00,-5,680607600,38.3,4.02,19.2,29.1,38.6,23.7,23.3
2021-07-26 10:10:00,-5,680609400,40.8,4.03,19.2,29.1,38.5,23.7,23.6
2021-07-26 10:30:00,-5,680610600,45.8,4.03,19.2,29.0,38.5,23.6,23.3
2021-07-26 11:20:00,-5,680613600,47.8,4.03,19.2,28.9,38.3,23.8,23.3
2021-07-26 11:30:00,-5,680614200,48.0,4.03,19.2,28.9,38.3,23.8,23.5
2021-07-26 11:40:00,-5,680614800,49.0,4.03,19.2,28.9,38.3,23.8,23.3
2021-07-26 12:10:00,-5,680616600,45.8,4.03,19.2,28.8,38.2,23.7,23.5
2021-07-26 12:20:00,-5,680617200,45.3,4.03,19.2,28.8,38.1,23.8,23.3
2021-07-26 12:40:00,-5,680618400,45.5,4.03,19.2,28.8,38.1,23.8,23.3
2021-07-26 12:50:00,-5,680619000,45.5,4.03,19.2,28.7,38.0,23.8,23.4
2021-07-26 14:10:00,-5,680623800,43.5,4.03,19.2,28.5,37.6,24.0,23.3
2021-07-26 15:40:00,-5,680629200,37.3,4.03,19.2,28.3,37.3,24.2,23.4
2021-07-26 18:40:00,-5,680640000,31.8,4.02,19.2,28.3,37.1,24.3,23.6
2021-07-26 20:00:00,-5,680644800,20.8,4.02,19.1,28.4,37.3,24.5,23.5
2021-07-26 20:30:00,-5,680646600,19.8,4.02,19.1,28.4,37.3,24.5,23.5
2021-07-26 21:00:00,-5,680648400,19.8,4.02,19.0,28.5,37.5,24.5,23.7
2021-07-26 21:20:00,-5,680649600,19.5,4.02,19.1,28.5,37.4,24.5,23.6
2021-07-26 21:30:00,-5,680650200,19.3,4.02,19.0,28.5,37.4,24.4,23.7
2021-07-26 21:40:00,-5,680650800,18.8,4.02,19.0,28.5,37.4,24.5,23.7
2021-07-26 22:00:00,-5,680652000,18.5,4.02,19.0,28.5,37.4,24.5,23.7
2021-07-26 22:30:00,-5,680653800,18.3,4.02,19.0,28.4,37.4,24.3,23.8
2021-07-26 22:40:00,-5,680654400,18.3,4.02,18.9,28.5,37.4,24.5,23.5
2021-07-26 22:50:00,-5,680655000,18.5,4.02,18.9,28.5,37.5,24.3,23.6
2021-07-26 23:00:00,-5,680655600,18.3,4.02,18.9,28.5,37.4,24.2,23.6
2021-07-26 23:10:00,-5,680656200,18.0,4.02,18.9,28.5,37.4,24.3,23.6
2021-07-26 23:40:00,-5,680658000,17.8,4.00,18.9,28.5,37.4,24.3,23.7
2021-07-26 23:50:00,-5,680658600,17.5,4.00,18.9,28.5,37.5,24.3,23.8
2021-07-27 00:10:00,-5,680659800,17.5,4.00,18.9,28.5,37.5,24.2,23.8
2021-07-27 00:40:00,-5,680661600,17.3,4.00,18.8,28.5,37.5,24.1,23.5
2021-07-27 01:20:00,-5,680664000,17.0,4.00,18.8,28.5,37.5,24.1,23.6
2021-07-27 01:30:00,-5,680664600,17.0,4.00,18.8,28.5,37.5,24.2,23.7
2021-07-27 02:00:00,-5,680666400,17.0,4.00,18.7,28.4,37.5,24.1,23.8
2021-07-27 02:10:00,-5,680667000,16.8,4.00,18.7,28.5,37.5,24.1,23.7
2021-07-27 03:00:00,-5,680670000,16.8,4.00,18.7,28.4,37.5,24.0,23.6
2021-07-27 03:20:00,-5,680671200,16.3,4.00,18.7,28.4,37.5,24.1,23.8
2021-07-27 04:10:00,-5,680674200,16.3,4.00,18.6,28.4,37.5,24.0,23.6
2021-07-27 04:30:00,-5,680675400,16.5,4.00,18.6,28.4,37.5,23.8,23.6
2021-07-27 04:40:00,-5,680676000,16.3,4.00,18.6,28.4,37.5,23.8,23.6
2021-07-27 05:00:00,-5,680677200,16.3,4.00,18.6,28.4,37.5,23.8,23.6
2021-07-27 05:30:00,-5,680679000,17.0,4.00,18.5,28.4,37.5,23.8,23.8
2021-07-27 05:40:00,-5,680679600,17.3,4.00,18.5,28.4,37.5,23.8,23.6
2021-07-27 06:00:00,-5,680680800,19.8,4.00,18.5,28.3,37.5,23.7,23.6
2021-07-27 06:20:00,-5,680682000,21.5,4.00,18.5,28.3,37.5,23.7,23.8
2021-07-27 06:30:00,-5,680682600,22.0,4.00,18.5,28.3,37.5,23.7,23.7
2021-07-27 06:40:00,-5,680683200,23.8,4.00,18.5,28.3,37.5,23.6,23.6
2021-07-27 07:00:00,-5,680684400,28.0,4.02,18.5,28.3,37.5,23.6,23.7
2021-07-27 07:20:00,-5,680685600,34.0,4.02,18.5,28.3,37.5,23.6,23.6
2021-07-27 07:40:00,-5,680686800,38.5,4.02,18.5,28.3,37.5,23.6,23.7
2021-07-27 08:40:00,-5,680690400,48.3,4.03,18.5,28.3,37.5,23.5,23.6
2021-07-27 08:50:00,-5,680691000,49.8,4.03,18.5,28.2,37.5,23.6,23.5
2021-07-27 09:00:00,-5,680691600,50.3,4.03,18.5,28.2,37.5,23.3,23.7
2021-07-27 09:10:00,-5,680692200,50.5,4.03,18.5,28.2,37.5,23.5,23.5
2021-07-27 10:40:00,-5,680697600,52.0,4.03,18.6,28.1,37.1,23.5,23.6
2021-07-27 11:00:00,-5,680698800,52.0,4.03,18.6,28.0,37.1,23.5,23.5
2021-07-27 11:20:00,-5,680700000,50.5,4.03,18.6,27.9,37.0,23.7,23.6
2021-07-27 11:30:00,-5,680700600,48.5,4.03,18.6,27.9,36.9,23.6,23.5
2021-07-27 11:50:00,-5,680701800,49.0,4.03,18.6,27.9,36.9,23.5,23.7
2021-07-27 12:00:00,-5,680702400,48.3,4.03,18.6,27.9,36.8,23.7,23.5
2021-07-27 12:10:00,-5,680703000,49.8,4.03,18.6,27.8,36.8,23.6,23.3
2021-07-27 12:20:00,-5,680703600,50.3,4.03,18.6,27.8,36.7,23.7,23.4
2021-07-27 13:10:00,-5,680706600,46.3,4.03,18.6,27.7,36.5,23.6,23.3
2021-07-27 13:30:00,-5,680707800,45.8,4.03,18.6,27.6,36.4,23.8,23.3
2021-07-27 13:40:00,-5,680708400,45.3,4.03,18.6,27.7,36.5,23.7,23.4
2021-07-27 14:40:00,-5,680712000,40.8,4.03,18.6,27.5,36.1,24.0,23.4
2021-07-27 14:50:00,-5,680712600,40.5,4.03,18.6,27.5,36.2,23.8,23.5
2021-07-27 15:00:00,-5,680713200,39.5,4.03,18.6,27.5,36.2,24.0,23.3
2021-07-27 15:40:00,-5,680715600,38.8,4.03,18.6,27.5,35.9,24.0,23.3
2021-07-27 15:50:00,-5,680716200,37.8,4.03,18.6,27.5,36.0,24.1,23.3
2021-07-27 16:00:00,-5,680716800,37.3,4.03,18.6,27.4,35.9,24.2,23.4
2021-07-27 16:20:00,-5,680718000,37.0,4.03,18.7,27.4,35.9,24.2,23.6
2021-07-27 16:30:00,-5,680718600,36.8,4.03,18.7,27.4,35.9,24.2,23.6
2021-07-27 17:00:00,-5,680720400,36.0,4.03,18.7,27.5,35.8,24.2,23.5
2021-07-27 17:10:00,-5,680721000,35.5,4.03,18.7,27.5,35.8,24.2,23.6
2021-07-27 17:40:00,-5,680722800,34.5,4.03,18.7,27.5,35.9,24.2,23.5
2021-07-27 17:50:00,-5,680723400,34.3,4.02,18.7,27.5,35.9,24.3,23.5
2021-07-27 18:10:00,-5,680724600,32.8,4.02,18.7,27.6,35.9,24.2,23.6
2021-07-27 19:10:00,-5,680728200,26.0,4.02,18.7,27.7,36.1,24.4,23.4
2021-07-27 19:20:00,-5,680728800,25.0,4.02,18.7,27.7,36.0,24.3,23.5
2021-07-27 21:00:00,-5,680734800,20.3,4.02,18.6,27.8,36.3,24.4,23.5
2021-07-27 22:20:00,-5,680739600,19.8,4.02,18.6,27.8,36.2,24.3,23.5
2021-07-27 22:30:00,-5,680740200,19.8,4.02,18.5,27.8,36.2,24.3,23.5
2021-07-27 22:40:00,-5,680740800,19.8,4.02,18.5,27.8,36.2,24.4,23.8
2021-07-27 22:50:00,-5,680741400,19.5,4.02,18.5,27.8,36.2,24.3,23.8
2021-07-27 23:00:00,-5,680742000,19.3,4.02,18.5,27.8,36.2,24.3,23.7
2021-07-27 23:10:00,-5,680742600,19.0,4.02,18.5,27.8,36.2,24.2,23.8
2021-07-27 23:50:00,-5,680745000,19.0,4.02,18.5,27.8,36.2,24.3,23.8
2021-07-28 00:10:00,-5,680746200,19.0,4.02,18.5,27.8,36.2,24.3,23.7
2021-07-28 00:20:00,-5,680746800,18.8,4.00,18.5,27.8,36.2,24.3,23.6
2021-07-28 00:50:00,-5,680748600,18.3,4.00,18.4,27.8,36.3,24.2,23.6
2021-07-28 01:00:00,-5,680749200,18.0,4.00,18.4,27.8,36.3,24.2,23.8
2021-07-28 01:10:00,-5,680749800,18.0,4.00,18.4,27.8,36.3,24.2,23.6
2021-07-28 01:40:00,-5,680751600,18.3,4.00,18.4,27.8,36.3,24.1,23.6
2021-07-28 01:50:00,-5,680752200,18.0,4.00,18.4,27.8,36.3,24.2,23.6
2021-07-28 03:20:00,-5,680757600,17.3,4.00,18.3,27.8,36.4,24.1,23.8
2021-07-28 03:30:00,-5,680758200,17.3,4.00,18.3,27.8,36.3,24.0,23.6
2021-07-28 04:20:00,-5,680761200,17.0,4.00,18.2,27.7,36.3,24.0,23.6
2021-07-28 04:30:00,-5,680761800,16.8,4.00,18.2,27.7,36.3,24.0,23.8
2021-07-28 04:50:00,-5,680763000,16.5,4.00,18.2,27.7,36.3,24.0,23.7
2021-07-28 05:20:00,-5,680764800,16.5,4.00,18.2,27.8,36.5,23.8,23.6
2021-07-28 06:10:00,-5,680767800,23.0,4.00,18.2,27.7,36.3,23.7,23.6
2021-07-28 07:00:00,-5,680770800,32.0,4.02,18.2,27.7,36.3,23.6,23.6
2021-07-28 08:00:00,-5,680774400,40.5,4.02,18.1,27.6,36.3,23.6,23.6
2021-07-28 08:20:00,-5,680775600,42.0,4.02,18.1,27.6,36.4,23.6,23.7
2021-07-28 08:50:00,-5,680777400,45.3,4.03,18.1,27.6,36.2,23.7,23.5
2021-07-28 09:30:00,-5,680779800,47.5,4.03,18.1,27.5,36.1,23.6,23.3
2021-07-28 09:50:00,-5,680781000,48.3,4.03,18.1,27.5,36.0,23.5,23.5
2021-07-28 10:30:00,-5,680783400,47.5,4.03,18.1,27.4,35.9,23.6,23.7
2021-07-28 10:40:00,-5,680784000,47.5,4.03,18.1,27.4,35.9,23.7,23.6
2021-07-28 11:00:00,-5,680785200,46.0,4.03,18.1,27.4,35.8,23.6,23.5
2021-07-28 11:20:00,-5,680786400,43.5,4.03,18.1,27.4,35.8,23.6,23.5
2021-07-28 11:30:00,-5,680787000,40.5,4.03,18.1,27.4,35.8,23.6,23.5
2021-07-28 12:40:00,-5,680791200,43.8,4.03,18.2,27.3,35.7,23.7,23.5
2021-07-28 13:00:00,-5,680792400,46.0,4.03,18.1,27.3,35.8,23.6,23.4
2021-07-28 13:10:00,-5,680793000,47.3,4.03,18.2,27.2,35.6,23.7,23.3
2021-07-28 13:20:00,-5,680793600,41.8,4.03,18.2,27.2,35.6,23.7,23.5
2021-07-28 13:40:00,-5,680794800,46.5,4.03,18.2,27.2,35.5,23.7,23.5
2021-07-28 14:10:00,-5,680796600,41.5,4.03,18.2,27.2,35.5,23.7,23.3
2021-07-28 14:30:00,-5,680797800,40.3,4.03,18.2,27.2,35.5,23.7,23.4
2021-07-28 14:40:00,-5,680798400,41.0,4.03,18.2,27.2,35.4,23.8,23.3
2021-07-28 15:00:00,-5,680799600,41.3,4.03,18.2,27.2,35.4,23.8,23.4
2021-07-28 15:10:00,-5,680800200,41.5,4.03,18.2,27.2,35.3,23.8,23.4
2021-07-28 15:30:00,-5,680801400,39.3,4.03,18.2,27.2,35.3,23.8,23.5
2021-07-28 17:20:00,-5,680808000,34.8,4.03,18.2,27.2,35.4,24.0,23.5
2021-07-28 18:30:00,-5,680812200,29.8,4.02,18.3,27.3,35.3,24.0,23.6
2021-07-28 18:50:00,-5,680813400,28.0,4.02,18.3,27.4,35.5,24.0,23.7
2021-07-28 19:00:00,-5,680814000,26.5,4.02,18.3,27.3,35.4,24.1,23.5
2021-07-28 19:20:00,-5,680815200,25.3,4.02,18.3,27.3,35.4,24.1,23.5
2021-07-28 19:40:00,-5,680816400,24.0,4.02,18.3,27.4,35.4,24.1,23.5
2021-07-28 20:00:00,-5,680817600,23.5,4.02,18.3,27.4,35.6,24.1,23.3
2021-07-28 21:10:00,-5,680821800,20.8,4.02,18.2,27.4,35.6,24.1,23.5
2021-07-28 22:40:00,-5,680827200,19.5,4.02,18.1,27.4,35.5,24.1,23.5
2021-07-28 23:30:00,-5,680830200,18.8,4.02,18.1,27.4,35.6,24.1,23.7
2021-07-28 23:50:00,-5,680831400,18.8,4.02,18.1,27.4,35.6,24.1,23.5
2021-07-29 00:10:00,-5,680832600,18.0,4.02,18.1,27.4,35.6,24.1,23.6
2021-07-29 00:30:00,-5,680833800,18.3,4.02,18.1,27.4,35.6,24.0,23.6
2021-07-29 00:40:00,-5,680834400,18.0,4.02,18.0,27.4,35.6,24.0,23.5
2021-07-29 01:00:00,-5,680835600,18.0,4.02,18.0,27.4,35.6,24.0,23.5
2021-07-29 01:40:00,-5,680838000,18.0,4.02,18.0,27.4,35.6,24.0,23.5
2021-07-29 01:50:00,-5,680838600,18.3,4.00,18.0,27.4,35.6,24.0,23.6
2021-07-29 02:00:00,-5,680839200,18.3,4.00,17.9,27.4,35.7,24.1,23.6
2021-07-29 02:20:00,-5,680840400,18.5,4.00,18.0,27.4,35.6,23.8,23.5
2021-07-29 02:30:00,-5,680841000,18.5,4.00,18.0,27.4,35.6,24.0,23.6
2021-07-29 03:10:00,-5,680843400,19.3,4.00,17.9,27.4,35.6,23.8,23.7
2021-07-29 03:40:00,-5,680845200,19.3,4.00,17.9,27.4,35.6,23.8,23.6
2021-07-29 04:00:00,-5,680846400,19.5,4.00,17.9,27.4,35.6,23.8,23.6
2021-07-29 04:30:00,-5,680848200,19.5,4.00,17.9,27.3,35.6,23.7,23.6
2021-07-29 04:40:00,-5,680848800,19.5,4.00,17.9,27.3,35.7,23.7,23.5
2021-07-29 05:00:00,-5,680850000,20.0,4.00,17.9,27.3,35.6,23.6,23.5
2021-07-29 05:40:00,-5,680852400,20.5,4.00,17.9,27.3,35.7,23.7,23.7
2021-07-29 06:30:00,-5,680855400,23.5,4.00,17.8,27.3,35.7,23.6,23.7
2021-07-29 06:40:00,-5,680856000,23.8,4.00,17.8,27.3,35.7,23.7,23.6
2021-07-29 06:50:00,-5,680856600,24.3,4.00,17.8,27.3,35.7,23.7,23.6
2021-07-29 07:00:00,-5,680857200,24.5,4.00,17.8,27.3,35.7,23.6,23.6
2021-07-29 07:10:00,-5,680857800,25.0,4.00,17.8,27.3,35.8,23.6,23.7
2021-07-29 07:50:00,-5,680860200,26.0,4.00,17.8,27.3,35.7,23.6,23.6
2021-07-29 08:40:00,-5,680863200,26.8,4.00,17.8,27.3,35.7,23.6,23.4
2021-07-29 08:50:00,-5,680863800,26.5,4.00,17.9,27.3,35.6,23.6,23.5
2021-07-29 09:00:00,-5,680864400,26.8,4.00,17.9,27.3,35.6,23.7,23.3
2021-07-29 09:10:00,-5,680865000,27.0,4.00,17.8,27.3,35.6,23.5,23.5
2021-07-29 09:30:00,-5,680866200,28.0,4.00,17.9,27.2,35.6,23.5,23.5
2021-07-29 10:00:00,-5,680868000,32.8,4.02,17.8,27.3,35.7,23.4,23.6
2021-07-29 10:20:00,-5,680869200,31.5,4.02,17.8,27.3,35.7,23.5,23.4
2021-07-29 10:40:00,-5,680870400,28.8,4.00,17.9,27.2,35.5,23.5,23.4
2021-07-29 11:20:00,-5,680872800,29.5,4.00,17.9,27.2,35.5,23.5,23.3
2021-07-29 11:30:00,-5,680873400,34.5,4.02,17.9,27.2,35.5,23.6,23.3
2021-07-29 11:50:00,-5,680874600,37.3,4.02,17.9,27.2,35.4,23.6,23.5
2021-07-29 12:00:00,-5,680875200,36.8,4.02,17.9,27.2,35.4,23.5,23.5
2021-07-29 12:10:00,-5,680875800,36.5,4.02,17.9,27.2,35.5,23.5,23.4
2021-07-29 12:20:00,-5,680876400,35.8,4.02,17.9,27.2,35.4,23.7,23.2
2021-07-29 12:30:00,-5,680877000,34.5,4.02,17.9,27.2,35.4,23.5,23.3
2021-07-29 12:50:00,-5,680878200,36.0,4.02,17.9,27.2,35.4,23.6,23.5
2021-07-29 14:40:00,-5,680884800,27.3,4.02,18.0,27.2,35.4,23.6,23.3
2021-07-29 15:00:00,-5,680886000,26.8,4.02,18.0,27.2,35.4,23.7,23.3
2021-07-29 15:10:00,-5,680886600,28.0,4.02,18.0,27.2,35.4,23.7,23.3
2021-07-29 15:30:00,-5,680887800,29.8,4.02,18.0,27.2,35.4,23.7,23.5
2021-07-29 15:40:00,-5,680888400,30.0,4.02,18.0,27.2,35.5,23.8,23.3
2021-07-29 15:50:00,-5,680889000,30.0,4.02,18.0,27.2,35.4,23.7,23.3
2021-07-29 16:50:00,-5,680892600,27.8,4.00,18.0,27.3,35.6,23.6,23.3
2021-07-29 17:00:00,-5,680893200,27.3,4.00,18.1,27.3,35.5,23.8,23.4
2021-07-29 17:20:00,-5,680894400,27.8,4.00,18.0,27.3,35.6,23.7,23.3
2021-07-29 17:30:00,-5,680895000,27.3,4.00,18.1,27.3,35.5,23.7,23.3
2021-07-29 18:20:00,-5,680898000,29.0,4.00,18.1,27.3,35.5,23.8,23.3
2021-07-29 18:40:00,-5,680899200,27.0,4.00,18.1,27.3,35.5,23.8,23.6
2021-07-29 18:50:00,-5,680899800,26.3,4.00,18.1,27.3,35.5,24.0,23.3
2021-07-29 19:00:00,-5,680900400,26.3,4.00,18.1,27.3,35.5,24.0,23.5
2021-07-29 19:40:00,-5,680902800,24.8,4.00,18.0,27.4,35.6,23.8,23.4
2021-07-29 20:30:00,-5,680905800,24.3,4.00,18.0,27.3,35.5,23.8,23.3
2021-07-29 21:00:00,-5,680907600,23.3,4.00,18.1,27.3,35.5,24.1,23.3
2021-07-29 22:20:00,-5,680912400,21.8,4.00,18.0,27.4,35.5,23.8,23.3
2021-07-29 22:30:00,-5,680913000,21.0,4.00,18.0,27.4,35.7,23.8,23.4
2021-07-29 22:40:00,-5,680913600,21.0,4.00,18.0,27.4,35.6,23.7,23.3
2021-07-29 23:00:00,-5,680914800,21.8,4.00,18.0,27.4,35.6,23.8,23.3
2021-07-29 23:10:00,-5,680915400,22.3,4.00,18.0,27.4,35.6,23.8,23.4
2021-07-30 00:00:00,-5,680918400,22.8,4.00,18.0,27.4,35.6,23.8,23.3
2021-07-30 00:30:00,-5,680920200,22.3,4.00,18.0,27.4,35.6,23.8,23.5
2021-07-30 00:50:00,-5,680921400,22.3,4.00,18.0,27.3,35.6,23.7,23.6
2021-07-30 01:00:00,-5,680922000,22.0,4.00,18.0,27.4,35.6,23.7,23.4
2021-07-30 01:10:00,-5,680922600,21.5,4.00,18.0,27.3,35.6,23.8,23.5
2021-07-30 01:30:00,-5,680923800,21.3,4.00,18.0,27.3,35.6,23.8,23.3
2021-07-30 01:40:00,-5,680924400,20.8,3.99,18.0,27.3,35.6,23.7,23.4
2021-07-30 02:00:00,-5,680925600,20.5,3.99,17.9,27.4,35.6,23.7,23.4
2021-07-30 02:20:00,-5,680926800,20.5,3.99,17.9,27.4,35.6,23.8,23.5
2021-07-30 02:40:00,-5,680928000,20.0,3.99,17.9,27.3,35.6,23.7,23.3
2021-07-30 03:20:00,-5,680930400,20.5,3.99,17.9,27.3,35.6,23.7,23.6
2021-07-30 03:40:00,-5,680931600,20.8,3.99,17.9,27.3,35.6,23.7,23.3
2021-07-30 04:00:00,-5,680932800,20.5,3.99,17.9,27.3,35.6,23.7,23.6
2021-07-30 04:30:00,-5,680934600,20.0,3.99,17.8,27.4,35.7,23.6,23.3
2021-07-30 04:50:00,-5,680935800,20.3,3.99,17.9,27.3,35.6,23.6,23.5
2021-07-30 05:00:00,-5,680936400,19.8,3.99,17.9,27.3,35.6,23.6,23.4
2021-07-30 05:50:00,-5,680939400,21.8,3.99,17.8,27.3,35.7,23.6,23.3
2021-07-30 06:00:00,-5,680940000,22.8,3.99,17.8,27.3,35.6,23.6,23.3
2021-07-30 06:10:00,-5,680940600,24.3,3.99,17.8,27.3,35.6,23.6,23.5
2021-07-30 06:30:00,-5,680941800,27.0,3.99,17.8,27.3,35.6,23.5,23.3
2021-07-30 06:40:00,-5,680942400,28.3,4.00,17.8,27.3,35.6,23.5,23.4
2021-07-30 06:50:00,-5,680943000,29.8,4.00,17.8,27.3,35.6,23.7,23.3
2021-07-30 07:00:00,-5,680943600,31.3,4.00,17.8,27.3,35.8,23.5,23.3
2021-07-30 07:20:00,-5,680944800,33.8,4.00,17.8,27.3,35.6,23.5,23.4
2021-07-30 07:40:00,-5,680946000,35.5,4.00,17.8,27.3,35.6,23.5,23.5
2021-07-30 08:00:00,-5,680947200,37.5,4.00,17.8,27.3,35.6,23.4,23.4
2021-07-30 08:10:00,-5,680947800,38.5,4.00,17.8,27.2,35.5,23.5,23.3
2021-07-30 08:30:00,-5,680949000,39.3,4.02,17.8,27.2,35.5,23.6,23.4
2021-07-30 08:40:00,-5,680949600,40.3,4.02,17.8,27.2,35.5,23.6,23.3
2021-07-30 09:30:00,-5,680952600,43.8,4.02,17.8,27.2,35.4,23.5,23.3
2021-07-30 10:00:00,-5,680954400,45.8,4.02,17.7,27.2,35.4,23.5,23.3
2021-07-30 10:10:00,-5,680955000,43.8,4.02,17.8,27.1,35.3,23.5,23.4
2021-07-30 10:20:00,-5,680955600,44.3,4.02,17.8,27.1,35.3,23.5,23.4
2021-07-30 10:30:00,-5,680956200,46.5,4.02,17.7,27.1,35.3,23.6,23.3
2021-07-30 10:40:00,-5,680956800,47.3,4.03,17.8,27.1,35.1,23.6,23.2
2021-07-30 10:50:00,-5,680957400,47.3,4.03,17.7,27.0,35.1,23.5,23.5
2021-07-30 11:00:00,-5,680958000,46.3,4.03,17.7,27.0,35.1,23.6,23.5
2021-07-30 11:10:00,-5,680958600,45.0,4.03,17.7,27.0,35.1,23.4,23.2
2021-07-30 11:30:00,-5,680959800,44.3,4.03,17.7,27.0,35.1,23.5,23.3
2021-07-30 11:50:00,-5,680961000,44.8,4.03,17.7,26.9,35.1,23.6,23.5
2021-07-30 12:20:00,-5,680962800,43.5,4.03,17.7,26.8,34.8,23.5,23.5
2021-07-30 12:30:00,-5,680963400,44.5,4.03,17.6,26.9,34.9,23.6,23.3
2021-07-30 13:00:00,-5,680965200,42.5,4.03,17.6,26.8,34.8,23.6,23.2
2021-07-30 13:10:00,-5,680965800,40.3,4.03,17.7,26.8,34.7,23.6,23.3
2021-07-30 13:20:00,-5,680966400,41.8,4.03,17.7,26.7,34.6,23.5,23.2
2021-07-30 14:00:00,-5,680968800,37.0,4.03,17.7,26.7,34.5,23.6,23.2
2021-07-30 14:10:00,-5,680969400,37.5,4.03,17.7,26.7,34.5,23.6,23.3
2021-07-30 14:20:00,-5,680970000,37.8,4.03,17.6,26.6,34.4,23.6,23.4
2021-07-30 14:50:00,-5,680971800,36.0,4.03,17.6,26.6,34.3,23.6,23.2
2021-07-30 15:00:00,-5,680972400,36.3,4.03,17.6,26.6,34.3,23.6,23.2
2021-07-30 15:40:00,-5,680974800,34.5,4.03,17.6,26.5,34.3,23.7,23.2
2021-07-30 16:20:00,-5,680977200,33.5,4.03,17.6,26.5,34.2,23.8,23.3
2021-07-30 16:50:00,-5,680979000,31.8,4.03,17.6,26.5,34.2,23.8,23.2
2021-07-30 17:20:00,-5,680980800,31.5,4.03,17.6,26.6,34.2,23.7,23.2
2021-07-30 17:50:00,-5,680982600,30.5,4.02,17.6,26.6,34.2,24.0,23.2
2021-07-30 18:10:00,-5,680983800,29.0,4.02,17.6,26.6,34.4,24.1,23.5
2021-07-30 18:40:00,-5,680985600,27.5,4.02,17.6,26.6,34.3,24.0,23.3
2021-07-30 19:00:00,-5,680986800,25.5,4.02,17.6,26.7,34.4,24.0,23.4
2021-07-30 19:20:00,-5,680988000,22.8,4.02,17.6,26.7,34.4,24.0,23.2
2021-07-30 19:30:00,-5,680988600,22.0,4.02,17.6,26.7,34.5,24.0,23.5
2021-07-30 19:40:00,-5,680989200,21.5,4.02,17.6,26.7,34.3,24.0,23.2
2021-07-30 20:00:00,-5,680990400,20.0,4.02,17.6,26.7,34.4,24.0,23.2
2021-07-30 20:20:00,-5,680991600,18.5,4.02,17.6,26.7,34.4,24.0,23.4
2021-07-30 21:30:00,-5,680995800,16.5,4.02,17.5,26.7,34.5,23.8,23.5
2021-07-30 21:50:00,-5,680997000,16.8,4.02,17.4,26.7,34.6,23.8,23.3
2021-07-30 22:00:00,-5,680997600,16.8,4.02,17.5,26.7,34.4,24.1,23.3
2021-07-30 22:10:00,-5,680998200,17.0,4.02,17.4,26.7,34.4,23.8,23.3
2021-07-30 22:20:00,-5,680998800,17.0,4.02,17.4,26.7,34.4,23.8,23.3
2021-07-30 23:20:00,-5,681002400,16.8,4.02,17.4,26.7,34.5,23.6,23.3
2021-07-30 23:30:00,-5,681003000,16.3,4.02,17.3,26.7,34.6,23.7,23.4
2021-07-30 23:50:00,-5,681004200,16.0,4.02,17.3,26.7,34.6,23.7,23.3
2021-07-31 00:00:00,-5,681004800,15.8,4.02,17.3,26.7,34.5,23.7,23.5
2021-07-31 01:40:00,-5,681010800,13.3,4.00,17.2,26.6,34.5,23.5,23.3
2021-07-31 02:20:00,-5,681013200,11.8,4.00,17.1,26.6,34.5,23.3,23.3
2021-07-31 02:40:00,-5,681014400,12.3,4.00,17.1,26.6,34.5,23.3,23.3
2021-07-31 03:00:00,-5,681015600,11.8,4.00,17.1,26.6,34.5,23.3,23.2
2021-07-31 03:10:00,-5,681016200,11.3,4.00,17.0,26.6,34.5,23.3,23.2
2021-07-31 03:30:00,-5,681017400,11.0,4.00,17.0,26.6,34.7,23.2,23.4
2021-07-31 03:40:00,-5,681018000,10.8,4.00,17.0,26.6,34.5,23.3,23.3
2021-07-31 03:50:00,-5,681018600,10.8,4.00,17.0,26.6,34.5,23.3,23.3
2021-07-31 04:10:00,-5,681019800,11.8,4.00,17.0,26.5,34.5,23.1,23.3
2021-07-31 04:40:00,-5,681021600,11.0,4.00,16.9,26.5,34.5,23.2,23.3
2021-07-31 04:50:00,-5,681022200,11.3,4.00,16.9,26.5,34.5,23.1,23.2
2021-07-31 05:30:00,-5,681024600,11.8,4.00,16.9,26.5,34.5,23.1,23.2
2021-07-31 05:40:00,-5,681025200,12.0,4.00,16.9,26.5,34.5,23.0,23.2
2021-07-31 06:00:00,-5,681026400,17.3,4.00,16.8,26.5,34.6,22.7,23.3
2021-07-31 07:00:00,-5,681030000,21.3,4.00,16.8,26.4,34.6,22.8,23.3
2021-07-31 07:10:00,-5,681030600,21.8,4.00,16.8,26.4,34.6,22.6,23.2
2021-07-31 07:30:00,-5,681031800,22.3,4.00,16.7,26.4,34.6,22.8,23.1
2021-07-31 07:40:00,-5,681032400,22.8,4.00,16.7,26.4,34.6,22.6,23.2
2021-07-31 07:50:00,-5,681033000,23.3,4.00,16.7,26.4,34.6,22.7,23.2
2021-07-31 08:30:00,-5,681035400,26.5,4.02,16.7,26.3,34.5,22.6,23.2
2021-07-31 08:40:00,-5,681036000,28.3,4.02,16.7,26.3,34.5,22.5,23.1
2021-07-31 09:40:00,-5,681039600,44.3,4.03,16.6,26.3,34.6,22.4,23.1
2021-07-31 09:50:00,-5,681040200,45.8,4.03,16.7,26.2,34.4,22.4,23.2
2021-07-31 10:00:00,-5,681040800,44.0,4.03,16.7,26.2,34.4,22.6,23.2
2021-07-31 10:20:00,-5,681042000,44.8,4.03,16.7,26.2,34.3,22.7,23.1
2021-07-31 10:30:00,-5,681042600,43.8,4.03,16.6,26.2,34.5,22.5,23.0
2021-07-31 11:10:00,-5,681045000,44.5,4.03,16.7,26.1,34.2,22.3,23.1
2021-07-31 11:20:00,-5,681045600,45.8,4.03,16.7,26.1,34.2,22.6,23.0
2021-07-31 11:30:00,-5,681046200,44.8,4.03,16.6,26.1,34.2,22.6,23.0
2021-07-31 11:40:00,-5,681046800,43.3,4.03,16.6,26.0,34.2,22.6,23.1
2021-07-31 11:50:00,-5,681047400,44.5,4.03,16.6,26.0,34.1,22.6,23.0
2021-07-31 12:00:00,-5,681048000,43.3,4.03,16.6,26.0,34.1,22.4,23.1
2021-07-31 12:10:00,-5,681048600,43.5,4.03,16.6,26.0,34.1,22.5,23.0
2021-07-31 12:30:00,-5,681049800,43.8,4.03,16.6,26.0,34.2,22.5,23.1
2021-07-31 12:40:00,-5,681050400,36.3,4.03,16.6,25.9,34.1,22.4,23.2
2021-07-31 13:10:00,-5,681052200,39.5,4.03,16.6,25.9,34.0,22.5,23.1
2021-07-31 13:30:00,-5,681053400,40.8,4.03,16.6,25.9,34.0,22.6,23.0
2021-07-31 13:40:00,-5,681054000,41.5,4.03,16.6,25.9,34.1,22.5,23.1
2021-07-31 13:50:00,-5,681054600,40.3,4.03,16.6,25.9,33.9,22.6,22.8
2021-07-31 14:30:00,-5,681057000,36.3,4.03,16.6,25.8,33.9,22.7,22.7
2021-07-31 14:40:00,-5,681057600,35.5,4.03,16.7,25.8,33.8,22.7,23.1
2021-07-31 14:50:00,-5,681058200,34.8,4.03,16.7,25.8,33.8,22.7,22.8
2021-07-31 15:00:00,-5,681058800,34.5,4.03,16.7,25.8,33.8,22.8,22.8
2021-07-31 15:10:00,-5,681059400,34.3,4.03,16.7,25.8,33.8,22.6,22.7
2021-07-31 15:30:00,-5,681060600,34.0,4.03,16.7,25.8,33.8,22.7,22.8
2021-07-31 15:40:00,-5,681061200,33.3,4.03,16.7,25.8,33.7,22.8,22.8
2021-07-31 16:00:00,-5,681062400,33.3,4.03,16.7,25.8,33.7,22.6,23.1
2021-07-31 16:40:00,-5,681064800,31.8,4.03,16.7,25.8,33.7,22.8,22.7
2021-07-31 17:00:00,-5,681066000,31.5,4.03,16.7,25.8,33.7,22.6,22.8
2021-07-31 17:10:00,-5,681066600,31.5,4.03,16.7,25.8,33.7,23.2,22.7
2021-07-31 17:40:00,-5,681068400,30.0,4.03,16.7,25.9,33.9,23.1,22.8
2021-07-31 18:20:00,-5,681070800,27.5,4.03,16.8,25.9,33.8,22.7,22.8
2021-07-31 19:20:00,-5,681074400,19.3,4.02,16.8,25.9,33.8,23.1,22.7
2021-07-31 19:50:00,-5,681076200,17.0,4.02,16.8,25.9,33.9,23.2,22.7
2021-07-31 20:20:00,-5,681078000,16.5,4.02,16.7,26.0,34.0,23.0,22.8
2021-07-31 20:30:00,-5,681078600,15.8,4.02,16.7,26.0,33.9,23.1,22.8
2021-07-31 21:20:00,-5,681081600,15.3,4.02,16.7,26.0,33.9,23.1,22.8
2021-07-31 22:00:00,-5,681084000,14.8,4.02,16.6,26.0,33.9,22.7,22.7
2021-07-31 22:10:00,-5,681084600,15.0,4.02,16.6,26.0,33.9,23.1,23.2
2021-07-31 22:20:00,-5,681085200,14.8,4.02,16.6,26.0,34.0,23.0,22.8
2021-07-31 22:30:00,-5,681085800,14.5,4.02,16.6,26.0,33.9,23.0,23.0
2021-07-31 22:40:00,-5,681086400,14.8,4.02,16.6,26.0,33.9,23.0,22.8
2021-07-31 22:50:00,-5,681087000,14.5,4.02,16.6,26.0,33.9,23.1,22.7
2021-07-31 23:00:00,-5,681087600,14.5,4.02,16.6,26.0,34.0,23.1,22.8
2021-07-31 23:10:00,-5,681088200,14.3,4.02,16.6,26.0,33.9,23.0,22.8
2021-07-31 23:40:00,-5,681090000,13.8,4.02,16.6,26.0,33.9,22.8,22.8
2021-08-01 00:10:00,-5,681091800,13.8,4.02,16.5,26.0,34.1,22.7,22.8
2021-08-01 00:20:00,-5,681092400,13.8,4.02,16.5,26.0,34.1,22.7,23.1
2021-08-01 00:30:00,-5,681093000,13.8,4.02,16.6,26.0,34.0,22.7,22.7
2021-08-01 00:50:00,-5,681094200,13.5,4.02,16.5,25.9,34.0,22.6,23.1
2021-08-01 01:20:00,-5,681096000,13.5,4.02,16.5,25.9,34.0,22.7,22.7
2021-08-01 01:30:00,-5,681096600,13.3,4.02,16.5,25.9,34.0,22.7,22.8
2021-08-01 02:00:00,-5,681098400,13.0,4.00,16.4,25.9,34.0,22.7,23.1
2021-08-01 02:10:00,-5,681099000,12.8,4.00,16.4,25.9,34.0,22.6,22.7
2021-08-01 02:20:00,-5,681099600,12.8,4.00,16.4,25.9,34.0,22.6,22.8
2021-08-01 02:40:00,-5,681100800,13.0,4.00,16.4,25.9,34.1,22.5,22.8
2021-08-01 03:00:00,-5,681102000,13.3,4.00,16.3,25.9,34.1,22.7,22.8
2021-08-01 03:10:00,-5,681102600,13.5,4.00,16.3,25.9,34.1,22.5,22.8
2021-08-01 03:30:00,-5,681103800,13.5,4.00,16.3,25.9,34.0,22.4,22.8
2021-08-01 03:40:00,-5,681104400,13.3,4.00,16.3,25.9,34.1,22.5,22.8
2021-08-01 04:00:00,-5,681105600,13.3,4.00,16.3,25.8,34.0,22.5,22.8
2021-08-01 04:20:00,-5,681106800,13.8,4.00,16.3,25.9,34.1,22.3,22.8
2021-08-01 04:40:00,-5,681108000,13.3,4.00,16.3,25.8,34.0,22.3,22.8
2021-08-01 04:50:00,-5,681108600,13.5,4.00,16.3,25.8,34.0,22.4,22.8
2021-08-01 05:10:00,-5,681109800,14.0,4.00,16.3,25.8,34.0,22.3,22.8
2021-08-01 05:40:00,-5,681111600,15.3,4.00,16.2,25.8,34.0,22.3,22.8
2021-08-01 06:00:00,-5,681112800,16.5,4.00,16.2,25.7,34.0,22.3,22.7
2021-08-01 06:10:00,-5,681113400,17.0,4.00,16.2,25.8,34.0,22.2,22.8
2021-08-01 06:40:00,-5,681115200,18.0,4.00,16.2,25.7,34.0,22.2,22.8
2021-08-01 06:50:00,-5,681115800,18.0,4.00,16.2,25.7,34.0,22.2,22.7
2021-08-01 07:00:00,-5,681116400,18.3,4.00,16.2,25.7,34.0,22.1,22.7
2021-08-01 07:10:00,-5,681117000,18.8,4.00,16.2,25.7,34.0,22.2,22.7
2021-08-01 07:30:00,-5,681118200,19.5,4.00,16.2,25.7,34.0,22.2,22.7
2021-08-01 08:00:00,-5,681120000,19.0,4.00,16.2,25.7,34.0,22.1,23.1
2021-08-01 08:20:00,-5,681121200,19.3,4.00,16.2,25.7,34.0,22.1,22.7
2021-08-01 08:30:00,-5,681121800,19.3,4.00,16.2,25.7,34.0,22.1,22.6
2021-08-01 08:40:00,-5,681122400,19.0,4.00,16.2,25.7,34.0,22.2,22.7
2021-08-01 09:10:00,-5,681124200,25.0,4.02,16.2,25.7,34.0,22.1,22.7
2021-08-01 09:20:00,-5,681124800,26.8,4.02,16.2,25.7,34.0,22.1,22.6
2021-08-01 09:40:00,-5,681126000,27.5,4.02,16.2,25.7,34.0,22.2,22.7
2021-08-01 09:50:00,-5,681126600,26.5,4.00,16.1,25.7,34.1,22.1,22.7
2021-08-01 10:00:00,-5,681127200,27.0,4.02,16.2,25.6,34.0,22.1,22.7
2021-08-01 10:10:00,-5,681127800,27.8,4.02,16.2,25.6,34.0,22.2,22.7
2021-08-01 10:20:00,-5,681128400,29.0,4.02,16.2,25.7,34.1,22.2,22.7
2021-08-01 10:40:00,-5,681129600,28.5,4.02,16.2,25.6,34.0,22.1,22.6
2021-08-01 11:00:00,-5,681130800,26.5,4.00,16.2,25.6,34.0,22.1,22.6
2021-08-01 11:10:00,-5,681131400,25.3,4.00,16.2,25.6,33.9,22.2,22.7
2021-08-01 11:20:00,-5,681132000,25.5,4.02,16.2,25.6,33.9,22.2,22.6
2021-08-01 11:40:00,-5,681133200,27.3,4.02,16.2,25.6,33.9,22.1,22.6
2021-08-01 11:50:00,-5,681133800,25.0,4.00,16.2,25.6,33.9,22.1,22.6
2021-08-01 12:00:00,-5,681134400,23.0,4.00,16.2,25.6,33.9,22.2,22.6
2021-08-01 12:30:00,-5,681136200,23.0,4.00,17.0,25.6,33.9,22.2,22.5
2021-08-01 12:40:00,-5,681136800,22.8,4.00,16.9,25.7,34.1,22.1,22.6
2021-08-01 13:00:00,-5,681138000,31.3,4.02,16.8,25.6,33.9,22.1,22.5
2021-08-01 13:50:00,-5,681141000,27.3,4.02,16.7,25.6,34.0,22.1,22.5
2021-08-01 14:00:00,-5,681141600,27.5,4.02,16.8,25.6,33.9,22.1,22.6
2021-08-01 14:10:00,-5,681142200,29.3,4.02,16.8,25.6,33.9,22.1,22.4
2021-08-01 14:20:00,-5,681142800,28.5,4.02,16.8,25.6,33.9,22.2,22.6
2021-08-01 14:30:00,-5,681143400,26.0,4.02,16.8,25.6,33.9,22.1,22.6
2021-08-01 14:50:00,-5,681144600,25.0,4.02,16.8,25.6,33.9,22.1,22.5
2021-08-01 15:10:00,-5,681145800,25.5,4.02,16.8,25.6,33.9,22.2,22.6
2021-08-01 15:30:00,-5,681147000,24.5,4.02,16.8,25.7,34.0,22.1,22.5
2021-08-01 15:40:00,-5,681147600,25.3,4.02,16.8,25.6,33.9,22.3,22.7
2021-08-01 15:50:00,-5,681148200,25.8,4.02,16.8,25.6,33.9,22.2,22.6
2021-08-01 16:10:00,-5,681149400,25.8,4.02,16.7,25.7,34.0,22.1,22.5
2021-08-01 16:30:00,-5,681150600,27.3,4.02,16.8,25.6,33.9,22.2,22.4
2021-08-01 16:50:00,-5,681151800,28.3,4.02,16.8,25.6,33.9,22.2,22.3
2021-08-01 17:00:00,-5,681152400,27.0,4.00,16.8,25.6,33.9,22.2,22.6
2021-08-01 17:40:00,-5,681154800,25.5,4.00,16.8,25.6,33.9,22.3,22.5
2021-08-01 17:50:00,-5,681155400,25.5,4.00,16.8,25.6,33.9,22.3,22.5
2021-08-01 18:00:00,-5,681156000,24.8,4.00,16.8,25.6,33.9,22.2,22.6
2021-08-01 18:10:00,-5,681156600,24.3,4.00,16.8,25.6,33.9,22.2,22.3
2021-08-01 18:30:00,-5,681157800,23.5,4.00,16.8,25.7,33.9,22.1,22.5
2021-08-01 18:40:00,-5,681158400,22.8,4.00,16.7,25.7,34.0,22.3,22.3
2021-08-01 19:00:00,-5,681159600,22.0,4.00,16.8,25.7,33.9,22.2,22.6
2021-08-01 19:10:00,-5,681160200,21.8,4.00,16.8,25.7,33.9,22.3,22.6
2021-08-01 19:30:00,-5,681161400,21.5,4.00,16.8,25.7,33.9,22.2,22.5
2021-08-01 19:40:00,-5,681162000,21.3,4.00,16.8,25.7,33.9,22.3,22.3
2021-08-01 19:50:00,-5,681162600,21.0,4.00,16.8,25.7,33.9,22.3,22.6
2021-08-01 20:20:00,-5,681164400,18.5,4.00,42.8,37.1,34.1,22.2,22.6
2021-08-01 20:40:00,-5,681165600,17.5,4.00,44.0,40.6,35.1,22.1,22.4
2021-08-01 20:50:00,-5,681166200,17.0,4.00,43.9,40.6,34.8,22.2,22.4
2021-08-01 21:30:00,-5,681168600,16.8,4.00,34.3,38.4,34.5,22.1,22.4
2021-08-01 21:40:00,-5,681169200,16.8,4.00,33.0,37.4,34.5,22.2,22.6
2021-08-01 21:50:00,-5,681169800,16.8,4.00,32.0,36.5,34.4,22.1,22.3
2021-08-01 22:00:00,-5,681170400,16.5,4.00,31.1,35.9,34.5,22.2,22.3
2021-08-01 22:10:00,-5,681171000,16.5,4.00,30.4,35.3,34.4,22.2,22.3
2021-08-01 22:30:00,-5,681172200,16.3,4.00,29.4,34.4,34.4,22.2,22.3
2021-08-01 22:40:00,-5,681172800,15.8,4.00,29.0,34.1,34.4,22.2,22.5
2021-08-01 23:10:00,-5,681174600,15.3,4.00,28.0,33.3,34.4,22.1,22.3
2021-08-01 23:20:00,-5,681175200,15.3,4.00,27.8,33.2,34.5,22.1,22.4
2021-08-01 23:40:00,-5,681176400,15.0,4.00,27.3,32.9,34.4,22.1,22.3
2021-08-01 23:50:00,-5,681177000,15.0,4.00,27.1,32.7,34.4,22.0,22.4
2021-08-02 00:10:00,-5,681178200,14.5,4.00,26.8,32.5,34.4,22.0,22.3
2021-08-02 00:20:00,-5,681178800,14.5,4.00,26.7,32.4,34.4,22.1,22.3
2021-08-02 01:40:00,-5,681183600,14.8,3.99,25.7,31.7,34.4,21.7,22.4
2021-08-02 02:20:00,-5,681186000,14.0,3.99,25.4,31.5,34.4,21.7,22.3
2021-08-02 02:30:00,-5,681186600,14.0,3.99,25.3,31.5,34.5,22.1,22.3
2021-08-02 02:40:00,-5,681187200,13.5,3.99,25.3,31.4,34.4,22.0,22.4
2021-08-02 03:10:00,-5,681189000,14.3,3.99,25.1,31.3,34.4,22.1,22.3
2021-08-02 03:20:00,-5,681189600,14.0,3.99,25.0,31.2,34.4,22.0,22.3
2021-08-02 03:30:00,-5,681190200,13.8,3.99,25.0,31.2,34.4,21.7,22.3
2021-08-02 03:40:00,-5,681190800,13.5,3.99,25.0,31.2,34.4,21.8,22.4
2021-08-02 03:50:00,-5,681191400,13.5,3.99,24.9,31.1,34.4,21.8,22.4
2021-08-02 04:00:00,-5,681192000,13.8,3.99,24.9,31.1,34.4,22.1,22.2
2021-08-02 04:20:00,-5,681193200,13.8,3.99,24.8,31.0,34.4,21.7,22.3
2021-08-02 04:30:00,-5,681193800,13.5,3.99,24.7,31.0,34.4,22.1,22.3
2021-08-02 05:00:00,-5,681195600,13.8,3.99,24.6,30.9,34.4,21.8,22.2
2021-08-02 05:10:00,-5,681196200,14.0,3.99,24.5,30.9,34.4,21.8,22.2
2021-08-02 05:40:00,-5,681198000,14.8,3.99,24.3,30.8,34.5,21.7,22.2
2021-08-02 05:50:00,-5,681198600,15.3,3.99,24.3,30.8,34.4,21.7,22.3
2021-08-02 06:00:00,-5,681199200,17.3,3.99,24.3,30.7,34.4,21.7,22.3
2021-08-02 06:20:00,-5,681200400,20.8,3.99,24.2,30.7,34.4,21.6,22.3
2021-08-02 06:30:00,-5,681201000,22.3,4.00,24.2,30.6,34.4,21.7,22.3
2021-08-02 06:40:00,-5,681201600,23.8,4.00,24.1,30.6,34.4,21.8,22.3
2021-08-02 06:50:00,-5,681202200,24.8,4.00,24.1,30.6,34.4,21.7,22.2
2021-08-02 07:00:00,-5,681202800,26.5,4.00,24.1,30.6,34.4,21.6,22.2
2021-08-02 07:10:00,-5,681203400,28.3,4.00,24.0,30.5,34.4,21.6,22.2
2021-08-02 07:20:00,-5,681204000,29.5,4.00,24.0,30.6,34.6,21.6,22.2
2021-08-02 07:30:00,-5,681204600,30.3,4.00,24.0,30.5,34.4,21.6,22.2
2021-08-02 07:50:00,-5,681205800,33.3,4.00,23.9,30.5,34.6,21.6,22.3
2021-08-02 08:00:00,-5,681206400,33.5,4.00,23.9,30.4,34.4,21.7,22.2
2021-08-02 08:10:00,-5,681207000,34.0,4.02,23.8,30.4,34.4,21.5,22.1
2021-08-02 08:20:00,-5,681207600,35.0,4.02,23.8,30.4,34.4,21.5,22.3
2021-08-02 08:30:00,-5,681208200,35.8,4.02,23.7,30.4,34.4,21.5,22.2
2021-08-02 08:40:00,-5,681208800,37.0,4.02,23.7,30.3,34.4,21.5,22.2
2021-08-02 08:50:00,-5,681209400,38.3,4.02,23.6,30.3,34.5,21.5,22.2
2021-08-02 09:00:00,-5,681210000,39.0,4.02,23.5,30.2,34.4,21.6,22.2
2021-08-02 09:10:00,-5,681210600,39.3,4.02,23.4,30.1,34.5,21.5,22.1
2021-08-02 09:20:00,-5,681211200,38.3,4.02,23.4,30.0,34.4,21.6,22.2
2021-08-02 09:30:00,-5,681211800,40.5,4.02,23.3,30.0,34.5,21.6,22.2
2021-08-02 09:50:00,-5,681213000,37.5,4.02,23.2,29.8,34.4,21.6,22.1
2021-08-02 10:10:00,-5,681214200,38.8,4.03,23.1,29.6,34.4,21.6,22.1
2021-08-02 10:20:00,-5,681214800,41.5,4.03,23.0,29.6,34.5,21.5,22.1
2021-08-02 10:30:00,-5,681215400,41.3,4.03,22.9,29.5,34.4,21.6,22.1
2021-08-02 10:40:00,-5,681216000,41.0,4.03,22.9,29.3,34.4,21.6,22.1
2021-08-02 10:50:00,-5,681216600,39.0,4.02,22.8,29.3,34.5,21.5,22.2
2021-08-02 11:00:00,-5,681217200,32.8,4.02,22.8,29.2,34.4,21.5,22.2
2021-08-02 11:20:00,-5,681218400,40.0,4.03,22.6,29.1,34.3,21.6,22.2
2021-08-02 11:30:00,-5,681219000,37.8,4.03,22.6,29.1,34.3,21.5,22.2
2021-08-02 11:40:00,-5,681219600,40.3,4.03,22.5,29.0,34.3,21.5,22.2
2021-08-02 11:50:00,-5,681220200,40.8,4.03,22.4,28.9,34.3,21.6,22.1
2021-08-02 12:00:00,-5,681220800,40.8,4.03,22.4,28.8,34.3,21.6,22.1
2021-08-02 12:10:00,-5,681221400,37.8,4.03,22.3,28.8,34.3,21.7,22.2
2021-08-02 12:20:00,-5,681222000,38.3,4.03,22.2,28.6,34.3,21.6,22.1
2021-08-02 13:00:00,-5,681224400,38.8,4.03,22.0,28.4,34.2,21.6,22.0
2021-08-02 13:10:00,-5,681225000,42.0,4.03,21.9,28.3,34.2,21.6,22.2
2021-08-02 13:30:00,-5,681226200,36.8,4.03,21.8,28.2,34.1,21.6,22.1
2021-08-02 14:00:00,-5,681228000,36.3,4.03,21.7,28.1,34.1,21.6,22.2
2021-08-02 14:40:00,-5,681230400,34.8,4.03,21.5,27.9,34.1,21.7,22.2
2021-08-02 14:50:00,-5,681231000,34.5,4.03,21.5,27.8,34.1,21.6,22.2
2021-08-02 15:00:00,-5,681231600,30.8,4.03,21.4,27.8,34.1,21.8,22.2
2021-08-02 15:10:00,-5,681232200,32.8,4.03,21.4,27.8,34.1,21.7,22.0
2021-08-02 15:50:00,-5,681234600,32.5,4.03,21.2,27.6,34.0,22.1,22.0
2021-08-02 16:00:00,-5,681235200,32.5,4.03,21.2,27.6,34.0,22.1,22.0
2021-08-02 16:10:00,-5,681235800,32.8,4.03,21.1,27.6,34.0,21.8,22.1
2021-08-02 16:20:00,-5,681236400,32.8,4.03,21.1,27.6,34.0,21.8,21.7
2021-08-02 16:30:00,-5,681237000,33.0,4.03,21.0,27.5,34.0,21.8,22.0
2021-08-02 16:50:00,-5,681238200,30.0,4.03,21.0,27.6,34.0,22.0,22.0
2021-08-02 17:20:00,-5,681240000,29.8,4.03,20.9,27.6,34.0,22.0,22.0
2021-08-02 17:30:00,-5,681240600,28.8,4.03,20.9,27.6,34.0,22.1,22.0
2021-08-02 17:40:00,-5,681241200,29.3,4.03,20.9,27.6,34.0,22.1,22.0
2021-08-02 17:50:00,-5,681241800,26.5,4.02,20.9,27.6,34.0,21.7,22.0
2021-08-02 18:00:00,-5,681242400,24.8,4.02,20.9,27.6,34.0,22.0,21.7
2021-08-02 18:10:00,-5,681243000,25.8,4.02,20.8,27.6,34.1,21.7,22.1
2021-08-02 18:20:00,-5,681243600,25.3,4.02,20.8,27.6,34.0,22.0,22.1
2021-08-02 19:00:00,-5,681246000,23.3,4.02,20.8,27.7,34.1,22.0,22.2
2021-08-02 19:10:00,-5,681246600,21.0,4.02,20.8,27.7,34.1,22.1,22.1
2021-08-02 19:20:00,-5,681247200,19.3,4.02,20.8,27.7,34.2,22.1,22.0
2021-08-02 19:30:00,-5,681247800,18.5,4.02,20.8,27.7,34.1,22.0,22.1
2021-08-02 19:40:00,-5,681248400,17.5,4.02,20.8,27.7,34.2,22.0,22.0
2021-08-02 20:20:00,-5,681250800,15.8,4.02,20.8,27.7,34.1,22.0,22.1
2021-08-02 20:40:00,-5,681252000,15.5,4.02,20.8,27.7,34.1,22.1,22.0
2021-08-02 20:50:00,-5,681252600,15.8,4.02,20.8,27.7,34.1,22.1,22.1
2021-08-02 21:00:00,-5,681253200,15.3,4.02,20.8,27.8,34.1,22.1,22.0
2021-08-02 21:10:00,-5,681253800,15.0,4.02,20.7,27.8,34.1,22.1,22.0
2021-08-02 21:20:00,-5,681254400,15.0,4.02,20.7,27.8,34.2,22.0,22.1
2021-08-02 21:40:00,-5,681255600,15.3,4.02,20.7,27.8,34.1,22.1,22.1
2021-08-02 22:20:00,-5,681258000,14.3,4.02,20.7,27.8,34.1,22.0,22.1
2021-08-02 22:30:00,-5,681258600,14.5,4.02,20.6,27.8,34.1,22.1,22.0
2021-08-02 22:40:00,-5,681259200,14.0,4.02,20.6,27.8,34.1,22.1,22.1
2021-08-02 22:50:00,-5,681259800,13.8,4.02,20.6,27.8,34.1,22.1,22.2
2021-08-02 23:00:00,-5,681260400,13.8,4.02,20.6,27.8,34.1,22.1,22.2
2021-08-02 23:20:00,-5,681261600,13.5,4.02,20.6,27.8,34.1,22.0,22.2
2021-08-02 23:30:00,-5,681262200,13.3,4.02,20.6,27.8,34.1,22.1,22.1
2021-08-02 23:50:00,-5,681263400,13.0,4.02,20.5,27.8,34.1,22.0,22.0
2021-08-03 00:10:00,-5,681264600,13.0,4.02,20.5,27.8,34.3,21.8,22.1
2021-08-03 00:30:00,-5,681265800,12.8,4.02,20.5,27.8,34.1,22.1,22.1
2021-08-03 00:40:00,-5,681266400,12.5,4.02,20.5,27.7,34.1,22.1,22.0
2021-08-03 00:50:00,-5,681267000,12.8,4.00,20.5,27.8,34.1,21.8,22.2
2021-08-03 01:10:00,-5,681268200,12.5,4.00,20.4,27.7,34.1,21.8,22.1
2021-08-03 01:20:00,-5,681268800,12.5,4.00,20.4,27.7,34.1,21.8,22.1
2021-08-03 01:30:00,-5,681269400,12.3,4.00,20.4,27.7,34.2,21.7,22.1
2021-08-03 01:40:00,-5,681270000,12.0,4.00,20.4,27.7,34.2,21.8,22.1
2021-08-03 01:50:00,-5,681270600,12.0,4.00,20.4,27.7,34.1,21.7,22.0
2021-08-03 02:10:00,-5,681271800,12.3,4.00,20.4,27.7,34.1,21.8,22.2
2021-08-03 02:30:00,-5,681273000,12.3,4.00,20.3,27.7,34.2,21.8,22.2
2021-08-03 02:40:00,-5,681273600,12.5,4.00,20.3,27.7,34.2,21.8,22.1
2021-08-03 03:00:00,-5,681274800,12.5,4.00,20.3,27.7,34.2,21.7,22.0
2021-08-03 03:10:00,-5,681275400,12.5,4.00,20.3,27.7,34.1,21.6,22.2
2021-08-03 03:20:00,-5,681276000,12.5,4.00,20.3,27.7,34.2,21.7,22.2
2021-08-03 03:30:00,-5,681276600,12.5,4.00,20.3,27.7,34.2,21.6,22.2
2021-08-03 03:40:00,-5,681277200,12.5,4.00,20.2,27.7,34.2,21.7,22.1
2021-08-03 03:50:00,-5,681277800,12.5,4.00,20.2,27.7,34.2,21.6,22.0
2021-08-03 04:00:00,-5,681278400,12.5,4.00,20.2,27.7,34.3,21.5,22.1
2021-08-03 04:30:00,-5,681280200,12.8,4.00,20.2,27.6,34.2,21.6,22.1
2021-08-03 04:40:00,-5,681280800,12.5,4.00,20.2,27.6,34.2,21.6,22.0
2021-08-03 05:30:00,-5,681283800,13.3,4.00,20.1,27.6,34.2,21.5,21.7
2021-08-03 05:40:00,-5,681284400,13.5,4.00,20.1,27.6,34.2,21.5,21.7
2021-08-03 05:50:00,-5,681285000,13.8,4.00,20.1,27.6,34.2,21.5,22.1
2021-08-03 06:00:00,-5,681285600,14.3,4.00,20.1,27.6,34.2,21.3,21.7
2021-08-03 06:20:00,-5,681286800,15.3,4.00,20.1,27.6,34.2,21.5,22.2
2021-08-03 06:30:00,-5,681287400,15.5,4.00,20.0,27.6,34.2,21.3,21.7
2021-08-03 06:40:00,-5,681288000,16.0,4.00,20.0,27.6,34.2,21.5,21.8
2021-08-03 06:50:00,-5,681288600,16.8,4.00,20.0,27.6,34.2,21.4,21.7
2021-08-03 07:00:00,-5,681289200,17.5,4.00,20.0,27.6,34.2,21.3,21.7
2021-08-03 07:10:00,-5,681289800,18.3,4.00,20.0,27.5,34.2,21.3,21.7
2021-08-03 07:20:00,-5,681290400,18.8,4.00,20.0,27.5,34.1,21.2,21.7
2021-08-03 07:50:00,-5,681292200,24.0,4.02,20.0,27.5,34.2,21.2,21.8
2021-08-03 08:00:00,-5,681292800,25.8,4.02,20.0,27.5,34.2,21.3,21.7
2021-08-03 08:10:00,-5,681293400,28.3,4.02,19.9,27.5,34.2,21.3,21.8
2021-08-03 08:50:00,-5,681295800,32.5,4.02,19.9,27.5,34.2,21.3,22.1
2021-08-03 09:00:00,-5,681296400,31.3,4.02,19.9,27.5,34.2,21.2,21.8
2021-08-03 09:10:00,-5,681297000,30.0,4.02,19.9,27.5,34.2,21.3,22.1
2021-08-03 09:20:00,-5,681297600,30.3,4.02,19.9,27.5,34.2,21.2,21.7
2021-08-03 09:30:00,-5,681298200,30.0,4.02,19.8,27.5,34.3,21.1,21.6
2021-08-03 09:40:00,-5,681298800,30.5,4.02,19.9,27.4,34.1,21.2,21.8
2021-08-03 09:50:00,-5,681299400,32.0,4.02,19.8,27.4,34.2,21.2,22.1
2021-08-03 10:10:00,-5,681300600,32.5,4.02,19.8,27.4,34.1,21.3,22.0
2021-08-03 10:20:00,-5,681301200,33.0,4.02,19.8,27.4,34.1,21.3,21.8
2021-08-03 10:40:00,-5,681302400,33.3,4.02,19.8,27.3,34.1,21.1,21.7
2021-08-03 11:20:00,-5,681304800,35.0,4.02,19.7,27.3,34.1,21.3,21.7
2021-08-03 11:30:00,-5,681305400,37.3,4.02,19.6,27.3,34.2,21.2,21.8
2021-08-03 11:40:00,-5,681306000,37.0,4.02,19.7,27.3,34.1,21.3,21.8
2021-08-03 12:20:00,-5,681308400,38.5,4.03,19.6,27.2,34.0,21.3,21.7
2021-08-03 12:30:00,-5,681309000,36.8,4.03,19.6,27.3,34.2,21.1,21.8
2021-08-03 12:40:00,-5,681309600,35.5,4.03,19.6,27.2,34.0,21.3,21.7
2021-08-03 12:50:00,-5,681310200,36.0,4.03,19.6,27.2,34.0,21.2,21.7
2021-08-03 13:00:00,-5,681310800,36.0,4.03,19.6,27.2,34.0,21.3,21.8
2021-08-03 13:10:00,-5,681311400,38.0,4.03,19.5,27.2,34.0,21.3,21.8
2021-08-03 13:50:00,-5,681313800,39.5,4.03,19.5,27.1,34.0,21.5,21.7
2021-08-03 14:10:00,-5,681315000,41.5,4.03,19.4,27.0,33.9,21.3,21.7
2021-08-03 14:20:00,-5,681315600,38.8,4.03,19.4,27.0,33.9,21.5,21.6
2021-08-03 14:30:00,-5,681316200,39.5,4.03,19.4,27.0,33.9,21.5,21.8
2021-08-03 14:40:00,-5,681316800,38.3,4.03,19.3,26.9,33.9,21.4,21.7
2021-08-03 15:10:00,-5,681318600,37.3,4.03,19.3,26.9,33.9,21.4,21.8
2021-08-03 15:20:00,-5,681319200,36.0,4.03,19.3,26.9,33.9,21.5,21.6
2021-08-03 15:30:00,-5,681319800,35.0,4.03,19.3,26.9,33.9,21.6,21.7
2021-08-03 15:40:00,-5,681320400,35.3,4.03,19.3,26.9,33.9,21.6,21.7
2021-08-03 15:50:00,-5,681321000,35.3,4.03,19.3,26.9,33.9,21.6,21.7
2021-08-03 16:10:00,-5,681322200,34.5,4.03,19.2,26.9,33.9,21.5,21.7
2021-08-03 16:20:00,-5,681322800,33.0,4.03,19.2,26.9,33.9,21.5,21.8
2021-08-03 16:30:00,-5,681323400,32.0,4.03,19.2,26.9,33.9,21.5,21.7
2021-08-03 16:50:00,-5,681324600,30.8,4.03,19.2,26.9,33.9,21.6,21.6
2021-08-03 17:00:00,-5,681325200,30.3,4.03,19.2,27.0,33.9,21.6,21.7
2021-08-03 17:10:00,-5,681325800,30.3,4.03,19.2,27.0,33.9,21.7,21.7
2021-08-03 17:20:00,-5,681326400,29.0,4.03,19.2,27.0,33.9,21.6,21.7
2021-08-03 17:30:00,-5,681327000,27.8,4.03,19.2,27.0,33.9,21.7,21.7
2021-08-03 17:40:00,-5,681327600,28.3,4.03,19.2,27.0,33.9,21.6,21.6
2021-08-03 17:50:00,-5,681328200,26.8,4.02,19.2,27.0,33.9,21.7,21.8
2021-08-03 18:00:00,-5,681328800,25.3,4.02,19.2,27.0,33.9,21.7,21.7
2021-08-03 18:20:00,-5,681330000,23.8,4.02,19.2,27.0,33.9,21.7,21.7
2021-08-03 18:30:00,-5,681330600,23.0,4.02,19.2,27.0,33.9,21.7,21.7
2021-08-03 18:40:00,-5,681331200,22.8,4.02,19.2,27.0,33.9,21.6,21.7
2021-08-03 19:00:00,-5,681332400,22.5,4.02,19.2,27.0,33.9,21.8,21.7
2021-08-03 20:00:00,-5,681336000,18.3,4.02,19.2,27.1,33.9,21.7,21.7
2021-08-03 20:20:00,-5,681337200,17.8,4.02,19.1,27.1,34.1,22.1,21.7
2021-08-03 20:30:00,-5,681337800,17.3,4.02,19.1,27.1,33.9,21.7,21.7
2021-08-03 20:50:00,-5,681339000,16.5,4.02,19.1,27.1,34.1,21.7,21.7
2021-08-03 21:00:00,-5,681339600,16.5,4.02,19.1,27.1,33.9,21.7,21.7
2021-08-03 21:10:00,-5,681340200,16.5,4.02,19.1,27.1,33.9,21.8,21.7
2021-08-03 21:30:00,-5,681341400,16.3,4.02,19.1,27.1,33.9,21.7,21.7
2021-08-03 21:50:00,-5,681342600,16.3,4.02,19.1,27.1,33.9,21.8,21.7
2021-08-03 22:10:00,-5,681343800,15.8,4.02,19.0,27.1,33.9,21.7,21.7
2021-08-03 22:30:00,-5,681345000,15.5,4.02,19.0,27.1,33.9,21.8,21.8
2021-08-03 22:40:00,-5,681345600,15.3,4.02,19.0,27.1,33.9,21.7,21.7
2021-08-03 23:00:00,-5,681346800,15.5,4.02,19.0,27.1,34.1,21.7,21.7
2021-08-03 23:40:00,-5,681349200,15.0,4.02,19.0,27.1,34.0,21.8,21.8
2021-08-04 00:10:00,-5,681351000,15.0,4.02,18.9,27.1,34.0,21.6,21.7
2021-08-04 00:50:00,-5,681353400,15.0,4.00,18.9,27.1,34.0,21.6,21.8
2021-08-04 01:20:00,-5,681355200,14.3,4.00,18.9,27.1,34.0,21.6,21.8
2021-08-04 01:50:00,-5,681357000,14.3,4.00,18.8,27.1,34.0,21.7,21.8
2021-08-04 02:10:00,-5,681358200,14.5,4.00,18.8,27.1,34.0,21.6,21.7
2021-08-04 02:30:00,-5,681359400,14.0,4.00,18.8,27.1,34.0,21.6,21.7
2021-08-04 02:40:00,-5,681360000,14.3,4.00,18.8,27.1,34.0,21.5,21.7
2021-08-04 02:50:00,-5,681360600,14.3,4.00,18.8,27.1,34.0,21.5,21.8
2021-08-04 03:00:00,-5,681361200,14.5,4.00,18.8,27.0,34.0,21.6,21.7
2021-08-04 03:10:00,-5,681361800,14.8,4.00,18.8,27.1,34.0,21.5,21.6
2021-08-04 03:20:00,-5,681362400,14.5,4.00,18.8,27.0,34.0,21.5,21.8
2021-08-04 03:30:00,-5,681363000,14.0,4.00,18.8,27.0,34.0,21.5,21.8
2021-08-04 03:40:00,-5,681363600,14.0,4.00,18.7,27.0,34.0,21.5,21.7
2021-08-04 03:50:00,-5,681364200,14.0,4.00,18.7,27.0,34.0,21.5,21.8
2021-08-04 04:00:00,-5,681364800,14.0,4.00,18.7,27.0,34.0,21.5,21.7
2021-08-04 04:50:00,-5,681367800,14.0,4.00,18.7,27.0,34.0,21.5,21.7
2021-08-04 05:00:00,-5,681368400,13.8,4.00,18.7,27.0,34.0,21.4,21.8
2021-08-04 05:10:00,-5,681369000,13.8,4.00,18.7,27.0,34.0,21.3,21.7
2021-08-04 05:20:00,-5,681369600,13.8,4.00,18.7,27.0,34.0,21.3,21.7
2021-08-04 05:30:00,-5,681370200,14.0,4.00,18.7,27.0,34.0,21.3,21.7
2021-08-04 05:50:00,-5,681371400,14.8,4.00,18.6,27.0,34.0,21.2,21.7
2021-08-04 06:00:00,-5,681372000,15.0,4.00,18.6,27.0,34.0,21.3,21.7
2021-08-04 06:10:00,-5,681372600,15.3,4.00,18.6,27.0,34.0,21.3,21.7
2021-08-04 06:20:00,-5,681373200,15.8,4.00,18.6,26.9,34.0,21.3,21.7
2021-08-04 06:30:00,-5,681373800,16.3,4.00,18.6,27.0,34.0,21.2,21.8
2021-08-04 06:40:00,-5,681374400,16.8,4.00,18.6,27.0,34.0,21.3,21.6
2021-08-04 07:00:00,-5,681375600,18.0,4.00,18.6,26.9,34.0,21.2,21.7
2021-08-04 07:10:00,-5,681376200,18.8,4.00,18.6,26.9,34.0,21.3,21.7
2021-08-04 07:20:00,-5,681376800,19.3,4.00,18.6,26.9,34.0,21.2,21.7
2021-08-04 07:30:00,-5,681377400,19.8,4.00,18.6,26.9,34.0,21.2,21.6
2021-08-04 07:40:00,-5,681378000,20.5,4.00,18.6,26.9,34.0,21.1,21.7
2021-08-04 07:50:00,-5,681378600,20.8,4.00,18.5,27.0,34.1,21.1,21.7
2021-08-04 08:10:00,-5,681379800,22.0,4.00,18.6,26.9,34.0,21.2,21.6
