SL226 - Mayfly GPLP3 Logger
DateTime_EST,TZ-Offset,Loggertime,BoardTemp_C,Battery_V,Segment1_percent,Segment2_percent,Segment3_percent,T1_degC,T2_degC
2020-07-30 10:20:00,-5,649419600,52.0,4.05,40.3,37.0,39.3,24.7,25.1
2020-07-30 10:40:00,-5,649420800,52.5,4.05,40.3,37.0,39.2,24.7,24.7
2020-07-30 10:50:00,-5,649421400,54.3,4.05,40.3,37.0,39.2,24.8,24.7
2020-07-30 11:00:00,-5,649422000,57.8,4.05,40.3,37.0,39.3,24.7,24.7
2020-07-30 11:10:00,-5,649422600,57.5,4.05,40.3,36.9,39.2,24.7,24.6
2020-07-30 11:20:00,-5,649423200,57.5,4.05,40.3,36.9,39.1,24.7,24.8
2020-07-30 11:30:00,-5,649423800,57.3,4.06,40.3,37.0,39.3,24.8,24.8
2020-07-30 11:40:00,-5,649424400,57.0,4.05,40.3,36.9,39.1,24.8,24.7
2020-07-30 12:00:00,-5,649425600,57.3,4.06,40.3,36.8,39.1,24.8,24.6
2020-07-30 12:10:00,-5,649426200,58.0,4.06,40.3,36.9,39.0,24.8,24.8
2020-07-30 12:30:00,-5,649427400,57.0,4.05,40.3,36.9,39.0,25.0,24.6
2020-07-30 12:40:00,-5,649428000,55.8,4.05,40.3,36.8,39.0,24.7,24.7
2020-07-30 12:50:00,-5,649428600,56.5,4.05,40.3,36.8,39.0,25.0,24.8
2020-07-30 13:10:00,-5,649429800,54.0,4.05,40.3,36.8,38.9,25.0,24.8
2020-07-30 13:20:00,-5,649430400,53.5,4.05,40.3,36.8,38.9,25.0,24.8
2020-07-30 13:30:00,-5,649431000,51.3,4.05,40.3,36.9,39.0,25.0,24.7
2020-07-30 13:40:00,-5,649431600,49.0,4.05,40.4,36.8,38.9,25.0,24.8
2020-07-30 13:50:00,-5,649432200,46.5,4.05,40.3,36.8,38.9,25.1,24.7
2020-07-30 14:00:00,-5,649432800,45.3,4.05,40.4,36.8,38.8,25.1,24.6
2020-07-30 14:30:00,-5,649434600,44.5,4.05,40.4,36.8,38.8,25.2,24.6
2020-07-30 14:40:00,-5,649435200,44.5,4.05,40.4,36.8,38.8,25.1,24.8
2020-07-30 14:50:00,-5,649435800,43.0,4.05,40.4,36.8,38.8,25.1,24.6
2020-07-30 15:20:00,-5,649437600,41.3,4.05,40.5,36.9,38.8,25.3,24.7
2020-07-30 15:30:00,-5,649438200,40.0,4.05,40.5,36.9,38.8,25.3,24.7
2020-07-30 15:40:00,-5,649438800,38.5,4.05,40.5,36.9,38.8,25.4,24.7
2020-07-30 15:50:00,-5,649439400,37.8,4.05,40.5,36.9,38.8,25.3,24.8
2020-07-30 16:00:00,-5,649440000,37.3,4.05,40.5,36.9,38.8,25.3,24.7
2020-07-30 16:20:00,-5,649441200,35.3,4.05,40.6,37.0,38.9,25.4,24.7
2020-07-30 16:40:00,-5,649442400,34.5,4.05,40.6,37.0,38.8,25.5,24.8
2020-07-30 17:00:00,-5,649443600,34.0,4.05,40.6,37.0,38.8,25.6,25.1
2020-07-30 17:30:00,-5,649445400,32.5,4.05,40.6,37.0,38.8,25.6,24.6
2020-07-30 17:40:00,-5,649446000,31.5,4.05,40.6,37.0,38.8,25.6,25.1
2020-07-30 17:50:00,-5,649446600,31.0,4.05,40.6,37.1,38.8,25.6,24.7
2020-07-30 18:00:00,-5,649447200,30.3,4.05,40.6,37.1,38.8,25.7,25.0
2020-07-30 18:10:00,-5,649447800,30.0,4.05,40.6,37.1,39.0,25.7,25.1
2020-07-30 18:20:00,-5,649448400,29.5,4.05,40.6,37.1,38.8,25.6,24.8
2020-07-30 18:50:00,-5,649450200,28.3,4.05,40.6,37.1,38.8,25.6,24.7
2020-07-30 19:10:00,-5,649451400,27.3,4.05,40.6,37.2,38.9,25.8,24.6
2020-07-30 19:30:00,-5,649452600,26.8,4.05,40.6,37.2,38.9,25.7,24.8
2020-07-30 19:40:00,-5,649453200,26.8,4.05,40.6,37.2,38.9,25.7,25.0
2020-07-30 20:00:00,-5,649454400,26.3,4.05,40.5,37.2,38.9,25.7,25.1
2020-07-30 20:10:00,-5,649455000,26.3,4.05,40.5,37.2,38.9,25.8,24.7
2020-07-30 20:20:00,-5,649455600,26.5,4.05,40.5,37.2,38.9,25.7,25.1
2020-07-30 20:30:00,-5,649456200,26.5,4.03,40.5,37.2,38.9,26.0,24.7
2020-07-30 20:50:00,-5,649457400,26.0,4.03,40.5,37.2,38.9,25.7,25.0
2020-07-30 21:00:00,-5,649458000,26.0,4.03,40.5,37.2,38.9,25.8,25.2
2020-07-30 21:10:00,-5,649458600,26.3,4.03,40.5,37.2,38.9,25.7,25.0
2020-07-30 21:20:00,-5,649459200,26.3,4.03,40.5,37.2,38.9,25.8,24.8
2020-07-30 21:30:00,-5,649459800,26.3,4.03,40.5,37.3,39.0,25.7,24.7
2020-07-30 22:10:00,-5,649462200,24.0,4.03,43.8,38.8,38.9,25.8,25.2
2020-07-30 22:50:00,-5,649464600,22.3,4.03,49.3,40.6,39.0,25.7,25.1
2020-07-30 23:00:00,-5,649465200,22.0,4.03,47.8,40.3,39.0,25.7,24.8
2020-07-31 00:00:00,-5,649468800,22.0,4.03,45.3,39.4,39.0,25.6,25.2
2020-07-31 01:00:00,-5,649472400,22.3,4.03,44.5,39.1,39.2,25.6,25.2
2020-07-31 01:10:00,-5,649473000,22.0,4.03,44.4,39.0,39.2,25.6,25.1
2020-07-31 01:30:00,-5,649474200,22.0,4.03,44.3,38.9,39.0,25.6,25.2
2020-07-31 02:00:00,-5,649476000,22.0,4.03,44.1,38.7,39.0,25.5,25.1
2020-07-31 02:10:00,-5,649476600,22.0,4.03,44.0,38.7,39.0,25.5,25.1
2020-07-31 02:20:00,-5,649477200,22.0,4.03,44.0,38.7,39.1,25.5,25.1
2020-07-31 03:00:00,-5,649479600,22.0,4.03,43.8,38.5,39.1,25.4,25.1
2020-07-31 03:10:00,-5,649480200,22.0,4.03,43.7,38.5,39.2,25.5,25.2
2020-07-31 03:20:00,-5,649480800,22.0,4.03,43.7,38.5,39.2,25.3,25.2
2020-07-31 03:40:00,-5,649482000,22.0,4.03,43.6,38.4,39.2,25.2,25.1
2020-07-31 03:50:00,-5,649482600,22.0,4.03,43.6,38.4,39.2,25.2,25.1
2020-07-31 04:00:00,-5,649483200,22.0,4.03,43.5,38.3,39.1,25.3,25.1
2020-07-31 04:10:00,-5,649483800,22.0,4.03,43.5,38.4,39.2,25.3,24.8
2020-07-31 04:40:00,-5,649485600,22.0,4.03,43.4,38.3,39.2,25.2,25.1
2020-07-31 04:50:00,-5,649486200,22.0,4.03,43.3,38.2,39.0,25.2,25.1
2020-07-31 05:00:00,-5,649486800,22.3,4.03,43.3,38.2,39.1,25.2,25.1
2020-07-31 05:30:00,-5,649488600,22.3,4.03,43.3,38.1,39.1,25.1,25.1
2020-07-31 06:00:00,-5,649490400,22.5,4.03,43.2,38.1,39.1,25.1,25.1
2020-07-31 06:10:00,-5,649491000,22.5,4.03,43.1,38.0,39.1,25.2,25.1
2020-07-31 06:30:00,-5,649492200,23.0,4.03,43.1,38.0,39.1,25.1,25.1
2020-07-31 07:00:00,-5,649494000,23.8,4.03,43.0,37.9,39.1,25.1,25.0
2020-07-31 07:10:00,-5,649494600,24.0,4.03,43.0,37.9,39.1,25.0,25.1
2020-07-31 07:50:00,-5,649497000,25.0,4.03,42.9,37.9,39.1,25.0,24.8
2020-07-31 08:00:00,-5,649497600,25.0,4.03,42.9,37.8,39.1,25.0,24.7
2020-07-31 08:10:00,-5,649498200,25.3,4.03,42.9,37.8,39.1,25.0,25.0
2020-07-31 08:30:00,-5,649499400,27.0,4.03,42.9,37.8,39.1,25.0,25.0
2020-07-31 08:40:00,-5,649500000,27.5,4.03,42.8,37.8,39.2,25.0,24.7
2020-07-31 08:50:00,-5,649500600,29.5,4.03,42.8,37.8,39.1,25.1,24.7
2020-07-31 09:00:00,-5,649501200,29.8,4.03,42.8,37.7,39.1,25.0,25.0
2020-07-31 09:50:00,-5,649504200,28.8,4.03,42.8,37.7,39.1,25.0,25.0
2020-07-31 10:10:00,-5,649505400,28.8,4.03,42.7,37.7,39.1,25.0,25.2
2020-07-31 10:20:00,-5,649506000,29.5,4.03,42.7,37.7,39.2,25.0,25.1
2020-07-31 10:30:00,-5,649506600,29.8,4.03,42.7,37.6,39.1,25.1,25.1
2020-07-31 10:40:00,-5,649507200,30.8,4.03,42.7,37.6,39.1,25.0,25.0
2020-07-31 10:50:00,-5,649507800,29.8,4.03,42.7,37.6,39.1,25.0,25.1
2020-07-31 11:20:00,-5,649509600,31.5,4.03,42.7,37.6,39.0,25.1,25.1
2020-07-31 11:30:00,-5,649510200,34.0,4.03,42.7,37.5,39.0,25.0,25.0
2020-07-31 11:40:00,-5,649510800,36.8,4.03,42.6,37.5,39.0,25.0,24.7
2020-07-31 11:50:00,-5,649511400,37.8,4.03,42.6,37.5,39.0,24.7,25.0
2020-07-31 12:10:00,-5,649512600,43.0,4.05,42.5,37.5,39.0,25.0,25.0
2020-07-31 13:10:00,-5,649516200,28.8,4.03,42.5,37.5,39.0,25.0,24.8
2020-07-31 13:20:00,-5,649516800,28.5,4.03,42.4,37.5,39.1,25.0,24.6
2020-07-31 13:30:00,-5,649517400,28.5,4.03,42.5,37.5,39.0,25.0,24.7
2020-07-31 13:40:00,-5,649518000,27.8,4.03,42.4,37.5,39.1,25.0,24.6
2020-07-31 13:50:00,-5,649518600,28.0,4.03,42.4,37.5,39.0,25.0,24.8
2020-07-31 14:00:00,-5,649519200,28.8,4.03,42.4,37.5,39.0,25.0,25.1
2020-07-31 14:40:00,-5,649521600,30.0,4.03,42.4,37.5,39.0,25.0,25.2
2020-07-31 14:50:00,-5,649522200,30.5,4.03,42.4,37.5,39.0,25.0,24.7
2020-07-31 15:00:00,-5,649522800,30.8,4.03,42.4,37.5,39.0,25.0,24.7
2020-07-31 15:20:00,-5,649524000,31.5,4.03,42.3,37.5,39.0,25.0,25.1
2020-07-31 15:30:00,-5,649524600,31.8,4.03,42.3,37.5,39.0,25.0,24.8
2020-07-31 16:00:00,-5,649526400,31.5,4.03,42.3,37.5,39.0,25.0,25.0
2020-07-31 16:50:00,-5,649529400,30.0,4.03,42.2,37.4,39.0,25.1,24.6
2020-07-31 17:10:00,-5,649530600,30.0,4.03,42.2,37.4,39.0,25.0,24.7
2020-07-31 17:20:00,-5,649531200,29.5,4.03,42.2,37.4,39.0,25.0,24.8
2020-07-31 17:40:00,-5,649532400,28.5,4.03,42.2,37.5,39.1,25.0,25.1
2020-07-31 17:50:00,-5,649533000,28.3,4.03,42.2,37.4,39.0,25.1,25.1
2020-07-31 18:20:00,-5,649534800,27.3,4.03,42.1,37.4,39.0,25.0,24.7
2020-07-31 18:40:00,-5,649536000,26.0,4.03,42.1,37.4,39.0,25.1,24.7
2020-07-31 18:50:00,-5,649536600,25.8,4.03,42.1,37.4,39.0,25.1,24.7
2020-07-31 19:00:00,-5,649537200,25.0,4.03,42.1,37.4,39.0,25.1,24.7
2020-07-31 19:10:00,-5,649537800,24.5,4.03,42.1,37.4,39.0,25.1,24.7
2020-07-31 20:00:00,-5,649540800,22.3,4.03,42.1,37.5,39.1,25.1,24.6
2020-07-31 20:10:00,-5,649541400,22.0,4.03,42.1,37.4,39.0,25.1,24.7
2020-07-31 20:50:00,-5,649543800,21.0,4.03,42.0,37.4,39.0,25.1,25.2
2020-07-31 21:10:00,-5,649545000,21.0,4.02,42.0,37.4,39.0,25.1,24.6
2020-07-31 21:20:00,-5,649545600,20.8,4.03,42.0,37.4,39.0,25.1,24.8
2020-07-31 21:30:00,-5,649546200,20.8,4.02,41.9,37.4,39.0,25.1,25.1
2020-07-31 21:50:00,-5,649547400,21.0,4.02,41.9,37.4,39.0,25.1,24.6
2020-07-31 22:00:00,-5,649548000,20.8,4.02,41.9,37.4,39.0,25.1,24.7
2020-08-01 00:40:00,-5,649557600,20.0,4.02,41.7,37.4,39.0,25.1,24.7
2020-08-01 00:50:00,-5,649558200,20.0,4.02,41.6,37.3,39.0,24.8,24.7
2020-08-01 01:00:00,-5,649558800,20.3,4.02,41.6,37.3,39.0,24.7,24.7
2020-08-01 01:30:00,-5,649560600,19.5,4.02,41.6,37.4,39.2,24.7,24.8
2020-08-01 01:40:00,-5,649561200,19.5,4.02,41.6,37.4,39.2,24.8,25.1
2020-08-01 01:50:00,-5,649561800,19.5,4.02,41.6,37.3,39.0,24.8,24.7
2020-08-01 02:30:00,-5,649564200,19.3,4.02,41.6,37.3,39.1,24.7,24.6
2020-08-01 02:50:00,-5,649565400,19.3,4.02,41.6,37.3,39.0,24.7,24.8
2020-08-01 03:00:00,-5,649566000,19.5,4.02,41.6,37.3,39.0,24.7,24.6
2020-08-01 03:10:00,-5,649566600,19.3,4.02,41.5,37.2,39.0,24.7,24.8
2020-08-01 03:20:00,-5,649567200,19.3,4.02,41.5,37.2,39.0,24.7,24.6
2020-08-01 03:30:00,-5,649567800,19.3,4.02,41.5,37.2,39.0,24.7,24.7
2020-08-01 03:40:00,-5,649568400,18.8,4.02,41.5,37.2,39.0,24.7,24.7
2020-08-01 03:50:00,-5,649569000,18.8,4.02,41.5,37.2,39.0,24.7,24.7
2020-08-01 04:00:00,-5,649569600,18.5,4.02,41.5,37.2,39.0,24.6,24.7
2020-08-01 04:40:00,-5,649572000,18.3,4.02,41.4,37.2,39.0,24.6,24.8
2020-08-01 05:10:00,-5,649573800,18.0,4.02,41.4,37.2,39.0,24.6,24.6
2020-08-01 05:40:00,-5,649575600,19.0,4.02,41.3,37.1,39.0,24.6,24.6
2020-08-01 06:00:00,-5,649576800,20.8,4.02,41.3,37.2,39.1,24.5,24.5
2020-08-01 06:10:00,-5,649577400,21.5,4.02,41.3,37.1,39.0,24.5,24.8
2020-08-01 06:30:00,-5,649578600,26.0,4.02,41.3,37.1,39.0,24.4,24.7
2020-08-01 06:40:00,-5,649579200,29.0,4.03,41.3,37.1,39.0,24.4,24.7
2020-08-01 07:10:00,-5,649581000,38.3,4.03,41.2,37.1,39.0,24.5,24.8
2020-08-01 07:20:00,-5,649581600,40.8,4.03,41.2,37.0,39.0,24.4,24.8
2020-08-01 07:30:00,-5,649582200,43.5,4.03,41.2,37.1,39.1,24.3,24.5
2020-08-01 07:40:00,-5,649582800,45.5,4.03,41.2,37.0,39.0,24.3,24.7
2020-08-01 07:50:00,-5,649583400,47.5,4.03,41.2,37.0,39.0,24.3,24.6
2020-08-01 08:10:00,-5,649584600,49.8,4.03,41.2,37.0,39.0,24.4,24.5
2020-08-01 08:30:00,-5,649585800,52.0,4.03,41.2,36.9,38.9,24.3,24.5
2020-08-01 08:40:00,-5,649586400,53.0,4.03,41.1,36.9,38.9,24.2,24.5
2020-08-01 08:50:00,-5,649587000,55.0,4.03,41.1,36.9,38.9,24.3,24.7
2020-08-01 09:00:00,-5,649587600,55.8,4.03,41.1,36.9,39.1,24.3,24.6
2020-08-01 09:10:00,-5,649588200,55.0,4.03,41.1,36.9,38.9,24.3,24.7
2020-08-01 09:30:00,-5,649589400,55.0,4.03,41.0,36.8,38.9,24.3,24.4
2020-08-01 09:40:00,-5,649590000,56.3,4.03,41.0,36.8,38.9,24.3,24.5
2020-08-01 10:10:00,-5,649591800,60.8,4.03,40.9,36.7,38.8,24.4,24.5
2020-08-01 10:40:00,-5,649593600,60.3,4.03,40.8,36.7,38.8,24.5,24.4
2020-08-01 10:50:00,-5,649594200,58.8,4.03,40.7,36.6,38.8,24.5,24.6
2020-08-01 11:00:00,-5,649594800,54.8,4.03,40.7,36.6,38.8,24.4,24.6
2020-08-01 11:10:00,-5,649595400,51.3,4.03,40.7,36.6,38.8,24.5,24.5
2020-08-01 11:20:00,-5,649596000,50.0,4.03,40.6,36.6,38.9,24.4,24.4
2020-08-01 11:30:00,-5,649596600,48.0,4.03,40.6,36.6,38.7,24.5,24.7
2020-08-01 11:40:00,-5,649597200,51.3,4.03,40.6,36.6,38.7,24.5,24.3
2020-08-01 11:50:00,-5,649597800,51.5,4.03,40.6,36.6,38.7,24.6,24.4
2020-08-01 12:00:00,-5,649598400,50.3,4.03,40.5,36.6,38.7,24.6,24.2
2020-08-01 12:10:00,-5,649599000,52.0,4.03,40.5,36.6,38.8,24.7,24.5
2020-08-01 12:20:00,-5,649599600,53.8,4.03,40.4,36.6,38.8,24.6,24.3
2020-08-01 12:30:00,-5,649600200,51.5,4.03,40.4,36.5,38.7,24.6,24.6
2020-08-01 12:40:00,-5,649600800,50.0,4.03,40.4,36.5,38.7,24.7,24.3
2020-08-01 12:50:00,-5,649601400,50.5,4.03,40.4,36.5,38.7,24.7,24.4
2020-08-01 13:10:00,-5,649602600,44.3,4.03,40.4,36.5,38.6,24.7,24.3
2020-08-01 13:20:00,-5,649603200,46.0,4.03,40.4,36.5,38.6,24.7,24.5
2020-08-01 13:30:00,-5,649603800,41.8,4.03,40.3,36.6,38.8,24.7,24.5
2020-08-01 13:40:00,-5,649604400,40.5,4.03,40.3,36.5,38.6,24.8,24.7
2020-08-01 13:50:00,-5,649605000,42.3,4.03,40.3,36.5,38.6,24.7,24.4
2020-08-01 14:20:00,-5,649606800,42.0,4.03,40.3,36.6,38.6,24.8,24.5
2020-08-01 14:30:00,-5,649607400,39.3,4.03,40.3,36.6,38.6,24.8,24.3
2020-08-01 14:40:00,-5,649608000,38.0,4.03,40.3,36.6,38.6,24.8,24.5
2020-08-01 14:50:00,-5,649608600,38.3,4.03,40.3,36.6,38.6,25.0,24.3
2020-08-01 15:10:00,-5,649609800,38.5,4.03,40.3,36.6,38.6,25.1,24.6
2020-08-01 15:20:00,-5,649610400,35.3,4.03,40.3,36.6,38.6,25.0,24.5
2020-08-01 16:00:00,-5,649612800,34.3,4.03,40.3,36.6,38.6,25.0,24.5
2020-08-01 16:10:00,-5,649613400,33.8,4.03,40.3,36.6,38.6,25.0,24.4
2020-08-01 16:20:00,-5,649614000,32.5,4.03,40.3,36.6,38.6,25.0,24.7
2020-08-01 16:40:00,-5,649615200,32.3,4.03,40.3,36.7,38.6,25.0,24.5
2020-08-01 17:10:00,-5,649617000,31.3,4.03,40.3,36.7,38.6,25.1,24.6
2020-08-01 17:20:00,-5,649617600,31.3,4.03,40.3,36.7,38.6,25.1,24.6
2020-08-01 17:30:00,-5,649618200,31.3,4.03,40.3,36.7,38.6,25.3,24.4
2020-08-01 17:40:00,-5,649618800,31.0,4.03,40.3,36.7,38.6,25.1,24.4
2020-08-01 17:50:00,-5,649619400,30.5,4.03,40.3,36.8,38.7,25.1,24.7
2020-08-01 18:00:00,-5,649620000,29.8,4.03,40.3,36.8,38.6,25.3,24.7
2020-08-01 18:20:00,-5,649621200,28.8,4.03,40.3,36.8,38.6,25.2,24.5
2020-08-01 18:30:00,-5,649621800,28.3,4.03,40.3,36.8,38.6,25.2,24.5
2020-08-01 18:50:00,-5,649623000,28.0,4.03,40.3,36.8,38.6,25.2,24.6
2020-08-01 19:00:00,-5,649623600,27.5,4.03,40.3,36.8,38.6,25.2,24.7
2020-08-01 19:10:00,-5,649624200,27.0,4.02,40.3,36.9,38.7,25.2,24.6
2020-08-01 19:20:00,-5,649624800,26.8,4.03,40.3,36.8,38.6,25.3,24.7
2020-08-01 19:40:00,-5,649626000,26.3,4.03,40.2,36.9,38.7,25.2,24.5
2020-08-01 20:00:00,-5,649627200,26.0,4.02,40.2,36.9,38.7,25.2,24.5
2020-08-01 20:30:00,-5,649629000,25.5,4.02,40.2,36.9,38.7,25.3,24.7
2020-08-01 20:40:00,-5,649629600,25.3,4.02,40.2,36.9,38.6,25.3,24.7
2020-08-01 20:50:00,-5,649630200,25.3,4.02,40.2,36.9,38.6,25.3,24.8
2020-08-01 21:00:00,-5,649630800,25.0,4.02,40.2,36.9,38.6,25.2,24.7
2020-08-01 21:10:00,-5,649631400,25.0,4.02,40.2,36.9,38.6,25.3,24.6
2020-08-01 21:20:00,-5,649632000,25.0,4.02,40.1,36.9,38.6,25.3,24.8
2020-08-01 21:40:00,-5,649633200,24.8,4.02,40.1,36.9,38.6,25.2,24.6
2020-08-01 21:50:00,-5,649633800,24.3,4.02,40.1,36.9,38.6,25.2,24.6
2020-08-01 22:00:00,-5,649634400,24.0,4.02,40.1,36.9,38.6,25.2,24.7
2020-08-01 22:10:00,-5,649635000,23.8,4.02,40.1,36.9,38.6,25.2,25.1
2020-08-01 22:20:00,-5,649635600,23.5,4.02,40.1,36.9,38.6,25.2,24.7
2020-08-01 22:30:00,-5,649636200,23.8,4.02,40.1,36.9,38.6,25.3,24.7
2020-08-01 22:40:00,-5,649636800,24.0,4.02,40.0,36.9,38.6,25.2,24.6
2020-08-01 22:50:00,-5,649637400,24.0,4.02,40.0,36.9,38.7,25.2,24.8
2020-08-01 23:30:00,-5,649639800,23.8,4.02,40.0,36.9,38.7,25.2,24.8
2020-08-01 23:40:00,-5,649640400,23.8,4.02,40.0,36.9,38.7,25.2,24.6
2020-08-01 23:50:00,-5,649641000,23.8,4.02,40.0,36.9,38.7,25.2,24.7
2020-08-02 00:00:00,-5,649641600,23.5,4.02,40.0,36.9,38.7,25.1,24.7
2020-08-02 00:10:00,-5,649642200,23.5,4.02,40.0,36.9,38.6,25.2,24.8
2020-08-02 00:20:00,-5,649642800,23.3,4.02,40.0,36.9,38.7,25.1,24.7
2020-08-02 00:30:00,-5,649643400,23.5,4.02,39.9,36.9,38.7,25.2,24.6
2020-08-02 00:40:00,-5,649644000,23.3,4.02,39.9,36.9,38.7,25.2,24.6
2020-08-02 00:50:00,-5,649644600,23.3,4.02,39.9,36.9,38.7,25.1,24.8
2020-08-02 01:00:00,-5,649645200,23.5,4.02,39.9,36.9,38.7,25.1,25.0
2020-08-02 01:10:00,-5,649645800,23.8,4.02,39.9,36.9,38.7,25.1,24.8
2020-08-02 01:20:00,-5,649646400,24.0,4.02,39.9,36.9,38.7,25.0,25.0
2020-08-02 01:40:00,-5,649647600,24.0,4.02,39.9,36.9,38.7,25.1,24.7
2020-08-02 01:50:00,-5,649648200,24.0,4.02,39.9,36.9,38.7,25.1,25.0
2020-08-02 02:00:00,-5,649648800,24.0,4.02,39.9,36.9,38.7,25.1,24.6
2020-08-02 02:10:00,-5,649649400,24.3,4.02,39.9,36.9,38.7,25.1,24.8
2020-08-02 03:00:00,-5,649652400,25.0,4.02,39.8,36.8,38.7,25.0,25.0
2020-08-02 03:20:00,-5,649653600,25.0,4.02,39.8,36.8,38.7,25.0,24.7
2020-08-02 03:50:00,-5,649655400,24.8,4.02,39.9,36.8,38.7,25.0,24.7
2020-08-02 04:10:00,-5,649656600,24.8,4.02,39.9,36.8,38.7,25.0,24.8
2020-08-02 04:20:00,-5,649657200,24.8,4.02,39.9,36.8,38.7,25.0,25.1
2020-08-02 04:30:00,-5,649657800,24.8,4.02,40.0,36.8,38.7,25.0,24.8
2020-08-02 04:40:00,-5,649658400,24.8,4.02,39.9,36.8,38.7,25.0,24.7
2020-08-02 04:50:00,-5,649659000,24.8,4.02,39.9,36.9,38.8,25.1,24.8
2020-08-02 05:00:00,-5,649659600,24.8,4.02,40.0,36.8,38.7,25.1,24.6
2020-08-02 05:10:00,-5,649660200,24.8,4.02,39.9,36.9,38.9,25.1,24.8
2020-08-02 05:20:00,-5,649660800,25.0,4.02,40.0,36.8,38.7,25.0,24.6
2020-08-02 05:30:00,-5,649661400,25.0,4.02,40.0,36.8,38.7,25.0,25.1
2020-08-02 05:40:00,-5,649662000,25.0,4.02,40.0,36.8,38.7,24.7,24.8
2020-08-02 05:50:00,-5,649662600,25.3,4.02,40.0,36.8,38.7,25.1,24.7
2020-08-02 06:00:00,-5,649663200,25.3,4.02,39.9,36.9,38.8,24.8,24.8
2020-08-02 06:30:00,-5,649665000,25.8,4.02,39.9,36.9,38.9,24.7,25.1
2020-08-02 06:50:00,-5,649666200,26.0,4.02,39.9,36.8,38.8,25.1,24.7
2020-08-02 07:00:00,-5,649666800,26.5,4.02,40.0,36.8,38.7,25.1,24.8
2020-08-02 07:10:00,-5,649667400,26.8,4.02,39.9,36.8,38.8,24.8,24.8
2020-08-02 07:20:00,-5,649668000,26.8,4.02,39.9,36.8,38.7,24.7,24.7
2020-08-02 07:30:00,-5,649668600,27.0,4.02,39.9,36.8,38.7,25.0,24.5
2020-08-02 07:40:00,-5,649669200,27.0,4.02,39.9,36.8,38.7,24.8,24.8
2020-08-02 07:50:00,-5,649669800,27.0,4.02,39.9,36.8,38.7,24.8,24.7
2020-08-02 08:00:00,-5,649670400,27.3,4.02,39.9,36.8,38.7,24.8,24.8
2020-08-02 08:10:00,-5,649671000,27.0,4.02,40.0,36.8,38.7,24.8,24.6
2020-08-02 08:30:00,-5,649672200,29.3,4.02,40.0,36.8,38.7,25.1,24.7
2020-08-02 08:40:00,-5,649672800,30.5,4.02,40.0,36.8,38.7,24.8,24.7
2020-08-02 08:50:00,-5,649673400,30.8,4.02,40.0,36.8,38.7,25.0,25.1
2020-08-02 09:00:00,-5,649674000,31.5,4.02,40.0,36.8,38.7,24.7,24.7
2020-08-02 09:10:00,-5,649674600,31.5,4.02,40.0,36.8,38.7,24.8,24.7
2020-08-02 09:20:00,-5,649675200,31.8,4.02,40.0,36.8,38.7,24.8,24.6
2020-08-02 09:30:00,-5,649675800,32.3,4.02,40.0,36.7,38.7,25.1,24.7
2020-08-02 09:50:00,-5,649677000,34.8,4.02,39.9,36.8,38.8,24.8,24.6
2020-08-02 10:00:00,-5,649677600,37.3,4.03,40.0,36.7,38.7,24.8,24.8
2020-08-02 10:10:00,-5,649678200,38.3,4.03,40.0,36.7,38.7,25.1,24.5
2020-08-02 10:20:00,-5,649678800,39.5,4.03,40.0,36.7,38.7,25.1,24.8
2020-08-02 10:50:00,-5,649680600,42.0,4.03,40.0,36.7,38.7,24.8,24.7
2020-08-02 11:00:00,-5,649681200,42.0,4.03,40.0,36.8,38.8,25.1,24.6
2020-08-02 11:10:00,-5,649681800,40.8,4.03,40.0,36.7,38.7,24.8,24.8
2020-08-02 11:20:00,-5,649682400,40.3,4.03,40.0,36.7,38.7,25.1,24.5
2020-08-02 11:30:00,-5,649683000,43.3,4.03,39.9,36.8,38.8,25.0,24.7
2020-08-02 11:40:00,-5,649683600,44.8,4.03,40.0,36.7,38.6,25.1,24.7
2020-08-02 13:00:00,-5,649688400,46.0,4.03,39.9,36.7,38.6,25.0,24.6
2020-08-02 13:20:00,-5,649689600,43.8,4.03,39.9,36.7,38.6,25.0,24.8
2020-08-02 13:30:00,-5,649690200,44.0,4.03,39.9,36.7,38.6,25.0,24.6
2020-08-02 13:40:00,-5,649690800,45.0,4.03,39.9,36.7,38.6,25.1,24.5
2020-08-02 14:00:00,-5,649692000,43.0,4.03,39.9,36.7,38.5,25.2,24.7
2020-08-02 14:10:00,-5,649692600,40.8,4.03,39.9,36.7,38.6,25.2,24.7
2020-08-02 14:20:00,-5,649693200,40.0,4.03,39.9,36.7,38.6,25.1,24.7
2020-08-02 14:40:00,-5,649694400,39.3,4.03,40.0,36.7,38.5,25.1,24.5
2020-08-02 14:50:00,-5,649695000,38.3,4.03,40.0,36.7,38.5,25.2,24.8
2020-08-02 15:00:00,-5,649695600,37.8,4.03,40.0,36.7,38.5,25.2,24.8
2020-08-02 15:20:00,-5,649696800,36.8,4.03,39.9,36.8,38.6,25.4,24.7
2020-08-02 15:40:00,-5,649698000,35.3,4.03,40.0,36.7,38.5,25.3,24.7
2020-08-02 16:00:00,-5,649699200,34.0,4.03,40.0,36.7,38.5,25.4,24.6
2020-08-02 16:10:00,-5,649699800,34.3,4.03,40.0,36.7,38.5,25.4,24.8
2020-08-02 16:20:00,-5,649700400,34.0,4.03,39.9,36.7,38.5,25.4,24.7
2020-08-02 16:30:00,-5,649701000,33.8,4.03,40.0,36.8,38.5,25.5,24.6
2020-08-02 16:40:00,-5,649701600,33.3,4.03,40.0,36.8,38.5,25.6,24.8
2020-08-02 16:50:00,-5,649702200,32.8,4.03,39.9,36.8,38.6,25.5,24.7
2020-08-02 17:00:00,-5,649702800,32.5,4.03,40.0,36.8,38.5,25.5,24.8
2020-08-02 17:10:00,-5,649703400,32.3,4.03,40.0,36.8,38.5,25.4,24.8
2020-08-02 17:20:00,-5,649704000,31.5,4.02,40.0,36.8,38.5,25.5,24.8
2020-08-02 17:40:00,-5,649705200,31.3,4.03,40.0,36.8,38.5,25.6,24.7
2020-08-02 17:50:00,-5,649705800,31.3,4.02,39.9,36.9,38.5,25.5,24.8
2020-08-02 18:00:00,-5,649706400,31.3,4.02,40.0,36.9,38.5,25.5,24.7
2020-08-02 18:10:00,-5,649707000,31.3,4.02,40.0,36.9,38.5,25.6,24.8
2020-08-02 18:40:00,-5,649708800,30.0,4.02,40.0,36.9,38.5,25.6,25.0
2020-08-02 18:50:00,-5,649709400,29.8,4.02,39.9,36.9,38.5,25.7,24.8
2020-08-02 19:30:00,-5,649711800,28.5,4.02,39.9,37.0,38.5,25.7,24.8
2020-08-02 19:40:00,-5,649712400,28.3,4.02,39.9,37.0,38.5,25.6,24.7
2020-08-02 20:10:00,-5,649714200,28.3,4.02,39.9,37.0,38.6,25.6,25.0
2020-08-02 20:20:00,-5,649714800,28.3,4.02,39.9,37.0,38.5,25.8,25.0
2020-08-02 21:10:00,-5,649717800,27.5,4.02,39.8,37.0,38.6,25.6,25.1
2020-08-02 21:50:00,-5,649720200,25.8,4.02,39.8,37.1,38.7,25.7,25.0
2020-08-02 22:00:00,-5,649720800,25.8,4.02,39.8,37.0,38.6,25.6,25.1
2020-08-02 22:40:00,-5,649723200,25.3,4.02,39.7,37.0,38.6,25.7,25.1
2020-08-02 23:20:00,-5,649725600,24.8,4.02,39.7,37.1,38.6,25.6,24.8
2020-08-03 00:10:00,-5,649728600,24.3,4.02,39.6,37.0,38.6,25.7,24.7
2020-08-03 00:20:00,-5,649729200,24.0,4.02,39.6,37.0,38.6,25.6,25.1
2020-08-03 00:40:00,-5,649730400,23.8,4.02,39.6,37.1,38.6,25.6,25.1
2020-08-03 01:30:00,-5,649733400,22.5,4.02,39.5,37.1,38.8,25.6,24.7
2020-08-03 01:50:00,-5,649734600,22.3,4.02,39.5,37.0,38.6,25.5,25.1
2020-08-03 02:10:00,-5,649735800,22.5,4.02,39.5,37.0,38.6,25.5,24.8
2020-08-03 02:20:00,-5,649736400,22.8,4.02,39.5,37.1,38.8,25.5,25.0
2020-08-03 02:40:00,-5,649737600,23.0,4.02,39.4,37.0,38.7,25.6,25.1
2020-08-03 03:00:00,-5,649738800,22.3,4.02,39.4,37.0,38.7,25.6,25.1
2020-08-03 03:20:00,-5,649740000,22.5,4.02,39.4,37.0,38.6,25.5,25.1
2020-08-03 03:30:00,-5,649740600,22.5,4.02,39.4,37.0,38.6,25.5,25.0
2020-08-03 04:10:00,-5,649743000,22.8,4.02,39.3,37.0,38.7,25.5,25.2
2020-08-03 04:30:00,-5,649744200,22.8,4.02,39.3,37.0,38.8,25.3,25.1
2020-08-03 04:40:00,-5,649744800,22.5,4.02,39.3,37.0,38.8,25.3,25.2
2020-08-03 04:50:00,-5,649745400,22.3,4.02,39.3,37.0,38.6,25.4,25.1
2020-08-03 05:00:00,-5,649746000,22.3,4.02,39.2,37.0,38.8,25.3,25.1
2020-08-03 05:10:00,-5,649746600,22.0,4.02,39.3,37.0,38.7,25.4,25.2
2020-08-03 05:50:00,-5,649749000,23.3,4.02,39.2,36.9,38.7,25.2,24.7
2020-08-03 06:00:00,-5,649749600,24.3,4.02,39.2,37.0,38.8,25.2,24.8
2020-08-03 06:20:00,-5,649750800,25.3,4.02,39.2,36.9,38.6,25.2,25.1
2020-08-03 06:30:00,-5,649751400,25.5,4.02,39.2,36.9,38.7,25.3,25.2
2020-08-03 06:40:00,-5,649752000,25.8,4.02,39.1,36.9,38.7,25.2,24.7
2020-08-03 06:50:00,-5,649752600,26.8,4.02,39.2,36.9,38.7,25.3,25.1
2020-08-03 07:00:00,-5,649753200,28.3,4.02,39.1,36.9,38.7,25.2,25.1
2020-08-03 07:10:00,-5,649753800,28.0,4.02,39.1,36.9,38.6,25.1,24.7
2020-08-03 07:20:00,-5,649754400,32.0,4.02,39.1,36.9,38.6,25.2,25.1
2020-08-03 07:50:00,-5,649756200,41.3,4.03,39.1,36.8,38.6,25.1,25.0
2020-08-03 08:00:00,-5,649756800,45.0,4.03,39.1,36.8,38.6,25.0,24.7
2020-08-03 08:10:00,-5,649757400,48.8,4.03,39.1,36.8,38.6,25.1,24.7
2020-08-03 08:20:00,-5,649758000,50.0,4.03,39.1,36.8,38.6,25.1,25.1
2020-08-03 08:30:00,-5,649758600,51.8,4.03,39.1,36.8,38.6,25.1,24.7
2020-08-03 08:50:00,-5,649759800,53.5,4.03,39.1,36.8,38.7,25.0,25.0
2020-08-03 09:10:00,-5,649761000,55.3,4.03,39.1,36.8,38.7,25.0,25.1
2020-08-03 09:20:00,-5,649761600,56.3,4.03,39.1,36.7,38.6,25.0,25.0
2020-08-03 09:30:00,-5,649762200,56.5,4.03,39.1,36.7,38.5,25.0,25.0
2020-08-03 09:50:00,-5,649763400,57.8,4.03,39.1,36.7,38.7,25.0,25.1
2020-08-03 10:10:00,-5,649764600,56.3,4.03,39.1,36.7,38.5,25.0,25.0
2020-08-03 10:30:00,-5,649765800,58.3,4.03,39.1,36.7,38.5,25.1,24.7
2020-08-03 10:40:00,-5,649766400,58.5,4.03,39.1,36.7,38.5,25.0,24.8
2020-08-03 11:40:00,-5,649770000,57.3,4.03,39.1,36.6,38.4,25.1,24.7
2020-08-03 12:00:00,-5,649771200,55.0,4.03,39.2,36.6,38.4,25.1,25.0
2020-08-03 12:10:00,-5,649771800,52.3,4.03,39.1,36.6,38.4,25.2,25.2
2020-08-03 12:20:00,-5,649772400,53.3,4.03,39.1,36.6,38.4,25.2,25.0
2020-08-03 12:40:00,-5,649773600,53.5,4.03,39.1,36.6,38.4,25.2,25.1
2020-08-03 13:10:00,-5,649775400,47.8,4.03,39.1,36.6,38.4,25.3,25.1
2020-08-03 13:30:00,-5,649776600,48.3,4.03,39.1,36.6,38.3,25.3,25.1
2020-08-03 14:10:00,-5,649779000,42.3,4.03,39.1,36.6,38.3,25.3,25.1
2020-08-03 14:30:00,-5,649780200,43.5,4.03,39.1,36.6,38.3,25.5,25.1
2020-08-03 14:40:00,-5,649780800,42.0,4.03,39.1,36.6,38.3,25.5,24.5
2020-08-03 15:00:00,-5,649782000,40.8,4.03,39.1,36.6,38.3,25.5,24.6
2020-08-03 15:10:00,-5,649782600,41.0,4.03,39.1,36.6,38.3,25.5,25.0
2020-08-03 15:20:00,-5,649783200,39.3,4.03,39.1,36.6,38.3,25.5,24.7
2020-08-03 15:30:00,-5,649783800,38.8,4.03,39.1,36.6,38.3,25.5,25.1
2020-08-03 16:10:00,-5,649786200,32.8,4.02,39.1,36.7,38.3,25.6,25.0
2020-08-03 17:10:00,-5,649789800,29.8,4.02,39.1,36.8,38.5,25.7,25.1
2020-08-03 18:00:00,-5,649792800,26.8,4.02,39.1,36.8,38.3,25.7,24.7
2020-08-03 18:30:00,-5,649794600,26.3,4.02,39.1,36.8,38.3,25.8,24.8
2020-08-03 18:50:00,-5,649795800,25.8,4.02,39.0,36.8,38.3,25.8,25.1
2020-08-03 19:00:00,-5,649796400,25.5,4.02,39.0,36.8,38.3,25.7,25.2
2020-08-03 19:30:00,-5,649798200,24.3,4.02,39.0,36.8,38.3,25.7,24.7
2020-08-03 19:40:00,-5,649798800,23.8,4.02,39.0,36.9,38.3,25.7,25.1
2020-08-03 19:50:00,-5,649799400,23.5,4.02,39.0,36.9,38.3,25.7,24.7
2020-08-03 20:20:00,-5,649801200,23.0,4.02,38.9,36.9,38.5,25.7,25.1
2020-08-03 20:50:00,-5,649803000,22.8,4.02,38.9,36.9,38.4,25.8,25.1
2020-08-03 21:00:00,-5,649803600,22.8,4.02,38.9,36.9,38.4,25.7,25.0
2020-08-03 21:20:00,-5,649804800,22.5,4.02,38.9,36.9,38.5,25.6,25.1
2020-08-03 21:30:00,-5,649805400,22.5,4.02,38.9,36.9,38.3,25.8,25.1
2020-08-03 21:40:00,-5,649806000,22.3,4.02,38.8,36.9,38.4,25.7,25.3
2020-08-03 22:20:00,-5,649808400,22.3,4.02,38.8,36.9,38.4,25.7,25.0
2020-08-03 22:40:00,-5,649809600,22.3,4.02,38.8,36.9,38.4,25.7,24.8
2020-08-03 22:50:00,-5,649810200,22.5,4.02,38.7,36.9,38.4,25.6,25.1
2020-08-03 23:00:00,-5,649810800,22.8,4.02,38.7,36.9,38.4,25.5,25.2
2020-08-03 23:10:00,-5,649811400,22.8,4.02,38.7,36.9,38.4,25.6,25.2
2020-08-03 23:30:00,-5,649812600,23.0,4.02,38.7,36.8,38.4,25.5,25.1
2020-08-03 23:50:00,-5,649813800,22.5,4.02,38.7,36.8,38.4,25.6,25.1
2020-08-04 00:30:00,-5,649816200,22.3,4.02,38.6,36.8,38.4,25.5,25.3
2020-08-04 00:40:00,-5,649816800,22.3,4.02,38.6,36.8,38.4,25.5,25.2
2020-08-04 01:00:00,-5,649818000,22.3,4.02,38.6,36.8,38.4,25.5,25.2
2020-08-04 01:20:00,-5,649819200,22.3,4.02,38.5,36.8,38.5,25.5,25.0
2020-08-04 01:30:00,-5,649819800,22.3,4.02,38.6,36.8,38.4,25.4,25.2
2020-08-04 01:40:00,-5,649820400,22.3,4.02,38.6,36.8,38.4,25.5,25.2
2020-08-04 02:10:00,-5,649822200,22.3,4.02,40.7,36.9,38.5,25.3,25.2
2020-08-04 03:10:00,-5,649825800,22.0,4.02,53.0,43.3,38.7,25.2,25.2
2020-08-04 03:20:00,-5,649826400,22.0,4.02,51.5,42.7,38.7,25.3,25.1
2020-08-04 03:40:00,-5,649827600,22.3,4.02,50.4,42.0,38.8,25.1,25.2
2020-08-04 03:50:00,-5,649828200,22.3,4.02,51.2,41.8,38.8,25.2,25.2
2020-08-04 04:20:00,-5,649830000,22.5,4.00,58.6,42.5,39.0,25.2,25.1
2020-08-04 04:40:00,-5,649831200,22.5,4.00,60.2,45.6,38.9,25.1,25.1
2020-08-04 04:50:00,-5,649831800,22.5,4.00,58.2,46.4,39.0,25.1,25.1
2020-08-04 05:00:00,-5,649832400,22.5,4.00,58.4,47.0,38.9,25.1,25.1
2020-08-04 05:10:00,-5,649833000,22.3,4.00,58.3,47.5,38.9,25.0,25.1
2020-08-04 06:00:00,-5,649836000,22.5,4.00,60.9,49.2,39.0,25.1,25.1
2020-08-04 06:20:00,-5,649837200,22.3,4.00,59.2,50.4,39.0,25.0,25.1
2020-08-04 06:40:00,-5,649838400,22.3,4.00,61.5,51.6,39.2,25.0,24.8
2020-08-04 07:00:00,-5,649839600,22.0,4.00,61.2,52.4,39.4,25.0,25.1
2020-08-04 07:30:00,-5,649841400,22.0,4.00,61.7,53.9,40.8,24.8,25.0
2020-08-04 07:50:00,-5,649842600,22.0,4.00,61.8,54.2,41.9,24.8,25.0
2020-08-04 08:00:00,-5,649843200,21.8,4.00,61.8,54.5,42.9,24.7,25.0
2020-08-04 08:10:00,-5,649843800,21.8,4.00,61.9,54.7,45.3,24.7,24.7
2020-08-04 08:40:00,-5,649845600,21.8,4.00,62.2,55.0,49.0,24.7,25.2
2020-08-04 08:50:00,-5,649846200,21.8,4.00,62.3,55.1,50.0,24.6,25.1
2020-08-04 09:00:00,-5,649846800,21.5,4.00,62.3,55.2,50.9,24.6,24.7
2020-08-04 09:10:00,-5,649847400,21.8,4.00,62.3,55.2,51.8,24.5,25.1
2020-08-04 09:20:00,-5,649848000,22.3,4.00,62.3,55.3,53.2,24.5,25.1
2020-08-04 09:30:00,-5,649848600,22.8,4.00,62.4,55.5,54.6,24.5,25.1
2020-08-04 09:40:00,-5,649849200,22.8,4.00,62.4,55.5,55.8,24.4,25.1
2020-08-04 09:50:00,-5,649849800,23.0,4.00,62.4,55.5,56.6,24.4,24.7
2020-08-04 10:00:00,-5,649850400,22.8,4.00,62.4,55.6,57.2,24.2,24.7
2020-08-04 10:10:00,-5,649851000,22.8,4.00,62.4,55.6,57.5,24.3,25.1
2020-08-04 10:20:00,-5,649851600,22.8,4.00,62.5,55.6,57.6,24.3,25.1
2020-08-04 10:30:00,-5,649852200,22.8,4.00,62.5,55.6,57.7,24.3,25.1
2020-08-04 10:50:00,-5,649853400,22.3,4.00,62.5,55.5,57.7,24.2,25.0
2020-08-04 11:00:00,-5,649854000,22.5,4.00,61.2,55.3,57.7,24.2,24.8
2020-08-04 11:10:00,-5,649854600,22.5,4.00,61.0,55.2,57.6,24.2,24.7
2020-08-04 11:20:00,-5,649855200,22.0,4.00,61.4,55.2,57.6,24.1,24.6
2020-08-04 11:30:00,-5,649855800,21.5,4.00,62.5,55.4,57.7,24.1,24.6
2020-08-04 11:40:00,-5,649856400,22.3,4.00,60.6,55.2,57.7,24.0,24.6
2020-08-04 11:50:00,-5,649857000,22.8,4.00,60.3,55.0,57.6,24.1,24.8
2020-08-04 12:30:00,-5,649859400,27.5,4.02,59.0,54.2,57.0,24.0,24.7
2020-08-04 12:40:00,-5,649860000,26.3,4.00,58.8,54.1,56.8,24.0,24.6
2020-08-04 13:00:00,-5,649861200,30.0,4.02,57.7,53.8,56.4,24.0,24.6
2020-08-04 13:10:00,-5,649861800,29.8,4.02,57.5,53.7,56.3,23.7,24.5
2020-08-04 13:30:00,-5,649863000,32.5,4.02,57.3,53.3,55.8,24.1,24.5
2020-08-04 13:40:00,-5,649863600,33.0,4.02,57.2,53.3,55.7,23.7,24.6
2020-08-04 13:50:00,-5,649864200,33.5,4.02,57.1,53.1,55.5,24.1,24.6
2020-08-04 14:00:00,-5,649864800,35.3,4.02,57.0,53.0,55.3,23.8,24.5
2020-08-04 14:10:00,-5,649865400,32.0,4.02,56.8,52.9,55.2,24.0,24.6
2020-08-04 14:30:00,-5,649866600,30.0,4.02,56.6,52.7,55.0,23.8,24.7
2020-08-04 15:00:00,-5,649868400,34.3,4.02,56.2,52.4,54.9,23.8,24.6
2020-08-04 15:10:00,-5,649869000,33.3,4.02,56.2,52.3,54.7,23.8,24.6
2020-08-04 15:30:00,-5,649870200,31.3,4.02,56.0,52.2,54.5,24.1,24.4
2020-08-04 15:40:00,-5,649870800,30.8,4.02,55.9,52.1,54.5,24.1,24.6
2020-08-04 16:00:00,-5,649872000,30.0,4.02,55.9,51.9,54.3,24.0,24.3
2020-08-04 16:10:00,-5,649872600,29.3,4.02,55.8,51.9,54.3,24.0,24.3
2020-08-04 16:30:00,-5,649873800,29.3,4.02,55.7,51.9,54.3,23.7,24.3
2020-08-04 17:20:00,-5,649876800,28.5,4.02,55.5,51.6,54.1,24.0,24.3
2020-08-04 17:30:00,-5,649877400,28.5,4.02,55.4,51.5,54.1,23.8,24.2
2020-08-04 18:00:00,-5,649879200,27.5,4.02,55.2,51.4,53.9,24.0,24.2
2020-08-04 18:30:00,-5,649881000,26.5,4.00,55.1,51.4,54.0,24.1,24.5
2020-08-04 19:00:00,-5,649882800,25.5,4.00,54.8,51.3,53.8,24.1,24.4
2020-08-04 19:30:00,-5,649884600,24.5,4.00,54.8,51.2,53.7,24.1,24.2
2020-08-04 19:40:00,-5,649885200,24.5,4.00,54.7,51.2,53.7,24.1,24.3
2020-08-04 19:50:00,-5,649885800,24.0,4.00,54.7,51.2,53.8,24.1,24.2
2020-08-04 21:40:00,-5,649892400,22.0,4.00,54.5,51.1,53.6,24.1,24.2
2020-08-04 21:50:00,-5,649893000,21.8,4.00,54.5,51.0,53.5,24.2,24.2
2020-08-04 22:10:00,-5,649894200,21.8,4.00,54.4,51.0,53.5,24.2,24.2
2020-08-04 22:30:00,-5,649895400,22.5,4.00,54.4,51.0,53.6,24.1,24.4
2020-08-04 22:40:00,-5,649896000,22.5,4.00,54.3,50.9,53.4,24.2,24.2
2020-08-04 22:50:00,-5,649896600,22.8,4.00,54.3,50.9,53.4,24.2,24.3
2020-08-04 23:00:00,-5,649897200,23.0,4.00,54.3,50.9,53.4,24.2,24.3
2020-08-04 23:10:00,-5,649897800,23.0,4.00,54.3,50.9,53.4,24.2,24.3
2020-08-04 23:20:00,-5,649898400,23.0,4.00,54.2,50.9,53.4,24.1,24.3
2020-08-04 23:30:00,-5,649899000,22.8,4.00,54.2,50.9,53.4,24.1,24.3
2020-08-04 23:40:00,-5,649899600,22.8,4.00,54.2,50.8,53.4,24.2,24.2
2020-08-04 23:50:00,-5,649900200,22.5,4.00,54.1,50.8,53.4,24.1,24.1
2020-08-05 00:00:00,-5,649900800,22.3,4.00,54.1,50.8,53.3,24.2,24.4
2020-08-05 00:10:00,-5,649901400,22.5,4.00,54.1,50.8,53.3,24.1,24.2
2020-08-05 00:30:00,-5,649902600,22.3,4.00,54.1,50.8,53.3,24.2,24.3
2020-08-05 00:40:00,-5,649903200,22.0,4.00,54.1,50.8,53.3,24.2,24.5
2020-08-05 00:50:00,-5,649903800,21.5,4.00,54.1,50.8,53.3,24.2,24.2
2020-08-05 01:00:00,-5,649904400,21.0,4.00,54.1,50.8,53.3,24.2,24.4
2020-08-05 01:10:00,-5,649905000,20.8,4.00,54.1,50.8,53.3,24.1,24.3
2020-08-05 01:20:00,-5,649905600,20.5,4.00,54.1,50.7,53.3,24.2,24.2
2020-08-05 01:30:00,-5,649906200,20.5,4.00,54.1,50.7,53.3,24.1,24.1
2020-08-05 01:40:00,-5,649906800,20.3,4.00,54.1,50.7,53.3,24.1,24.3
2020-08-05 01:50:00,-5,649907400,20.0,4.00,54.0,50.7,53.3,24.1,24.2
2020-08-05 02:00:00,-5,649908000,20.3,4.00,54.0,50.7,53.2,24.2,24.1
2020-08-05 02:10:00,-5,649908600,20.0,4.00,54.0,50.7,53.2,24.2,24.1
2020-08-05 02:20:00,-5,649909200,20.0,4.00,54.0,50.7,53.2,24.2,24.3
2020-08-05 02:30:00,-5,649909800,19.8,4.00,54.0,50.7,53.2,24.1,24.3
2020-08-05 02:40:00,-5,649910400,19.5,4.00,54.0,50.7,53.2,24.1,24.3
2020-08-05 02:50:00,-5,649911000,19.3,4.00,53.9,50.6,53.2,24.2,24.2
2020-08-05 03:00:00,-5,649911600,19.0,4.00,53.9,50.6,53.2,24.1,24.1
2020-08-05 03:10:00,-5,649912200,19.0,4.00,53.9,50.6,53.2,24.1,24.1
2020-08-05 03:20:00,-5,649912800,19.0,4.00,53.9,50.6,53.2,24.1,24.1
2020-08-05 03:30:00,-5,649913400,19.0,4.00,53.9,50.6,53.2,24.2,24.3
2020-08-05 03:40:00,-5,649914000,19.0,4.00,53.8,50.6,53.2,24.1,24.1
2020-08-05 04:00:00,-5,649915200,19.0,4.00,53.7,50.6,53.3,24.1,24.2
2020-08-05 04:10:00,-5,649915800,18.8,4.00,53.7,50.6,53.1,24.1,24.1
2020-08-05 04:20:00,-5,649916400,18.8,4.00,53.7,50.5,53.1,24.2,24.1
2020-08-05 04:30:00,-5,649917000,18.8,4.00,53.7,50.5,53.1,24.2,24.2
2020-08-05 04:40:00,-5,649917600,18.8,4.00,53.7,50.5,53.1,24.1,24.1
2020-08-05 04:50:00,-5,649918200,18.5,4.00,53.6,50.5,53.1,24.1,24.1
2020-08-05 05:00:00,-5,649918800,18.5,4.00,53.6,50.5,53.1,24.1,24.1
2020-08-05 05:10:00,-5,649919400,18.0,4.00,53.6,50.5,53.1,24.1,24.1
2020-08-05 06:00:00,-5,649922400,21.8,4.00,53.5,50.4,53.1,24.1,24.4
2020-08-05 06:10:00,-5,649923000,24.8,4.00,53.5,50.4,53.1,24.0,24.2
2020-08-05 06:20:00,-5,649923600,27.5,4.00,53.5,50.4,53.0,24.1,24.1
2020-08-05 06:30:00,-5,649924200,29.8,4.00,53.4,50.4,53.0,24.0,24.0
2020-08-05 06:50:00,-5,649925400,34.5,4.00,53.4,50.4,53.0,24.0,24.1
2020-08-05 07:10:00,-5,649926600,38.3,4.00,53.4,50.3,53.0,24.1,24.1
2020-08-05 07:20:00,-5,649927200,39.8,4.02,53.4,50.3,53.0,24.0,24.0
2020-08-05 07:30:00,-5,649927800,41.3,4.02,53.3,50.3,53.0,24.0,24.0
2020-08-05 07:40:00,-5,649928400,43.5,4.02,53.3,50.2,53.0,23.8,24.2
2020-08-05 07:50:00,-5,649929000,45.0,4.02,53.3,50.2,52.9,23.8,24.2
2020-08-05 08:00:00,-5,649929600,46.3,4.02,53.2,50.2,53.0,24.1,24.3
2020-08-05 08:10:00,-5,649930200,47.3,4.02,53.2,50.1,52.9,24.0,24.0
2020-08-05 08:20:00,-5,649930800,48.0,4.02,53.2,50.0,52.9,23.7,24.1
2020-08-05 08:30:00,-5,649931400,49.0,4.02,53.2,50.0,53.0,23.8,24.3
2020-08-05 08:40:00,-5,649932000,50.5,4.02,53.1,50.0,52.8,24.1,24.2
2020-08-05 09:00:00,-5,649933200,53.8,4.02,53.1,50.0,52.9,23.8,24.1
2020-08-05 09:10:00,-5,649933800,54.0,4.02,53.1,49.9,52.7,23.8,24.0
2020-08-05 09:20:00,-5,649934400,55.3,4.02,53.0,49.9,52.8,23.8,24.2
2020-08-05 09:30:00,-5,649935000,56.0,4.02,53.0,49.8,52.7,23.8,24.3
2020-08-05 09:40:00,-5,649935600,57.3,4.03,53.0,49.8,52.8,23.8,24.2
2020-08-05 09:50:00,-5,649936200,58.3,4.03,53.0,49.8,52.8,23.8,24.2
2020-08-05 10:10:00,-5,649937400,59.5,4.03,52.9,49.6,52.6,23.7,24.1
2020-08-05 10:20:00,-5,649938000,59.5,4.03,52.9,49.6,52.6,24.0,24.2
2020-08-05 10:30:00,-5,649938600,59.5,4.03,52.9,49.6,52.5,24.0,24.0
2020-08-05 11:10:00,-5,649941000,53.0,4.03,52.8,49.4,52.4,24.0,24.2
2020-08-05 11:50:00,-5,649943400,56.0,4.03,52.6,49.2,52.4,24.1,24.0
2020-08-05 12:00:00,-5,649944000,56.3,4.03,52.6,49.2,52.4,24.1,24.0
2020-08-05 12:20:00,-5,649945200,54.3,4.03,52.5,49.1,52.2,24.2,24.0
2020-08-05 12:50:00,-5,649947000,53.5,4.03,52.4,49.0,52.3,24.1,24.1
2020-08-05 13:10:00,-5,649948200,52.8,4.03,52.4,48.9,52.1,24.2,24.0
2020-08-05 14:00:00,-5,649951200,41.8,4.02,52.3,48.8,52.0,24.2,24.0
2020-08-05 14:10:00,-5,649951800,44.3,4.03,52.3,48.8,52.0,24.2,24.0
2020-08-05 14:30:00,-5,649953000,41.5,4.02,52.3,48.8,52.0,24.3,24.0
2020-08-05 14:50:00,-5,649954200,41.3,4.02,52.2,48.7,51.9,24.3,24.0
2020-08-05 15:10:00,-5,649955400,36.3,4.02,52.2,48.7,51.9,24.3,24.0
2020-08-05 15:30:00,-5,649956600,35.8,4.02,52.2,48.8,52.0,24.4,23.7
2020-08-05 17:20:00,-5,649963200,28.8,4.02,52.0,48.7,51.7,24.7,24.1
2020-08-05 17:50:00,-5,649965000,27.8,4.02,52.0,48.8,51.9,24.6,24.2
2020-08-05 18:00:00,-5,649965600,27.3,4.02,52.0,48.8,51.7,24.7,24.0
2020-08-05 18:10:00,-5,649966200,27.0,4.02,52.0,48.8,51.7,24.6,24.0
2020-08-05 19:00:00,-5,649969200,24.0,4.02,52.0,48.8,51.7,24.8,24.3
2020-08-05 19:10:00,-5,649969800,23.0,4.02,52.0,48.9,51.8,24.7,24.0
2020-08-05 19:50:00,-5,649972200,21.0,4.02,51.9,48.8,51.7,24.7,24.1
2020-08-05 20:00:00,-5,649972800,20.5,4.02,52.0,48.8,51.7,24.7,24.2
2020-08-05 20:20:00,-5,649974000,20.0,4.02,51.9,48.9,51.7,24.7,24.2
2020-08-05 20:40:00,-5,649975200,20.0,4.02,51.9,48.9,51.7,24.7,24.3
2020-08-05 20:50:00,-5,649975800,19.5,4.02,51.9,48.9,51.7,24.7,24.1
2020-08-05 21:30:00,-5,649978200,19.0,4.02,51.9,48.9,51.7,24.7,24.3
2020-08-05 21:40:00,-5,649978800,19.0,4.02,51.9,48.9,51.7,24.7,24.3
2020-08-05 21:50:00,-5,649979400,19.0,4.02,51.8,48.9,51.7,24.7,24.3
2020-08-05 22:00:00,-5,649980000,19.0,4.02,51.8,48.9,51.7,24.8,24.3
2020-08-05 22:30:00,-5,649981800,19.0,4.00,51.8,48.9,51.7,24.7,24.2
2020-08-05 22:50:00,-5,649983000,19.3,4.02,51.7,48.9,51.7,24.7,24.3
2020-08-05 23:10:00,-5,649984200,19.0,4.00,51.7,48.9,51.8,24.7,24.3
2020-08-05 23:20:00,-5,649984800,18.8,4.00,51.7,48.9,51.7,24.5,24.4
2020-08-05 23:40:00,-5,649986000,18.8,4.00,51.7,48.8,51.7,24.6,24.5
2020-08-05 23:50:00,-5,649986600,18.8,4.00,51.7,48.8,51.7,24.6,24.4
2020-08-06 00:00:00,-5,649987200,18.8,4.00,51.7,48.8,51.7,24.5,24.3
2020-08-06 00:10:00,-5,649987800,18.8,4.00,51.6,48.8,51.7,24.5,24.3
2020-08-06 00:20:00,-5,649988400,19.0,4.00,51.6,48.9,51.8,24.5,24.3
2020-08-06 00:30:00,-5,649989000,18.8,4.00,51.6,48.8,51.7,24.5,24.2
2020-08-06 00:40:00,-5,649989600,18.8,4.00,51.6,48.8,51.7,24.5,24.3
2020-08-06 01:10:00,-5,649991400,18.5,4.00,51.6,48.8,51.7,24.5,24.2
2020-08-06 01:20:00,-5,649992000,18.5,4.00,51.6,48.8,51.7,24.5,24.6
2020-08-06 01:30:00,-5,649992600,18.5,4.00,51.6,48.8,51.7,24.5,24.5
2020-08-06 01:40:00,-5,649993200,18.5,4.00,51.5,48.8,51.7,24.4,24.3
2020-08-06 01:50:00,-5,649993800,18.5,4.00,51.6,48.8,51.7,24.4,24.4
2020-08-06 03:00:00,-5,649998000,19.0,4.00,51.5,48.7,51.7,24.4,24.2
2020-08-06 03:20:00,-5,649999200,18.8,4.00,51.5,48.8,51.8,24.3,24.4
2020-08-06 03:40:00,-5,650000400,18.8,4.00,51.5,48.7,51.7,24.3,24.3
2020-08-06 04:10:00,-5,650002200,19.3,4.00,51.4,48.7,51.7,24.2,24.3
2020-08-06 04:20:00,-5,650002800,19.3,4.00,51.4,48.7,51.7,24.2,24.2
2020-08-06 04:40:00,-5,650004000,19.3,4.00,51.4,48.7,51.7,24.2,24.3
2020-08-06 04:50:00,-5,650004600,19.5,4.00,51.4,48.7,51.7,24.2,24.5
2020-08-06 05:10:00,-5,650005800,19.5,4.00,51.4,48.7,51.7,24.2,24.3
2020-08-06 05:20:00,-5,650006400,19.8,4.00,51.4,48.7,51.7,24.1,24.2
2020-08-06 05:40:00,-5,650007600,20.0,4.00,51.3,48.6,51.7,24.1,24.1
2020-08-06 05:50:00,-5,650008200,20.0,4.00,51.4,48.6,51.7,24.2,24.3
2020-08-06 06:00:00,-5,650008800,20.0,4.00,51.3,48.6,51.7,24.1,24.1
2020-08-06 06:20:00,-5,650010000,20.0,4.00,51.3,48.6,51.7,24.1,24.1
2020-08-06 06:50:00,-5,650011800,20.3,4.00,59.0,49.9,51.8,24.0,24.0
2020-08-06 07:10:00,-5,650013000,20.0,4.00,57.2,50.2,52.0,24.0,24.2
2020-08-06 07:20:00,-5,650013600,20.0,4.00,57.8,50.2,51.8,24.0,24.1
2020-08-06 07:30:00,-5,650014200,20.0,4.00,57.6,50.2,51.8,24.0,24.1
2020-08-06 07:40:00,-5,650014800,20.0,4.00,57.3,50.1,51.8,24.0,24.1
2020-08-06 08:00:00,-5,650016000,21.0,4.00,56.6,49.9,51.8,24.0,24.3
2020-08-06 08:10:00,-5,650016600,22.0,4.00,56.3,49.8,51.8,24.0,24.1
2020-08-06 08:20:00,-5,650017200,23.3,4.00,56.1,49.7,51.8,24.0,24.1
2020-08-06 08:30:00,-5,650017800,24.5,4.00,55.9,49.6,51.8,24.0,24.0
2020-08-06 08:40:00,-5,650018400,25.5,4.00,55.8,49.5,51.8,24.0,24.0
2020-08-06 09:00:00,-5,650019600,28.8,4.02,55.5,49.4,51.8,24.0,24.3
2020-08-06 09:10:00,-5,650020200,31.0,4.02,55.4,49.3,51.7,24.0,24.3
2020-08-06 09:20:00,-5,650020800,31.0,4.02,55.3,49.3,51.7,24.0,24.2
2020-08-06 09:50:00,-5,650022600,34.5,4.02,54.8,49.2,51.8,24.1,24.2
2020-08-06 10:20:00,-5,650024400,31.0,4.02,54.6,49.1,51.7,23.8,24.1
2020-08-06 10:50:00,-5,650026200,38.5,4.02,54.4,49.0,51.7,23.8,24.0
2020-08-06 11:00:00,-5,650026800,36.3,4.02,54.3,49.0,51.8,23.8,24.2
2020-08-06 11:50:00,-5,650029800,43.3,4.03,54.0,48.8,51.5,23.8,24.0
2020-08-06 12:30:00,-5,650032200,39.5,4.02,53.8,48.6,51.5,24.1,24.0
2020-08-06 12:40:00,-5,650032800,37.5,4.03,53.8,48.6,51.5,23.7,24.1
2020-08-06 12:50:00,-5,650033400,35.0,4.02,53.7,48.6,51.5,24.0,23.7
2020-08-06 13:00:00,-5,650034000,36.3,4.03,53.7,48.6,51.4,24.0,23.8
2020-08-06 13:40:00,-5,650036400,40.8,4.02,53.2,48.5,51.4,24.0,24.0
2020-08-06 14:00:00,-5,650037600,37.8,4.02,53.1,48.4,51.4,24.0,23.8
2020-08-06 14:20:00,-5,650038800,36.8,4.03,53.1,48.4,51.3,24.0,24.1
2020-08-06 15:30:00,-5,650043000,30.3,4.02,52.9,48.4,51.3,24.2,24.3
2020-08-06 18:00:00,-5,650052000,25.5,4.02,52.6,48.4,51.2,24.4,24.1
2020-08-06 18:10:00,-5,650052600,24.8,4.02,52.6,48.4,51.1,24.3,24.0
2020-08-06 18:50:00,-5,650055000,23.3,4.02,52.6,48.4,51.1,24.3,23.7
2020-08-06 19:40:00,-5,650058000,22.3,4.02,52.5,48.5,51.3,24.2,23.7
2020-08-06 20:00:00,-5,650059200,22.0,4.02,52.5,48.5,51.2,24.3,24.0
2020-08-06 20:20:00,-5,650060400,21.5,4.02,52.5,48.5,51.2,24.3,24.0
2020-08-06 20:50:00,-5,650062200,21.5,4.02,52.4,48.5,51.2,24.3,23.8
2020-08-06 21:20:00,-5,650064000,21.3,4.02,52.4,48.5,51.2,24.4,24.0
2020-08-06 22:00:00,-5,650066400,21.0,4.02,52.4,48.5,51.2,24.2,23.7
2020-08-06 23:50:00,-5,650073000,21.8,4.00,52.3,48.5,51.2,24.2,24.0
2020-08-07 00:00:00,-5,650073600,21.8,4.00,52.3,48.5,51.2,24.2,24.0
2020-08-07 00:50:00,-5,650076600,21.8,4.00,52.2,48.5,51.2,24.2,24.2
2020-08-07 01:30:00,-5,650079000,22.0,4.00,52.2,48.5,51.2,24.2,24.0
2020-08-07 01:40:00,-5,650079600,22.0,4.00,52.2,48.5,51.2,24.2,24.0
2020-08-07 01:50:00,-5,650080200,22.0,4.00,52.2,48.5,51.2,24.3,24.1
2020-08-07 02:20:00,-5,650082000,22.0,4.00,52.2,48.5,51.2,24.2,24.0
2020-08-07 03:50:00,-5,650087400,21.8,4.00,52.1,48.4,51.2,24.1,23.7
2020-08-07 04:00:00,-5,650088000,22.0,4.00,52.1,48.4,51.2,24.1,24.0
2020-08-07 04:20:00,-5,650089200,22.0,4.00,52.1,48.4,51.2,24.0,24.1
2020-08-07 04:30:00,-5,650089800,22.0,4.00,52.1,48.4,51.2,24.1,23.7
2020-08-07 04:40:00,-5,650090400,22.0,4.00,52.1,48.4,51.2,24.1,24.0
2020-08-07 06:10:00,-5,650095800,23.0,4.00,52.0,48.4,51.3,24.0,24.1
2020-08-07 06:30:00,-5,650097000,22.8,4.00,52.0,48.4,51.1,24.1,24.1
2020-08-07 06:40:00,-5,650097600,23.0,4.00,52.0,48.4,51.1,24.0,24.1
2020-08-07 07:00:00,-5,650098800,23.3,4.00,52.0,48.4,51.1,24.0,23.7
2020-08-07 07:20:00,-5,650100000,23.5,4.00,52.0,48.4,51.1,24.0,23.8
2020-08-07 07:30:00,-5,650100600,23.5,4.00,52.0,48.4,51.2,24.0,23.7
2020-08-07 07:40:00,-5,650101200,23.5,4.00,52.0,48.4,51.2,24.0,24.0
2020-08-07 07:50:00,-5,650101800,23.3,4.00,52.0,48.4,51.2,24.0,23.7
2020-08-07 08:00:00,-5,650102400,23.0,4.00,52.0,48.4,51.1,24.0,24.0
2020-08-07 08:10:00,-5,650103000,23.5,4.00,52.0,48.4,51.1,24.0,23.8
2020-08-07 08:20:00,-5,650103600,23.8,4.00,52.0,48.4,51.1,24.0,23.7
2020-08-07 08:30:00,-5,650104200,23.8,4.00,52.0,48.4,51.2,24.0,23.7
2020-08-07 08:50:00,-5,650105400,23.8,4.00,52.0,48.4,51.1,24.0,24.2
2020-08-07 09:00:00,-5,650106000,23.8,4.00,52.0,48.4,51.2,24.0,24.3
2020-08-07 09:10:00,-5,650106600,23.8,4.00,52.0,48.3,51.1,24.0,24.1
2020-08-07 09:40:00,-5,650108400,24.5,4.00,53.3,48.4,51.2,24.0,23.8
2020-08-07 09:50:00,-5,650109000,24.8,4.00,53.3,48.4,51.2,24.0,24.2
2020-08-07 10:00:00,-5,650109600,26.0,4.00,53.3,48.4,51.2,24.0,24.0
2020-08-07 10:20:00,-5,650110800,26.5,4.00,53.3,48.4,51.2,24.0,24.1
2020-08-07 10:50:00,-5,650112600,25.8,4.00,53.2,48.4,51.2,24.0,24.1
2020-08-07 11:10:00,-5,650113800,28.3,4.00,53.2,48.4,51.2,24.0,23.8
2020-08-07 11:20:00,-5,650114400,29.5,4.00,53.2,48.4,51.2,24.0,24.0
2020-08-07 11:30:00,-5,650115000,29.5,4.00,53.2,48.4,51.2,24.0,24.1
2020-08-07 12:00:00,-5,650116800,35.0,4.02,53.1,48.3,51.1,23.7,23.7
2020-08-07 12:10:00,-5,650117400,36.0,4.02,53.1,48.3,51.1,24.0,24.0
2020-08-07 12:30:00,-5,650118600,39.8,4.02,53.0,48.3,51.1,24.0,23.8
2020-08-07 12:40:00,-5,650119200,44.0,4.02,53.0,48.3,51.1,24.0,23.8
2020-08-07 13:30:00,-5,650122200,37.3,4.02,52.8,48.2,51.0,24.0,24.1
2020-08-07 13:50:00,-5,650123400,38.0,4.02,52.7,48.1,51.0,24.0,23.7
2020-08-07 14:10:00,-5,650124600,35.3,4.02,52.6,48.1,51.0,24.0,24.0
2020-08-07 14:20:00,-5,650125200,35.5,4.02,52.6,48.1,51.0,24.0,24.0
2020-08-07 15:00:00,-5,650127600,37.8,4.02,52.5,48.0,50.9,24.0,24.0
2020-08-07 15:10:00,-5,650128200,34.3,4.02,52.5,48.0,50.9,24.2,24.0
2020-08-07 15:20:00,-5,650128800,31.0,4.02,52.6,48.0,50.9,24.2,24.0
2020-08-07 15:40:00,-5,650130000,28.0,4.02,52.5,48.0,50.9,24.1,24.0
2020-08-07 15:50:00,-5,650130600,27.3,4.02,52.5,48.1,50.9,24.2,24.0
2020-08-07 16:00:00,-5,650131200,26.5,4.02,52.5,48.1,50.9,24.1,24.0
2020-08-07 16:30:00,-5,650133000,24.8,4.02,60.9,49.8,51.0,24.2,23.7
2020-08-07 16:40:00,-5,650133600,23.5,4.02,61.9,51.8,51.2,24.2,24.1
2020-08-07 17:30:00,-5,650136600,21.3,4.00,59.2,55.4,58.0,24.3,24.0
2020-08-07 17:40:00,-5,650137200,21.0,4.00,58.5,55.2,57.6,24.2,23.8
2020-08-07 18:50:00,-5,650141400,22.3,4.00,57.1,53.6,56.2,24.2,24.0
2020-08-07 19:00:00,-5,650142000,22.3,4.00,57.0,53.5,56.0,24.2,24.2
2020-08-07 19:40:00,-5,650144400,21.8,4.00,56.5,52.8,55.1,24.2,24.1
2020-08-07 20:00:00,-5,650145600,21.8,4.00,56.3,52.7,54.9,24.2,24.0
2020-08-07 20:10:00,-5,650146200,21.5,4.00,56.3,52.6,54.8,24.2,24.0
2020-08-07 20:20:00,-5,650146800,21.5,4.00,56.2,52.5,54.7,24.3,24.0
2020-08-07 20:30:00,-5,650147400,21.3,4.00,56.2,52.4,54.7,24.2,23.8
2020-08-07 21:00:00,-5,650149200,20.5,4.00,56.0,52.3,54.5,24.1,24.0
2020-08-07 21:30:00,-5,650151000,21.0,4.00,55.9,52.2,54.5,24.1,24.1
2020-08-07 22:10:00,-5,650153400,21.5,4.00,55.7,52.0,54.2,24.1,24.1
2020-08-07 22:50:00,-5,650155800,21.3,4.00,55.5,51.9,54.1,24.0,24.1
2020-08-07 23:40:00,-5,650158800,20.0,4.00,55.3,51.7,54.1,24.1,24.1
2020-08-08 00:00:00,-5,650160000,20.3,4.00,55.3,51.6,54.0,24.1,24.1
2020-08-08 00:50:00,-5,650163000,21.3,4.00,55.2,51.5,53.9,24.0,24.0
2020-08-08 01:00:00,-5,650163600,21.3,4.00,55.1,51.4,53.9,24.0,23.7
2020-08-08 02:10:00,-5,650167800,21.3,4.00,54.9,51.3,53.9,24.0,24.1
2020-08-08 02:20:00,-5,650168400,21.0,4.00,54.9,51.2,53.8,24.0,24.1
2020-08-08 02:30:00,-5,650169000,21.3,4.00,54.9,51.3,53.9,24.0,24.0
2020-08-08 03:20:00,-5,650172000,21.0,4.00,54.8,51.1,53.7,24.1,23.7
2020-08-08 04:10:00,-5,650175000,21.0,3.99,54.7,51.1,53.7,24.0,24.1
2020-08-08 04:20:00,-5,650175600,20.8,3.99,54.7,51.1,53.7,24.0,24.0
2020-08-08 04:40:00,-5,650176800,20.0,3.99,54.7,51.0,53.6,24.1,23.7
2020-08-08 05:00:00,-5,650178000,19.5,3.99,54.6,51.0,53.7,23.7,24.0
2020-08-08 05:20:00,-5,650179200,19.0,3.99,54.6,51.0,53.6,24.1,24.1
2020-08-08 05:30:00,-5,650179800,19.3,3.99,54.6,51.0,53.6,23.7,24.0
2020-08-08 05:40:00,-5,650180400,19.5,3.99,54.6,51.0,53.6,23.8,24.0
2020-08-08 06:00:00,-5,650181600,20.5,3.99,54.5,51.0,53.7,23.7,23.8
2020-08-08 06:20:00,-5,650182800,21.5,3.99,54.5,50.9,53.6,23.7,24.1
2020-08-08 06:40:00,-5,650184000,22.5,3.99,54.5,50.9,53.5,23.7,24.1
2020-08-08 06:50:00,-5,650184600,22.8,3.99,54.5,50.9,53.5,23.8,23.7
2020-08-08 07:10:00,-5,650185800,23.5,3.99,54.5,50.8,53.5,23.7,23.7
2020-08-08 07:30:00,-5,650187000,24.5,3.99,54.5,50.8,53.5,23.8,24.0
2020-08-08 07:50:00,-5,650188200,26.5,3.99,54.4,50.8,53.5,23.7,23.8
2020-08-08 08:10:00,-5,650189400,29.5,4.00,54.2,50.8,53.4,23.8,23.7
2020-08-08 09:40:00,-5,650194800,33.3,4.00,54.0,50.6,53.3,23.7,23.7
2020-08-08 09:50:00,-5,650195400,31.5,4.00,54.0,50.6,53.3,23.7,23.7
2020-08-08 10:10:00,-5,650196600,36.3,4.00,54.0,50.5,53.3,23.6,23.7
2020-08-08 10:40:00,-5,650198400,43.5,4.02,53.9,50.5,53.4,23.7,24.0
2020-08-08 11:20:00,-5,650200800,43.8,4.02,53.8,50.3,53.1,23.7,23.7
2020-08-08 11:50:00,-5,650202600,45.5,4.02,53.7,50.2,53.1,23.7,23.7
2020-08-08 12:20:00,-5,650204400,41.5,4.02,53.7,50.1,53.2,23.7,23.7
2020-08-08 13:50:00,-5,650209800,44.3,4.02,53.5,49.9,52.9,24.0,23.8
2020-08-08 14:00:00,-5,650210400,43.5,4.02,53.4,50.0,53.0,24.0,23.7
2020-08-08 14:50:00,-5,650213400,41.0,4.02,53.4,49.8,52.8,24.0,23.6
2020-08-08 15:00:00,-5,650214000,40.3,4.02,53.4,49.8,52.8,24.0,23.8
2020-08-08 15:10:00,-5,650214600,39.0,4.02,53.4,49.8,52.7,24.1,23.6
2020-08-08 15:40:00,-5,650216400,35.8,4.02,53.3,49.8,52.7,24.2,23.8
2020-08-08 15:50:00,-5,650217000,34.5,4.02,53.3,49.8,52.8,24.1,23.7
2020-08-08 16:30:00,-5,650219400,32.5,4.02,53.3,49.8,52.6,24.2,23.7
2020-08-08 16:40:00,-5,650220000,32.0,4.02,53.3,49.8,52.6,24.2,23.6
2020-08-08 17:00:00,-5,650221200,30.8,4.02,53.3,49.8,52.6,24.2,23.6
2020-08-08 17:20:00,-5,650222400,29.8,4.02,53.3,49.8,52.7,24.3,23.6
2020-08-08 17:30:00,-5,650223000,29.3,4.02,53.3,49.8,52.7,24.3,23.7
2020-08-08 17:50:00,-5,650224200,28.3,4.02,53.3,49.8,52.6,24.3,23.7
2020-08-08 18:20:00,-5,650226000,27.0,4.02,53.3,49.9,52.7,24.5,23.8
2020-08-08 19:00:00,-5,650228400,24.5,4.00,53.3,49.9,52.6,24.5,23.8
2020-08-08 19:10:00,-5,650229000,23.8,4.00,53.3,49.9,52.7,24.4,23.8
2020-08-08 19:40:00,-5,650230800,22.0,4.00,53.3,49.9,52.6,24.5,23.8
2020-08-08 19:50:00,-5,650231400,21.8,4.00,53.3,49.9,52.6,24.5,23.6
2020-08-08 20:00:00,-5,650232000,21.8,4.00,53.3,49.9,52.7,24.4,24.1
2020-08-08 20:10:00,-5,650232600,21.3,4.00,53.3,49.9,52.6,24.3,23.8
2020-08-08 20:20:00,-5,650233200,21.0,4.00,53.3,49.9,52.6,24.5,23.7
2020-08-08 21:10:00,-5,650236200,20.8,4.00,53.3,49.9,52.6,24.5,23.8
2020-08-08 22:00:00,-5,650239200,20.3,4.00,53.2,49.9,52.6,24.4,24.1
2020-08-08 22:10:00,-5,650239800,20.3,4.00,53.2,49.9,52.6,24.4,24.1
2020-08-08 22:20:00,-5,650240400,20.0,4.00,53.2,49.9,52.6,24.5,24.1
2020-08-08 22:30:00,-5,650241000,19.8,4.00,53.2,50.0,52.7,24.4,24.2
2020-08-08 22:50:00,-5,650242200,19.8,4.00,53.2,50.0,52.7,24.4,23.8
2020-08-08 23:00:00,-5,650242800,19.5,4.00,53.1,49.9,52.6,24.2,24.1
2020-08-08 23:10:00,-5,650243400,20.0,4.00,53.1,49.9,52.6,24.4,24.1
2020-08-08 23:30:00,-5,650244600,19.5,4.00,53.1,50.0,52.7,24.3,24.2
2020-08-09 00:10:00,-5,650247000,19.5,4.00,53.1,49.9,52.6,24.3,23.8
2020-08-09 00:50:00,-5,650249400,19.3,4.00,53.0,49.9,52.6,24.3,23.7
2020-08-09 01:00:00,-5,650250000,19.3,4.00,53.0,49.9,52.7,24.3,24.2
2020-08-09 01:20:00,-5,650251200,19.0,4.00,53.0,49.9,52.7,24.3,24.2
2020-08-09 01:30:00,-5,650251800,18.8,4.00,53.0,49.9,52.6,24.3,23.7
2020-08-09 01:40:00,-5,650252400,18.8,4.00,53.0,49.9,52.7,24.1,23.7
2020-08-09 01:50:00,-5,650253000,18.5,4.00,53.0,49.9,52.6,24.2,23.8
2020-08-09 02:00:00,-5,650253600,18.5,4.00,53.0,49.9,52.6,24.2,24.1
2020-08-09 02:20:00,-5,650254800,18.8,4.00,53.0,49.9,52.6,24.2,24.1
2020-08-09 02:30:00,-5,650255400,18.8,4.00,53.0,49.9,52.6,24.1,24.1
2020-08-09 02:40:00,-5,650256000,18.8,4.00,52.9,49.8,52.6,24.2,24.2
2020-08-09 03:10:00,-5,650257800,19.0,4.00,52.9,49.8,52.6,24.2,24.1
2020-08-09 03:20:00,-5,650258400,19.0,4.00,52.9,49.8,52.6,24.2,23.7
2020-08-09 03:30:00,-5,650259000,19.3,4.00,52.9,49.8,52.6,24.2,24.3
2020-08-09 03:50:00,-5,650260200,19.0,4.00,52.9,49.8,52.6,24.1,23.8
2020-08-09 04:00:00,-5,650260800,19.3,4.00,52.8,49.8,52.7,24.1,23.8
2020-08-09 04:20:00,-5,650262000,19.5,4.00,52.8,49.8,52.6,24.1,24.2
2020-08-09 04:40:00,-5,650263200,19.5,4.00,52.8,49.8,52.6,24.1,24.1
2020-08-09 05:40:00,-5,650266800,20.3,3.99,52.8,49.7,52.6,24.0,24.1
2020-08-09 06:10:00,-5,650268600,21.3,4.00,52.8,49.7,52.6,23.8,24.2
2020-08-09 06:30:00,-5,650269800,22.8,4.00,52.8,49.7,52.6,24.0,24.1
2020-08-09 06:40:00,-5,650270400,23.3,4.00,52.7,49.7,52.7,24.1,24.1
2020-08-09 07:00:00,-5,650271600,24.5,4.00,52.7,49.7,52.5,23.8,24.1
2020-08-09 07:20:00,-5,650272800,26.3,4.00,52.7,49.7,52.5,23.8,24.1
2020-08-09 07:30:00,-5,650273400,26.8,4.00,52.7,49.7,52.6,23.7,23.7
2020-08-09 07:40:00,-5,650274000,27.5,4.00,52.7,49.7,52.6,23.8,24.2
2020-08-09 07:50:00,-5,650274600,29.5,4.00,52.7,49.7,52.7,23.8,24.0
2020-08-09 08:00:00,-5,650275200,31.3,4.00,52.7,49.6,52.5,23.8,23.7
2020-08-09 08:20:00,-5,650276400,39.8,4.00,52.7,49.6,52.5,23.8,24.1
2020-08-09 08:30:00,-5,650277000,43.3,4.02,52.7,49.6,52.5,23.8,24.2
2020-08-09 09:10:00,-5,650279400,51.0,4.02,52.7,49.5,52.5,23.8,24.1
2020-08-09 09:20:00,-5,650280000,53.0,4.02,52.7,49.4,52.4,23.8,23.6
2020-08-09 09:30:00,-5,650280600,55.0,4.02,52.6,49.4,52.4,23.7,23.7
2020-08-09 09:40:00,-5,650281200,54.3,4.02,52.6,49.4,52.4,23.8,23.8
2020-08-09 09:50:00,-5,650281800,54.5,4.02,52.6,49.3,52.4,23.7,23.7
2020-08-09 10:00:00,-5,650282400,55.5,4.02,52.6,49.3,52.4,24.1,23.8
2020-08-09 10:10:00,-5,650283000,56.3,4.02,52.6,49.2,52.4,23.7,23.7
2020-08-09 10:20:00,-5,650283600,57.8,4.02,52.6,49.2,52.3,23.6,23.7
2020-08-09 10:40:00,-5,650284800,48.8,4.02,52.6,49.1,52.3,23.8,23.7
2020-08-09 10:50:00,-5,650285400,46.5,4.02,52.6,49.1,52.3,23.8,24.1
2020-08-09 11:00:00,-5,650286000,42.0,4.02,52.6,49.2,52.4,24.1,23.8
2020-08-09 11:10:00,-5,650286600,47.0,4.02,52.6,49.1,52.3,24.1,23.8
2020-08-09 11:30:00,-5,650287800,54.8,4.03,52.6,49.0,52.2,23.7,24.1
2020-08-09 12:50:00,-5,650292600,50.0,4.03,52.5,48.9,52.2,24.1,23.7
2020-08-09 13:10:00,-5,650293800,40.8,4.02,52.5,48.9,52.1,24.2,24.1
2020-08-09 13:20:00,-5,650294400,37.3,4.02,52.5,48.9,52.1,24.1,24.1
2020-08-09 13:30:00,-5,650295000,34.5,4.02,52.5,48.9,52.1,24.2,23.7
2020-08-09 13:40:00,-5,650295600,34.3,4.02,52.6,48.9,52.1,24.1,23.6
2020-08-09 14:00:00,-5,650296800,38.3,4.02,52.6,48.9,52.0,24.2,24.1
2020-08-09 14:10:00,-5,650297400,36.8,4.02,52.6,48.9,52.0,24.3,24.1
2020-08-09 14:20:00,-5,650298000,36.8,4.02,52.6,48.9,52.0,24.3,23.7
2020-08-09 14:30:00,-5,650298600,38.0,4.02,52.5,48.9,52.0,24.3,23.8
2020-08-09 14:40:00,-5,650299200,38.3,4.02,52.5,48.9,52.0,24.3,23.7
2020-08-09 15:00:00,-5,650300400,38.3,4.02,52.5,48.9,52.1,24.3,24.1
2020-08-09 15:10:00,-5,650301000,38.0,4.02,52.5,48.9,52.0,24.4,24.1
2020-08-09 15:40:00,-5,650302800,35.3,4.02,52.5,48.9,51.9,24.5,23.8
2020-08-09 15:50:00,-5,650303400,34.3,4.02,52.5,48.9,51.9,24.5,23.7
2020-08-09 16:20:00,-5,650305200,32.3,4.02,52.5,48.9,51.9,24.5,23.7
2020-08-09 16:30:00,-5,650305800,32.3,4.02,52.5,48.9,51.9,24.5,23.8
2020-08-09 17:30:00,-5,650309400,31.5,4.02,52.5,48.9,51.9,24.7,24.1
2020-08-09 17:40:00,-5,650310000,30.5,4.02,52.5,48.9,51.9,24.5,24.1
2020-08-09 17:50:00,-5,650310600,29.8,4.02,52.5,48.9,51.8,24.7,23.7
2020-08-09 18:10:00,-5,650311800,29.0,4.02,52.5,48.9,51.9,24.6,24.1
2020-08-09 18:30:00,-5,650313000,28.0,4.02,52.5,49.0,51.9,24.7,24.1
2020-08-09 18:40:00,-5,650313600,27.5,4.02,52.5,49.0,52.0,24.6,24.2
2020-08-09 18:50:00,-5,650314200,26.8,4.02,52.5,49.0,51.9,24.7,23.8
2020-08-09 19:00:00,-5,650314800,26.5,4.02,52.5,49.0,51.9,24.7,24.1
2020-08-09 20:10:00,-5,650319000,24.3,4.02,52.4,49.0,51.9,24.7,23.8
2020-08-09 20:20:00,-5,650319600,24.0,4.02,52.4,49.1,51.9,24.7,24.1
2020-08-09 20:30:00,-5,650320200,23.5,4.02,52.4,49.1,51.9,24.8,24.2
2020-08-09 21:00:00,-5,650322000,23.5,4.02,52.4,49.1,51.9,24.7,24.0
2020-08-09 21:20:00,-5,650323200,23.3,4.02,52.4,49.1,51.9,24.7,24.0
2020-08-09 21:30:00,-5,650323800,23.0,4.02,52.4,49.1,51.9,24.7,24.0
2020-08-09 21:50:00,-5,650325000,22.5,4.02,52.4,49.1,51.9,24.7,24.1
2020-08-09 22:00:00,-5,650325600,22.3,4.02,52.4,49.1,51.9,24.7,24.2
2020-08-09 22:10:00,-5,650326200,22.0,4.02,52.3,49.2,52.0,24.8,24.2
2020-08-09 22:20:00,-5,650326800,22.3,4.02,52.4,49.1,51.9,24.7,24.2
2020-08-09 22:30:00,-5,650327400,22.3,4.02,52.4,49.1,51.9,24.8,24.2
2020-08-09 22:40:00,-5,650328000,22.3,4.02,52.3,49.1,51.9,24.7,24.2
2020-08-09 23:00:00,-5,650329200,22.0,4.02,52.3,49.1,51.9,24.8,24.2
2020-08-09 23:10:00,-5,650329800,22.0,4.02,52.3,49.1,51.9,24.7,24.2
2020-08-09 23:30:00,-5,650331000,22.0,4.00,52.3,49.1,51.9,24.7,24.1
2020-08-09 23:50:00,-5,650332200,21.5,4.00,52.3,49.1,51.9,24.7,24.2
2020-08-10 00:10:00,-5,650333400,21.3,4.00,52.3,49.1,51.9,24.7,24.2
2020-08-10 00:30:00,-5,650334600,21.0,4.00,52.2,49.1,51.9,24.7,24.1
2020-08-10 00:50:00,-5,650335800,21.3,4.00,52.2,49.1,51.9,24.7,24.0
2020-08-10 01:10:00,-5,650337000,21.0,4.00,52.2,49.1,51.9,24.6,24.1
2020-08-10 01:30:00,-5,650338200,20.8,4.00,52.2,49.1,51.9,24.7,24.3
2020-08-10 01:50:00,-5,650339400,20.5,4.00,52.2,49.1,51.9,24.6,24.3
2020-08-10 02:00:00,-5,650340000,20.5,4.00,52.1,49.2,52.1,24.6,24.2
2020-08-10 02:10:00,-5,650340600,20.5,4.00,52.2,49.1,51.9,24.6,24.3
2020-08-10 02:20:00,-5,650341200,20.5,4.00,52.1,49.1,51.9,24.6,24.1
2020-08-10 02:30:00,-5,650341800,20.5,4.00,52.1,49.1,52.0,24.6,24.3
2020-08-10 02:40:00,-5,650342400,20.5,4.00,52.1,49.1,51.9,24.5,24.2
2020-08-10 02:50:00,-5,650343000,20.5,4.00,52.1,49.1,52.1,24.6,24.1
2020-08-10 03:10:00,-5,650344200,20.3,4.00,52.1,49.1,51.9,24.5,24.1
2020-08-10 03:30:00,-5,650345400,20.3,4.00,52.1,49.1,52.0,24.5,24.0
2020-08-10 04:00:00,-5,650347200,21.0,4.00,52.1,49.1,51.9,24.5,24.2
2020-08-10 04:10:00,-5,650347800,21.3,4.00,52.0,49.1,51.9,24.4,24.3
2020-08-10 04:20:00,-5,650348400,21.5,4.00,52.0,49.1,51.9,24.5,24.1
2020-08-10 04:30:00,-5,650349000,21.5,4.00,52.0,49.1,52.1,24.5,24.1
2020-08-10 04:40:00,-5,650349600,21.8,4.00,52.0,49.1,51.9,24.4,24.1
2020-08-10 04:50:00,-5,650350200,21.8,4.00,52.0,49.0,51.9,24.5,24.1
2020-08-10 05:00:00,-5,650350800,21.8,4.00,52.0,49.1,52.1,24.5,24.1
2020-08-10 05:20:00,-5,650352000,22.0,4.00,52.0,49.0,51.9,24.5,24.0
2020-08-10 05:30:00,-5,650352600,22.3,4.00,52.0,49.0,51.9,24.3,24.1
2020-08-10 06:00:00,-5,650354400,23.3,4.00,52.0,49.0,51.9,24.4,24.1
2020-08-10 06:10:00,-5,650355000,23.5,4.00,52.0,49.0,52.0,24.2,24.3
2020-08-10 06:20:00,-5,650355600,24.0,4.00,52.0,49.0,52.0,24.3,24.1
2020-08-10 06:40:00,-5,650356800,24.8,4.00,51.9,49.0,51.9,24.2,24.1
2020-08-10 06:50:00,-5,650357400,25.3,4.00,52.0,49.0,52.0,24.4,24.1
2020-08-10 07:10:00,-5,650358600,26.3,4.00,52.0,49.0,52.0,24.4,24.2
2020-08-10 07:20:00,-5,650359200,26.8,4.00,52.0,49.0,51.9,24.3,24.3
2020-08-10 07:40:00,-5,650360400,28.8,4.00,51.9,49.0,52.0,24.3,24.2
2020-08-10 07:50:00,-5,650361000,29.5,4.00,51.9,49.0,51.9,24.3,24.3
2020-08-10 08:00:00,-5,650361600,35.3,4.02,52.0,49.0,51.9,24.3,24.1
2020-08-10 08:10:00,-5,650362200,36.3,4.02,52.0,49.0,51.9,24.3,24.2
2020-08-10 08:20:00,-5,650362800,42.5,4.02,52.0,49.0,51.9,24.2,24.1
2020-08-10 08:30:00,-5,650363400,46.8,4.02,51.9,49.0,52.0,24.2,24.1
2020-08-10 08:50:00,-5,650364600,51.8,4.02,51.9,48.9,51.9,24.2,24.3
2020-08-10 09:00:00,-5,650365200,52.5,4.02,51.9,48.9,52.0,24.3,24.3
2020-08-10 09:40:00,-5,650367600,54.5,4.02,51.9,48.7,51.8,24.3,24.0
2020-08-10 09:50:00,-5,650368200,54.8,4.03,51.8,48.7,51.8,24.2,24.2
2020-08-10 10:00:00,-5,650368800,57.0,4.02,51.8,48.7,51.8,24.3,24.2
2020-08-10 10:10:00,-5,650369400,56.3,4.03,51.8,48.6,51.8,24.3,24.1
2020-08-10 10:40:00,-5,650371200,58.3,4.03,51.8,48.6,51.9,24.3,24.2
2020-08-10 10:50:00,-5,650371800,58.3,4.03,51.8,48.5,51.7,24.3,24.2
2020-08-10 11:00:00,-5,650372400,58.8,4.03,51.8,48.5,51.7,24.4,24.3
2020-08-10 11:40:00,-5,650374800,58.3,4.03,51.7,48.3,51.7,24.3,24.1
2020-08-10 11:50:00,-5,650375400,58.8,4.03,51.6,48.3,51.6,24.5,24.2
2020-08-10 12:10:00,-5,650376600,59.0,4.03,51.6,48.2,51.5,24.5,24.2
2020-08-10 12:20:00,-5,650377200,58.0,4.03,51.6,48.2,51.5,24.5,24.0
2020-08-10 12:40:00,-5,650378400,58.5,4.03,51.5,48.1,51.5,24.5,24.2
2020-08-10 13:00:00,-5,650379600,56.5,4.03,51.5,48.1,51.5,24.5,24.2
2020-08-10 13:10:00,-5,650380200,55.8,4.03,51.5,48.0,51.4,24.7,24.2
2020-08-10 13:50:00,-5,650382600,46.8,4.02,51.4,48.0,51.4,24.6,24.1
2020-08-10 14:10:00,-5,650383800,43.3,4.02,51.4,47.9,51.4,24.7,24.2
2020-08-10 14:40:00,-5,650385600,43.3,4.02,51.3,47.9,51.3,24.7,24.2
2020-08-10 14:50:00,-5,650386200,44.5,4.02,51.3,47.9,51.4,24.7,24.2
2020-08-10 15:00:00,-5,650386800,43.0,4.02,51.3,47.8,51.3,24.8,24.3
2020-08-10 15:30:00,-5,650388600,39.3,4.02,51.2,47.8,51.2,25.1,24.1
2020-08-10 15:40:00,-5,650389200,38.3,4.02,51.2,47.8,51.2,25.1,24.2
2020-08-10 16:00:00,-5,650390400,36.3,4.02,51.1,47.8,51.3,25.0,24.1
2020-08-10 16:10:00,-5,650391000,35.5,4.02,51.1,47.8,51.2,25.0,24.1
2020-08-10 18:00:00,-5,650397600,29.8,4.02,51.1,47.9,51.1,25.1,24.4
2020-08-10 18:20:00,-5,650398800,28.8,4.02,51.1,47.9,51.1,25.2,24.2
2020-08-10 19:00:00,-5,650401200,27.3,4.02,51.0,48.0,51.1,25.1,24.2
2020-08-10 19:30:00,-5,650403000,26.0,4.02,51.0,48.0,51.1,25.2,24.3
2020-08-10 19:40:00,-5,650403600,25.8,4.02,51.0,48.0,51.2,25.2,24.5
2020-08-10 20:20:00,-5,650406000,24.5,4.02,51.0,48.1,51.2,25.3,24.2
2020-08-10 21:00:00,-5,650408400,23.5,4.02,50.9,48.1,51.2,25.2,24.4
2020-08-10 21:10:00,-5,650409000,23.5,4.02,50.9,48.2,51.3,25.3,24.5
2020-08-10 21:20:00,-5,650409600,23.3,4.02,50.9,48.1,51.2,25.2,24.4
2020-08-10 21:30:00,-5,650410200,23.0,4.02,50.9,48.1,51.2,25.3,24.5
2020-08-10 22:00:00,-5,650412000,22.8,4.02,50.9,48.2,51.2,25.3,24.5
2020-08-10 22:10:00,-5,650412600,22.8,4.02,50.9,48.2,51.2,25.3,24.5
2020-08-10 22:20:00,-5,650413200,22.5,4.02,50.9,48.2,51.2,25.3,24.3
2020-08-10 22:30:00,-5,650413800,22.5,4.00,50.9,48.2,51.2,25.2,24.5
2020-08-10 22:50:00,-5,650415000,22.5,4.00,50.8,48.2,51.2,25.2,24.6
2020-08-10 23:00:00,-5,650415600,22.5,4.00,50.8,48.2,51.2,25.2,24.5
2020-08-10 23:10:00,-5,650416200,22.5,4.00,50.8,48.2,51.2,25.2,24.6
2020-08-10 23:20:00,-5,650416800,22.3,4.00,50.8,48.2,51.3,25.2,24.4
2020-08-10 23:30:00,-5,650417400,22.5,4.00,50.8,48.2,51.2,25.2,24.7
2020-08-10 23:40:00,-5,650418000,22.3,4.00,50.8,48.2,51.2,25.2,24.6
2020-08-10 23:50:00,-5,650418600,22.0,4.00,50.8,48.2,51.2,25.1,24.5
2020-08-11 00:00:00,-5,650419200,22.0,4.00,50.8,48.2,51.2,25.1,24.3
2020-08-11 00:10:00,-5,650419800,22.3,4.00,50.8,48.2,51.2,25.1,24.5
2020-08-11 00:20:00,-5,650420400,22.5,4.00,50.7,48.2,51.2,25.2,24.5
2020-08-11 00:30:00,-5,650421000,22.8,4.00,50.7,48.2,51.4,25.1,24.6
2020-08-11 00:40:00,-5,650421600,22.5,4.00,50.7,48.1,51.2,25.1,24.6
2020-08-11 00:50:00,-5,650422200,22.0,4.00,50.7,48.2,51.2,25.1,24.5
2020-08-11 01:00:00,-5,650422800,22.0,4.00,50.7,48.2,51.2,25.0,24.6
2020-08-11 01:10:00,-5,650423400,22.0,4.00,50.7,48.2,51.2,25.0,24.7
2020-08-11 01:20:00,-5,650424000,21.8,4.00,50.7,48.2,51.4,25.1,24.6
2020-08-11 01:30:00,-5,650424600,22.0,4.00,50.7,48.2,51.2,25.0,24.6
2020-08-11 02:10:00,-5,650427000,21.3,4.00,50.6,48.1,51.3,25.0,24.6
2020-08-11 02:30:00,-5,650428200,22.5,4.00,50.6,48.1,51.3,24.7,24.7
2020-08-11 02:40:00,-5,650428800,22.3,4.00,50.6,48.1,51.2,25.0,24.5
2020-08-11 03:00:00,-5,650430000,21.3,4.00,50.6,48.2,51.4,25.0,24.5
2020-08-11 03:10:00,-5,650430600,21.0,4.00,50.6,48.1,51.3,25.0,24.7
2020-08-11 03:50:00,-5,650433000,21.3,4.00,50.6,48.1,51.3,24.8,24.6
2020-08-11 04:20:00,-5,650434800,21.0,4.00,50.5,48.1,51.3,24.7,24.5
2020-08-11 04:40:00,-5,650436000,21.8,4.00,50.5,48.1,51.3,24.7,24.8
2020-08-11 04:50:00,-5,650436600,22.0,4.00,50.5,48.1,51.4,24.8,24.4
2020-08-11 05:00:00,-5,650437200,22.0,4.00,50.5,48.0,51.3,24.8,24.6
2020-08-11 05:10:00,-5,650437800,22.3,4.00,50.5,48.1,51.3,24.8,24.5
2020-08-11 05:20:00,-5,650438400,22.5,4.00,50.5,48.1,51.4,25.1,24.3
2020-08-11 05:30:00,-5,650439000,22.8,4.00,50.5,48.1,51.3,24.8,24.6
2020-08-11 05:40:00,-5,650439600,22.8,4.00,50.5,48.1,51.3,24.8,24.4
2020-08-11 05:50:00,-5,650440200,23.3,4.00,50.5,48.1,51.3,24.8,24.5
2020-08-11 06:00:00,-5,650440800,23.5,4.00,50.5,48.1,51.3,24.8,24.7
2020-08-11 06:10:00,-5,650441400,23.8,4.00,50.5,48.0,51.3,24.8,24.4
2020-08-11 06:20:00,-5,650442000,24.0,4.00,50.4,48.1,51.4,24.8,24.3
2020-08-11 06:30:00,-5,650442600,24.5,4.00,50.5,48.0,51.3,24.7,24.4
2020-08-11 06:40:00,-5,650443200,24.5,4.00,50.4,48.0,51.3,24.7,24.6
2020-08-11 06:50:00,-5,650443800,25.0,4.00,50.4,48.0,51.3,24.7,24.6
2020-08-11 07:00:00,-5,650444400,25.5,4.00,50.4,48.0,51.3,24.7,24.5
2020-08-11 07:10:00,-5,650445000,25.5,4.00,50.4,48.0,51.3,24.7,24.6
2020-08-11 07:30:00,-5,650446200,26.5,4.00,50.4,48.1,51.4,24.7,24.5
2020-08-11 07:40:00,-5,650446800,27.0,4.00,50.4,48.0,51.3,24.7,24.6
2020-08-11 07:50:00,-5,650447400,27.8,4.00,50.4,48.0,51.4,24.7,24.6
2020-08-11 08:00:00,-5,650448000,28.0,4.00,50.4,48.0,51.3,24.6,24.6
2020-08-11 08:10:00,-5,650448600,28.0,4.00,50.4,48.0,51.3,24.7,24.6
2020-08-11 08:20:00,-5,650449200,28.5,4.00,50.4,48.0,51.4,24.6,24.5
2020-08-11 08:30:00,-5,650449800,29.0,4.00,50.4,48.0,51.4,24.7,24.6
2020-08-11 08:40:00,-5,650450400,29.5,4.00,50.4,48.0,51.3,24.6,24.6
2020-08-11 08:50:00,-5,650451000,30.5,4.00,50.4,48.0,51.3,24.6,24.7
2020-08-11 09:00:00,-5,650451600,31.3,4.00,50.4,48.0,51.3,24.7,24.4
2020-08-11 09:10:00,-5,650452200,34.3,4.00,50.4,48.0,51.4,24.6,24.4
2020-08-11 09:20:00,-5,650452800,33.0,4.00,50.4,48.0,51.4,24.6,24.7
2020-08-11 09:40:00,-5,650454000,42.5,4.02,50.4,47.9,51.2,24.7,24.6
2020-08-11 09:50:00,-5,650454600,46.8,4.02,50.4,47.9,51.2,24.7,24.7
2020-08-11 10:30:00,-5,650457000,43.0,4.02,50.4,47.8,51.2,24.6,24.6
2020-08-11 10:40:00,-5,650457600,43.8,4.02,50.4,47.8,51.2,24.7,24.4
2020-08-11 10:50:00,-5,650458200,50.0,4.02,50.3,47.8,51.2,24.7,24.5
2020-08-11 11:10:00,-5,650459400,51.8,4.02,50.3,47.7,51.2,24.7,24.6
2020-08-11 11:30:00,-5,650460600,52.8,4.03,50.2,47.7,51.1,24.7,24.5
2020-08-11 11:50:00,-5,650461800,53.8,4.03,50.2,47.6,51.1,24.7,24.6
2020-08-11 12:00:00,-5,650462400,56.3,4.03,50.1,47.6,51.1,24.7,24.4
2020-08-11 12:10:00,-5,650463000,54.3,4.03,50.1,47.5,51.0,24.7,24.3
2020-08-11 12:20:00,-5,650463600,53.5,4.03,50.1,47.5,51.2,24.7,24.4
2020-08-11 12:30:00,-5,650464200,54.5,4.03,50.1,47.4,51.0,24.8,24.5
2020-08-11 12:50:00,-5,650465400,51.3,4.03,50.0,47.4,51.0,24.7,24.3
2020-08-11 13:00:00,-5,650466000,50.3,4.03,50.0,47.4,51.1,24.7,24.4
2020-08-11 13:10:00,-5,650466600,50.5,4.03,50.0,47.4,50.9,24.8,24.2
2020-08-11 13:20:00,-5,650467200,50.5,4.03,50.0,47.3,50.9,24.8,24.3
2020-08-11 13:30:00,-5,650467800,48.3,4.03,50.0,47.4,51.0,24.8,24.5
2020-08-11 13:50:00,-5,650469000,42.3,4.02,50.0,47.3,50.9,24.8,24.4
2020-08-11 15:10:00,-5,650473800,37.8,4.02,49.9,47.3,50.8,25.0,24.3
2020-08-11 15:20:00,-5,650474400,37.3,4.02,49.9,47.2,50.8,25.0,24.7
2020-08-11 15:30:00,-5,650475000,36.8,4.02,49.9,47.2,50.7,25.1,24.4
2020-08-11 15:40:00,-5,650475600,38.3,4.02,49.8,47.3,50.9,25.0,24.6
2020-08-11 15:50:00,-5,650476200,36.5,4.02,49.8,47.3,50.9,25.1,24.5
2020-08-11 16:00:00,-5,650476800,36.0,4.02,49.8,47.3,50.9,25.2,24.5
2020-08-11 16:20:00,-5,650478000,36.3,4.02,49.8,47.2,50.7,25.1,24.3
2020-08-11 16:30:00,-5,650478600,36.8,4.02,49.8,47.2,50.8,25.2,24.6
2020-08-11 17:10:00,-5,650481000,32.3,4.02,49.7,47.3,50.8,25.2,24.6
2020-08-11 17:20:00,-5,650481600,31.8,4.02,49.8,47.3,50.6,25.3,24.6
2020-08-11 17:40:00,-5,650482800,30.8,4.02,49.8,47.3,50.6,25.3,24.4
2020-08-11 17:50:00,-5,650483400,30.3,4.02,49.8,47.3,50.6,25.3,24.6
2020-08-11 18:00:00,-5,650484000,29.8,4.02,49.8,47.3,50.6,25.4,24.7
2020-08-11 18:30:00,-5,650485800,28.5,4.02,49.8,47.4,50.8,25.5,24.6
2020-08-11 18:40:00,-5,650486400,27.8,4.02,49.8,47.4,50.6,25.5,24.8
2020-08-11 19:00:00,-5,650487600,27.0,4.02,49.8,47.4,50.6,25.5,24.5
2020-08-11 19:10:00,-5,650488200,26.5,4.02,49.8,47.4,50.6,25.3,24.5
2020-08-11 19:20:00,-5,650488800,25.8,4.02,49.7,47.4,50.6,25.5,24.5
2020-08-11 19:30:00,-5,650489400,25.5,4.02,49.7,47.4,50.6,25.4,24.5
2020-08-11 20:10:00,-5,650491800,24.8,4.02,49.7,47.4,50.7,25.5,24.6
2020-08-11 20:30:00,-5,650493000,24.3,4.02,49.7,47.5,50.6,25.6,24.5
2020-08-11 20:40:00,-5,650493600,24.3,4.02,49.7,47.5,50.8,25.4,24.7
2020-08-11 21:10:00,-5,650495400,23.8,4.02,49.7,47.5,50.8,25.5,24.7
2020-08-11 21:30:00,-5,650496600,23.5,4.02,49.7,47.5,50.7,25.5,24.8
2020-08-11 21:40:00,-5,650497200,23.8,4.02,49.6,47.5,50.7,25.5,24.5
2020-08-11 22:00:00,-5,650498400,23.8,4.02,49.6,47.5,50.8,25.5,24.6
2020-08-11 22:10:00,-5,650499000,23.5,4.02,49.6,47.5,50.8,25.5,24.5
2020-08-11 22:20:00,-5,650499600,23.5,4.02,49.6,47.5,50.7,25.5,24.7
2020-08-11 22:40:00,-5,650500800,23.3,4.02,49.6,47.6,50.8,25.3,25.1
2020-08-11 22:50:00,-5,650501400,23.5,4.02,49.6,47.5,50.7,25.5,25.1
2020-08-11 23:00:00,-5,650502000,23.3,4.02,49.6,47.6,50.8,25.4,24.8
2020-08-11 23:10:00,-5,650502600,23.3,4.02,49.6,47.6,50.8,25.4,25.0
2020-08-11 23:20:00,-5,650503200,23.5,4.02,49.6,47.5,50.7,25.5,24.8
2020-08-11 23:30:00,-5,650503800,24.0,4.02,49.6,47.5,50.7,25.5,24.7
2020-08-12 00:00:00,-5,650505600,23.3,4.02,49.5,47.5,50.7,25.5,24.7
2020-08-12 00:20:00,-5,650506800,23.3,4.02,49.5,47.5,50.7,25.3,24.7
2020-08-12 00:30:00,-5,650507400,23.0,4.02,49.5,47.5,50.7,25.3,24.8
2020-08-12 00:40:00,-5,650508000,23.0,4.02,49.5,47.6,50.8,25.2,24.8
2020-08-12 01:00:00,-5,650509200,23.3,4.00,49.5,47.6,50.8,25.3,25.1
2020-08-12 01:20:00,-5,650510400,23.5,4.02,49.5,47.5,50.7,25.3,24.6
2020-08-12 01:30:00,-5,650511000,23.3,4.00,49.5,47.5,50.7,25.2,24.7
2020-08-12 01:40:00,-5,650511600,22.8,4.00,49.4,47.5,50.7,25.2,24.7
2020-08-12 01:50:00,-5,650512200,22.8,4.00,49.4,47.5,50.7,25.2,24.7
2020-08-12 02:00:00,-5,650512800,22.8,4.00,49.4,47.5,50.7,25.2,24.6
2020-08-12 02:10:00,-5,650513400,23.0,4.00,49.4,47.5,50.7,25.2,25.1
2020-08-12 02:20:00,-5,650514000,22.8,4.00,49.4,47.5,50.7,25.2,24.8
2020-08-12 02:40:00,-5,650515200,23.0,4.00,49.4,47.5,50.7,25.2,24.8
2020-08-12 03:20:00,-5,650517600,23.0,4.00,49.4,47.5,50.7,25.1,24.7
2020-08-12 03:30:00,-5,650518200,23.0,4.00,49.4,47.5,50.7,25.2,24.7
2020-08-12 03:50:00,-5,650519400,22.8,4.00,49.3,47.5,50.9,25.1,25.1
2020-08-12 04:00:00,-5,650520000,22.8,4.00,49.4,47.5,50.7,25.1,24.8
2020-08-12 04:30:00,-5,650521800,22.5,4.00,49.3,47.5,50.7,25.1,24.8
2020-08-12 04:40:00,-5,650522400,22.5,4.00,49.3,47.5,50.9,25.1,24.6
2020-08-12 04:50:00,-5,650523000,23.0,4.00,49.3,47.5,50.7,25.1,24.8
2020-08-12 05:20:00,-5,650524800,22.8,4.00,49.3,47.5,50.9,25.0,24.8
2020-08-12 06:00:00,-5,650527200,25.0,4.00,49.3,47.4,50.7,25.0,24.6
2020-08-12 06:10:00,-5,650527800,26.8,4.00,49.3,47.4,50.7,25.0,25.1
2020-08-12 06:20:00,-5,650528400,28.8,4.02,49.3,47.5,50.9,25.0,24.7
2020-08-12 06:30:00,-5,650529000,30.8,4.02,49.3,47.4,50.7,25.0,24.5
2020-08-12 06:40:00,-5,650529600,33.0,4.02,49.3,47.4,50.7,25.0,24.6
2020-08-12 06:50:00,-5,650530200,35.0,4.02,49.3,47.5,50.9,25.0,24.8
2020-08-12 07:00:00,-5,650530800,37.5,4.02,49.3,47.4,50.7,25.1,24.7
2020-08-12 07:20:00,-5,650532000,43.8,4.02,49.3,47.4,50.7,25.0,24.8
2020-08-12 07:30:00,-5,650532600,44.0,4.02,49.2,47.4,50.7,24.8,24.7
2020-08-12 08:10:00,-5,650535000,41.8,4.02,49.2,47.3,50.7,24.7,25.1
2020-08-12 08:20:00,-5,650535600,48.0,4.02,49.2,47.3,50.7,24.8,25.1
2020-08-12 08:30:00,-5,650536200,51.8,4.02,49.2,47.2,50.7,25.0,25.1
2020-08-12 08:40:00,-5,650536800,53.5,4.03,49.2,47.3,50.7,24.8,24.8
2020-08-12 08:50:00,-5,650537400,54.5,4.03,49.2,47.2,50.7,24.8,24.7
2020-08-12 09:00:00,-5,650538000,52.3,4.03,49.1,47.3,50.8,25.1,24.6
2020-08-12 09:10:00,-5,650538600,55.0,4.03,49.1,47.2,50.8,24.8,24.7
2020-08-12 09:20:00,-5,650539200,56.8,4.03,49.1,47.2,50.8,24.7,25.1
2020-08-12 09:30:00,-5,650539800,58.0,4.03,49.1,47.1,50.6,25.1,24.8
2020-08-12 09:40:00,-5,650540400,59.8,4.03,49.1,47.1,50.6,25.0,24.6
2020-08-12 09:50:00,-5,650541000,61.5,4.03,49.0,47.1,50.6,25.0,24.7
2020-08-12 10:00:00,-5,650541600,62.8,4.03,49.0,47.0,50.6,24.8,24.7
2020-08-12 10:10:00,-5,650542200,62.3,4.03,49.0,47.0,50.5,25.0,24.8
2020-08-12 10:20:00,-5,650542800,62.8,4.03,49.0,47.0,50.5,25.0,24.8
2020-08-12 10:50:00,-5,650544600,59.8,4.03,48.9,46.9,50.5,25.0,24.8
2020-08-12 11:10:00,-5,650545800,54.5,4.03,48.9,46.8,50.4,25.0,24.6
2020-08-12 11:20:00,-5,650546400,53.5,4.03,48.9,46.8,50.4,25.0,24.8
2020-08-12 11:30:00,-5,650547000,55.8,4.03,48.8,46.7,50.4,25.0,24.7
2020-08-12 11:50:00,-5,650548200,43.8,4.02,48.8,46.7,50.4,25.1,24.7
2020-08-12 12:00:00,-5,650548800,40.5,4.02,48.9,46.7,50.4,25.1,24.8
2020-08-12 12:10:00,-5,650549400,38.5,4.02,48.9,46.7,50.4,25.2,24.8
2020-08-12 12:20:00,-5,650550000,38.0,4.02,48.9,46.7,50.4,25.2,24.6
2020-08-12 12:30:00,-5,650550600,37.8,4.02,48.9,46.8,50.5,25.2,24.6
2020-08-12 12:40:00,-5,650551200,36.5,4.02,48.9,46.8,50.3,25.1,24.6
2020-08-12 12:50:00,-5,650551800,38.5,4.03,48.9,46.8,50.3,25.2,24.8
2020-08-12 13:00:00,-5,650552400,42.3,4.03,48.9,46.8,50.3,25.2,24.8
2020-08-12 13:10:00,-5,650553000,36.3,4.02,48.9,46.8,50.3,25.2,24.8
2020-08-12 13:50:00,-5,650555400,31.3,4.02,48.9,46.8,50.3,25.5,24.8
2020-08-12 14:00:00,-5,650556000,31.0,4.02,48.9,46.8,50.3,25.3,25.1
2020-08-12 14:20:00,-5,650557200,27.0,4.02,50.0,46.9,50.4,25.4,24.8
2020-08-12 15:00:00,-5,650559600,23.3,4.02,49.8,47.0,50.3,25.5,24.7
2020-08-12 15:10:00,-5,650560200,23.3,4.02,49.7,46.9,50.4,25.5,25.1
2020-08-12 15:20:00,-5,650560800,23.3,4.02,49.7,47.0,50.3,25.6,24.6
2020-08-12 15:30:00,-5,650561400,23.5,4.02,49.7,47.0,50.4,25.5,24.7
2020-08-12 15:50:00,-5,650562600,23.8,4.02,49.7,47.0,50.5,25.5,24.8
2020-08-12 16:00:00,-5,650563200,24.0,4.02,49.6,47.0,50.5,25.5,24.8
2020-08-12 16:10:00,-5,650563800,24.3,4.02,49.7,47.0,50.4,25.5,24.7
2020-08-12 16:20:00,-5,650564400,24.3,4.02,49.6,47.0,50.4,25.5,24.8
2020-08-12 16:30:00,-5,650565000,24.8,4.02,49.6,47.0,50.4,25.5,25.0
2020-08-12 16:40:00,-5,650565600,25.0,4.02,49.6,47.0,50.4,25.5,24.7
2020-08-12 16:50:00,-5,650566200,25.3,4.02,49.6,47.0,50.4,25.5,25.1
2020-08-12 17:00:00,-5,650566800,25.5,4.02,49.6,47.1,50.5,25.5,24.6
2020-08-12 17:10:00,-5,650567400,26.5,4.02,49.6,47.0,50.4,25.4,24.7
2020-08-12 17:20:00,-5,650568000,27.5,4.02,49.6,47.0,50.3,25.6,25.1
2020-08-12 17:30:00,-5,650568600,28.0,4.02,49.5,47.0,50.4,25.5,24.8
2020-08-12 18:00:00,-5,650570400,26.5,4.02,49.5,47.0,50.4,25.5,24.7
2020-08-12 18:10:00,-5,650571000,26.0,4.02,49.5,47.1,50.5,25.4,24.8
2020-08-12 18:20:00,-5,650571600,25.5,4.02,49.5,47.1,50.5,25.4,25.1
2020-08-12 18:30:00,-5,650572200,25.0,4.02,49.5,47.0,50.4,25.5,25.1
2020-08-12 18:40:00,-5,650572800,24.5,4.02,49.5,47.0,50.4,25.4,25.0
2020-08-12 19:10:00,-5,650574600,23.3,4.02,49.5,47.0,50.4,25.5,25.1
2020-08-12 19:20:00,-5,650575200,23.0,4.02,49.5,47.0,50.4,25.5,25.1
2020-08-12 19:40:00,-5,650576400,22.8,4.02,49.5,47.0,50.4,25.5,25.1
2020-08-12 20:10:00,-5,650578200,23.0,4.02,49.5,47.0,50.4,25.3,24.7
2020-08-12 20:20:00,-5,650578800,22.5,4.02,49.5,47.0,50.4,25.4,25.0
2020-08-12 20:50:00,-5,650580600,22.5,4.02,49.5,47.1,50.5,25.3,25.0
2020-08-12 21:00:00,-5,650581200,22.3,4.02,49.5,47.0,50.4,25.3,25.1
2020-08-12 21:30:00,-5,650583000,22.8,4.02,49.4,47.0,50.4,25.3,25.1
2020-08-12 21:40:00,-5,650583600,22.5,4.02,49.4,47.0,50.4,25.3,25.2
2020-08-12 21:50:00,-5,650584200,22.5,4.02,49.4,47.0,50.4,25.2,24.7
2020-08-12 22:00:00,-5,650584800,22.5,4.02,49.4,47.1,50.5,25.3,25.0
2020-08-12 22:20:00,-5,650586000,22.3,4.02,49.4,47.0,50.4,25.2,25.0
2020-08-12 22:30:00,-5,650586600,22.3,4.02,49.4,47.0,50.4,25.2,25.0
2020-08-12 22:40:00,-5,650587200,22.3,4.02,49.4,47.0,50.4,25.2,24.7
2020-08-12 22:50:00,-5,650587800,22.3,4.02,49.4,47.0,50.4,25.2,25.1
2020-08-12 23:00:00,-5,650588400,22.3,4.02,49.4,47.0,50.4,25.2,25.1
2020-08-12 23:10:00,-5,650589000,22.0,4.02,49.4,47.1,50.5,25.1,25.0
2020-08-12 23:20:00,-5,650589600,22.3,4.02,49.4,47.0,50.4,25.2,25.0
2020-08-12 23:40:00,-5,650590800,22.5,4.02,49.4,47.0,50.4,25.2,25.0
2020-08-12 23:50:00,-5,650591400,22.5,4.00,49.3,47.0,50.4,25.1,25.1
2020-08-13 00:00:00,-5,650592000,22.5,4.00,49.4,47.0,50.4,25.2,24.6
2020-08-13 00:20:00,-5,650593200,22.3,4.00,49.3,47.0,50.4,25.1,24.6
2020-08-13 00:50:00,-5,650595000,22.3,4.00,49.3,47.0,50.4,25.2,24.8
2020-08-13 01:00:00,-5,650595600,22.3,4.00,49.3,47.0,50.4,25.0,25.0
2020-08-13 01:20:00,-5,650596800,22.5,4.00,49.3,47.0,50.4,25.1,25.1
2020-08-13 01:30:00,-5,650597400,22.3,4.00,49.3,47.0,50.4,25.0,25.0
2020-08-13 01:50:00,-5,650598600,22.3,4.00,49.3,47.0,50.4,25.0,25.0
2020-08-13 02:10:00,-5,650599800,22.3,4.00,49.3,47.0,50.4,25.0,25.0
2020-08-13 02:30:00,-5,650601000,22.5,4.00,49.2,46.9,50.4,25.0,25.1
2020-08-13 02:40:00,-5,650601600,22.5,4.00,49.3,47.0,50.4,25.0,25.0
2020-08-13 02:50:00,-5,650602200,22.3,4.00,49.2,46.9,50.4,25.0,25.0
2020-08-13 03:10:00,-5,650603400,22.3,4.00,49.2,47.0,50.5,25.0,25.0
2020-08-13 03:20:00,-5,650604000,22.3,4.00,49.2,46.9,50.4,25.0,25.0
2020-08-13 03:30:00,-5,650604600,22.0,4.00,49.3,46.9,50.4,25.0,25.0
2020-08-13 03:40:00,-5,650605200,22.0,4.00,49.2,46.9,50.4,25.0,24.7
2020-08-13 04:00:00,-5,650606400,21.5,4.00,49.2,47.0,50.5,24.8,25.1
2020-08-13 04:10:00,-5,650607000,21.5,4.00,49.2,46.9,50.4,25.1,25.1
2020-08-13 04:20:00,-5,650607600,21.5,4.00,49.2,46.9,50.4,25.0,24.8
2020-08-13 04:30:00,-5,650608200,21.5,4.00,49.2,46.9,50.4,24.8,25.1
2020-08-13 04:40:00,-5,650608800,21.8,4.00,49.2,46.9,50.5,24.7,25.1
2020-08-13 04:50:00,-5,650609400,21.8,4.00,49.2,46.9,50.4,25.1,25.1
2020-08-13 05:00:00,-5,650610000,21.8,4.00,49.2,46.9,50.4,24.8,25.1
2020-08-13 05:10:00,-5,650610600,22.0,4.00,49.2,46.9,50.4,24.8,25.1
2020-08-13 05:30:00,-5,650611800,22.3,4.00,49.2,46.9,50.4,24.8,24.8
2020-08-13 05:40:00,-5,650612400,22.3,4.00,49.2,46.9,50.5,24.8,24.8
2020-08-13 05:50:00,-5,650613000,22.5,4.00,49.2,46.9,50.4,25.1,24.7
2020-08-13 06:00:00,-5,650613600,22.8,4.00,49.2,46.9,50.4,24.8,25.0
2020-08-13 06:10:00,-5,650614200,23.0,4.00,49.2,46.9,50.4,24.8,25.1
2020-08-13 06:40:00,-5,650616000,24.0,4.00,49.1,46.9,50.4,24.8,24.7
2020-08-13 06:50:00,-5,650616600,24.8,4.00,49.1,46.9,50.4,24.8,24.6
2020-08-13 07:00:00,-5,650617200,26.0,4.00,49.1,46.9,50.4,24.8,24.7
2020-08-13 07:10:00,-5,650617800,29.8,4.02,49.1,46.8,50.4,24.8,24.7
2020-08-13 07:20:00,-5,650618400,31.5,4.02,49.1,46.8,50.4,24.8,25.1
2020-08-13 07:40:00,-5,650619600,34.3,4.02,49.1,46.8,50.4,24.8,24.6
2020-08-13 07:50:00,-5,650620200,32.5,4.02,49.1,46.8,50.4,24.7,24.5
2020-08-13 08:00:00,-5,650620800,31.0,4.02,49.1,46.8,50.4,24.7,24.8
2020-08-13 08:10:00,-5,650621400,32.0,4.02,49.1,46.8,50.4,24.7,24.8
2020-08-13 08:20:00,-5,650622000,34.3,4.02,49.1,46.8,50.5,24.7,24.6
2020-08-13 08:30:00,-5,650622600,38.8,4.02,49.1,46.8,50.4,24.7,24.7
2020-08-13 08:40:00,-5,650623200,41.5,4.02,49.1,46.8,50.4,24.7,24.6
2020-08-13 09:00:00,-5,650624400,42.8,4.02,49.0,46.8,50.5,24.7,24.7
2020-08-13 09:10:00,-5,650625000,43.0,4.02,49.1,46.7,50.4,24.7,24.7
2020-08-13 09:20:00,-5,650625600,41.3,4.02,49.0,46.8,50.5,24.7,24.8
2020-08-13 09:30:00,-5,650626200,37.0,4.02,49.0,46.7,50.5,24.7,24.6
2020-08-13 09:40:00,-5,650626800,34.5,4.02,49.0,46.7,50.3,24.7,24.7
2020-08-13 09:50:00,-5,650627400,34.0,4.02,49.1,46.7,50.3,24.8,24.8
2020-08-13 10:00:00,-5,650628000,33.3,4.02,49.1,46.7,50.5,24.7,24.8
2020-08-13 10:10:00,-5,650628600,32.5,4.02,49.1,46.7,50.5,24.7,24.6
2020-08-13 10:30:00,-5,650629800,31.3,4.02,49.1,46.7,50.3,24.8,24.7
2020-08-13 10:50:00,-5,650631000,30.0,4.02,49.1,46.7,50.3,24.8,24.8
2020-08-13 11:00:00,-5,650631600,29.8,4.02,49.1,46.7,50.3,24.7,24.7
2020-08-13 11:10:00,-5,650632200,29.8,4.02,49.1,46.7,50.3,24.8,24.8
2020-08-13 11:20:00,-5,650632800,29.8,4.02,49.1,46.8,50.5,24.7,24.7
2020-08-13 11:30:00,-5,650633400,29.8,4.02,49.1,46.7,50.3,24.8,24.7
2020-08-13 11:40:00,-5,650634000,29.5,4.02,49.2,46.7,50.3,24.8,24.8
2020-08-13 11:50:00,-5,650634600,29.5,4.02,49.2,46.7,50.3,24.8,24.7
2020-08-13 12:00:00,-5,650635200,29.5,4.02,49.1,46.7,50.3,24.8,24.6
2020-08-13 12:10:00,-5,650635800,29.8,4.02,49.1,46.8,50.5,24.8,24.7
2020-08-13 12:20:00,-5,650636400,30.5,4.02,49.2,46.7,50.3,25.0,24.5
2020-08-13 12:30:00,-5,650637000,31.0,4.02,49.1,46.8,50.4,24.8,24.7
2020-08-13 12:40:00,-5,650637600,31.0,4.02,49.2,46.7,50.3,24.8,24.7
2020-08-13 12:50:00,-5,650638200,31.0,4.02,49.2,46.7,50.3,24.8,24.7
2020-08-13 13:00:00,-5,650638800,31.0,4.02,49.2,46.7,50.3,24.8,24.6
2020-08-13 13:10:00,-5,650639400,30.8,4.02,49.2,46.7,50.3,24.8,24.6
2020-08-13 13:30:00,-5,650640600,30.0,4.02,49.2,46.7,50.3,24.7,24.6
2020-08-13 13:40:00,-5,650641200,29.3,4.02,49.2,46.7,50.3,24.8,24.6
2020-08-13 13:50:00,-5,650641800,29.0,4.02,49.2,46.8,50.3,24.8,24.7
2020-08-13 14:00:00,-5,650642400,29.0,4.02,49.2,46.8,50.3,25.1,24.6
2020-08-13 14:20:00,-5,650643600,26.8,4.02,50.4,46.8,50.3,25.1,24.7
2020-08-13 14:30:00,-5,650644200,26.3,4.02,51.6,46.9,50.4,24.8,24.6
2020-08-13 14:40:00,-5,650644800,26.0,4.02,51.6,46.9,50.4,25.1,24.7
2020-08-13 14:50:00,-5,650645400,26.0,4.02,51.5,46.9,50.4,24.7,25.1
2020-08-13 15:30:00,-5,650647800,28.0,4.02,51.4,46.9,50.4,24.7,24.7
2020-08-13 15:40:00,-5,650648400,27.5,4.02,51.4,46.8,50.4,25.0,24.7
2020-08-13 15:50:00,-5,650649000,27.3,4.02,51.3,46.9,50.5,25.0,24.6
2020-08-13 16:00:00,-5,650649600,27.0,4.02,51.3,46.9,50.4,25.0,24.6
2020-08-13 16:20:00,-5,650650800,26.8,4.02,51.3,46.9,50.4,25.0,24.7
2020-08-13 16:30:00,-5,650651400,27.3,4.02,51.3,46.9,50.4,25.0,24.8
2020-08-13 16:40:00,-5,650652000,28.3,4.02,51.3,46.9,50.5,25.0,24.7
2020-08-13 16:50:00,-5,650652600,28.5,4.02,51.3,46.9,50.4,25.0,24.7
2020-08-13 17:00:00,-5,650653200,27.8,4.02,51.2,46.9,50.3,25.0,24.7
2020-08-13 17:20:00,-5,650654400,27.5,4.02,51.2,46.9,50.3,25.0,24.7
2020-08-13 17:40:00,-5,650655600,26.8,4.02,51.2,46.8,50.3,25.0,25.0
2020-08-13 17:50:00,-5,650656200,26.5,4.02,51.2,46.9,50.3,25.0,24.6
2020-08-13 18:00:00,-5,650656800,26.5,4.02,51.2,46.9,50.4,25.0,24.8
2020-08-13 18:10:00,-5,650657400,26.3,4.02,51.2,46.9,50.3,25.0,24.8
2020-08-13 18:20:00,-5,650658000,26.3,4.02,51.1,46.9,50.5,25.0,25.1
2020-08-13 19:20:00,-5,650661600,23.3,4.02,51.1,46.9,50.3,25.0,24.7
2020-08-13 19:30:00,-5,650662200,23.0,4.02,51.1,46.9,50.3,25.0,24.5
2020-08-13 19:40:00,-5,650662800,22.8,4.00,51.1,46.9,50.4,25.0,24.8
2020-08-13 20:00:00,-5,650664000,22.8,4.00,51.1,46.9,50.3,25.0,24.6
2020-08-13 20:10:00,-5,650664600,22.5,4.00,51.1,46.9,50.3,25.0,24.7
2020-08-13 20:20:00,-5,650665200,22.5,4.00,51.0,46.9,50.4,25.0,24.8
2020-08-13 20:40:00,-5,650666400,22.3,4.00,51.0,46.9,50.3,25.1,24.8
2020-08-13 21:20:00,-5,650668800,21.8,4.00,51.0,46.9,50.5,24.8,24.7
2020-08-13 21:30:00,-5,650669400,21.5,4.00,51.0,46.9,50.4,25.0,24.8
2020-08-13 21:40:00,-5,650670000,21.8,4.00,51.0,46.9,50.5,24.7,24.8
2020-08-13 21:50:00,-5,650670600,21.8,4.00,51.0,46.9,50.4,25.1,24.8
2020-08-13 22:00:00,-5,650671200,21.8,4.00,51.0,46.9,50.3,25.0,24.7
2020-08-13 22:50:00,-5,650674200,22.5,4.00,50.9,46.9,50.4,24.8,24.7
2020-08-13 23:10:00,-5,650675400,22.5,4.00,50.8,46.9,50.5,25.1,24.8
2020-08-14 00:10:00,-5,650679000,21.5,4.00,50.8,46.9,50.3,25.0,24.7
2020-08-14 00:20:00,-5,650679600,21.3,4.00,50.8,46.9,50.4,24.8,24.8
2020-08-14 00:30:00,-5,650680200,21.3,4.00,50.8,46.9,50.4,24.7,24.6
2020-08-14 01:00:00,-5,650682000,21.5,4.00,50.7,46.9,50.4,24.8,24.8
2020-08-14 01:10:00,-5,650682600,21.8,4.00,50.7,46.9,50.3,24.8,24.8
2020-08-14 01:20:00,-5,650683200,21.8,4.00,50.7,46.9,50.5,24.8,24.7
2020-08-14 01:30:00,-5,650683800,22.0,4.00,50.7,46.9,50.3,24.8,24.5
2020-08-14 01:40:00,-5,650684400,22.0,4.00,50.7,46.8,50.3,24.8,24.8
2020-08-14 01:50:00,-5,650685000,22.3,4.00,50.7,46.9,50.4,24.8,24.8
2020-08-14 02:20:00,-5,650686800,22.0,4.00,50.6,46.8,50.3,24.7,24.6
2020-08-14 02:40:00,-5,650688000,22.0,4.00,50.6,46.9,50.5,24.7,24.6
2020-08-14 03:50:00,-5,650692200,21.5,4.00,50.6,46.8,50.3,24.6,24.8
2020-08-14 04:00:00,-5,650692800,21.5,4.00,50.6,46.8,50.3,24.7,24.7
2020-08-14 04:10:00,-5,650693400,22.0,4.00,50.5,46.8,50.5,24.6,24.5
2020-08-14 04:20:00,-5,650694000,22.3,4.00,50.5,46.8,50.3,24.7,24.5
2020-08-14 04:50:00,-5,650695800,22.5,4.00,50.5,46.8,50.3,24.7,24.7
2020-08-14 05:10:00,-5,650697000,22.8,4.00,50.5,46.8,50.3,24.6,24.6
2020-08-14 05:20:00,-5,650697600,22.5,4.00,50.5,46.8,50.3,24.6,24.6
2020-08-14 06:00:00,-5,650700000,23.3,4.00,50.5,46.8,50.3,24.6,24.7
2020-08-14 06:30:00,-5,650701800,23.8,4.00,50.5,46.8,50.3,24.6,24.5
2020-08-14 06:40:00,-5,650702400,23.8,4.00,50.4,46.7,50.3,24.6,24.5
2020-08-14 07:00:00,-5,650703600,23.8,4.00,50.4,46.7,50.3,24.6,24.6
2020-08-14 08:10:00,-5,650707800,28.3,4.00,50.4,46.7,50.3,24.6,24.5
2020-08-14 08:20:00,-5,650708400,32.0,4.00,50.4,46.7,50.3,24.5,24.5
2020-08-14 08:30:00,-5,650709000,37.3,4.00,50.2,46.7,50.3,24.5,24.7
2020-08-14 08:40:00,-5,650709600,38.8,4.00,50.1,46.7,50.3,24.5,24.6
