SL217 - Mayfly GPLP3 Logger
DateTime_EST,TZ-Offset,Loggertime,BoardTemp_C,Battery_V,Segment1_percent,Segment2_percent,Segment3_percent,T1_degC,T2_degC
2021-09-29 08:50:22,-5,686220622,31.0,4.05,35.1,42.8,50.6,18.7,19.3
2021-09-29 09:00:00,-5,686221200,31.8,4.12,35.0,42.8,50.5,18.6,19.2
2021-09-29 09:10:00,-5,686221800,34.5,4.12,35.0,42.8,50.6,18.6,19.2
2021-09-29 09:20:00,-5,686222400,35.0,4.14,35.0,42.8,50.6,18.7,19.2
2021-09-29 09:30:00,-5,686223000,35.0,4.14,35.0,42.7,50.6,18.6,19.2
2021-09-29 09:40:00,-5,686223600,35.8,4.14,35.0,42.8,50.5,18.6,19.3
2021-09-29 09:50:00,-5,686224200,36.5,4.14,35.0,42.7,50.6,18.5,19.3
2021-09-29 10:00:00,-5,686224800,38.3,4.14,35.1,42.8,50.5,18.6,19.2
2021-09-29 10:10:00,-5,686225400,39.5,4.14,35.0,42.7,50.6,18.6,19.2
2021-09-29 10:20:00,-5,686226000,38.8,4.14,35.1,42.8,50.5,18.5,19.2
2021-09-29 10:30:00,-5,686226600,39.5,4.14,35.0,42.8,50.5,18.5,19.2
2021-09-29 10:40:00,-5,686227200,41.0,4.14,35.0,42.7,50.6,18.5,19.2
2021-09-29 10:50:00,-5,686227800,40.0,4.14,35.1,42.7,50.6,18.5,19.1
2021-09-29 11:00:00,-5,686228400,38.5,4.14,35.1,42.7,50.6,18.5,19.2
2021-09-29 11:10:00,-5,686229000,40.0,4.14,35.1,42.7,50.6,18.5,19.1
2021-09-29 11:20:00,-5,686229600,41.5,4.14,35.1,42.7,50.6,18.5,19.2
2021-09-29 11:30:00,-5,686230200,41.3,4.14,35.1,42.7,50.5,18.5,19.1
2021-09-29 11:40:00,-5,686230800,41.3,4.14,35.1,42.7,50.6,18.6,19.2
2021-09-29 11:50:00,-5,686231400,40.3,4.14,35.1,42.7,50.6,18.5,19.1
2021-09-29 12:00:00,-5,686232000,41.3,4.14,35.1,42.7,50.6,18.6,19.1
2021-09-29 12:10:00,-5,686232600,41.8,4.14,35.1,42.7,50.6,18.5,19.2
2021-09-29 12:20:00,-5,686233200,41.0,4.14,35.1,42.7,50.6,18.5,19.0
2021-09-29 12:30:00,-5,686233800,40.0,4.14,35.1,42.7,50.6,18.4,19.0
2021-09-29 12:40:00,-5,686234400,36.8,4.14,35.1,42.7,50.6,18.6,19.1
2021-09-29 12:50:00,-5,686235000,38.3,4.14,35.2,42.7,50.6,18.5,19.0
2021-09-29 13:00:00,-5,686235600,35.8,4.14,35.2,42.7,50.6,18.6,19.0
2021-09-29 13:10:00,-5,686236200,35.8,4.14,35.2,42.7,50.5,18.5,19.1
2021-09-29 13:20:00,-5,686236800,36.5,4.14,35.2,42.7,50.6,18.6,19.2
2021-09-29 13:30:00,-5,686237400,34.0,4.14,35.2,42.7,50.6,18.6,19.0
2021-09-29 13:40:00,-5,686238000,27.8,4.14,35.2,42.7,50.6,18.5,19.0
2021-09-29 13:50:00,-5,686238600,31.3,4.14,35.2,42.7,50.6,18.5,19.1
2021-09-29 14:00:00,-5,686239200,30.5,4.14,35.2,42.7,50.5,18.5,19.2
2021-09-29 14:10:00,-5,686239800,33.3,4.14,35.3,42.7,50.5,18.6,19.0
2021-09-29 14:20:00,-5,686240400,32.8,4.14,35.3,42.7,50.6,18.6,19.0
2021-09-29 14:30:00,-5,686241000,33.0,4.14,35.3,42.7,50.6,18.6,19.0
2021-09-29 14:40:00,-5,686241600,33.0,4.14,35.3,42.6,50.5,18.7,19.2
2021-09-29 14:50:00,-5,686242200,32.5,4.14,35.3,42.7,50.6,18.5,19.0
2021-09-29 15:00:00,-5,686242800,31.8,4.14,35.3,42.7,50.6,18.7,19.0
2021-09-29 15:10:00,-5,686243400,27.5,4.14,35.3,42.7,50.5,18.6,18.8
2021-09-29 15:20:00,-5,686244000,28.5,4.14,35.3,42.7,50.4,18.7,19.0
2021-09-29 15:30:00,-5,686244600,29.0,4.14,35.4,42.7,50.5,18.7,19.0
2021-09-29 15:40:00,-5,686245200,28.8,4.14,35.4,42.7,50.5,18.7,19.0
2021-09-29 15:50:00,-5,686245800,28.5,4.14,35.4,42.7,50.6,18.7,19.0
2021-09-29 16:00:00,-5,686246400,28.5,4.14,35.4,42.8,50.4,18.7,19.0
2021-09-29 16:10:00,-5,686247000,27.0,4.14,35.4,42.7,50.5,18.7,19.0
2021-09-29 16:20:00,-5,686247600,26.3,4.14,35.4,42.7,50.5,18.6,19.0
2021-09-29 16:30:00,-5,686248200,24.8,4.14,35.4,42.8,50.4,18.7,19.1
2021-09-29 16:40:00,-5,686248800,24.0,4.14,35.4,42.7,50.5,18.8,19.0
2021-09-29 16:50:00,-5,686249400,23.5,4.14,35.4,42.8,50.4,18.7,19.1
2021-09-29 17:00:00,-5,686250000,23.0,4.14,35.4,42.8,50.4,18.7,19.1
2021-09-29 17:10:00,-5,686250600,22.3,4.14,35.4,42.7,50.5,18.7,19.1
2021-09-29 17:20:00,-5,686251200,21.3,4.14,35.4,42.7,50.5,18.8,19.1
2021-09-29 17:30:00,-5,686251800,20.0,4.14,35.5,42.7,50.5,18.7,19.1
2021-09-29 17:40:00,-5,686252400,18.3,4.14,35.4,42.8,50.4,18.7,19.1
2021-09-29 17:50:00,-5,686253000,16.3,4.12,35.4,42.7,50.5,18.8,19.0
2021-09-29 18:00:00,-5,686253600,15.0,4.12,35.4,42.7,50.5,18.7,18.8
2021-09-29 18:10:00,-5,686254200,14.0,4.12,35.4,42.7,50.5,18.7,19.1
2021-09-29 18:20:00,-5,686254800,13.8,4.12,35.4,42.7,50.5,18.8,19.0
2021-09-29 18:30:00,-5,686255400,13.5,4.12,35.4,42.8,50.5,18.8,19.2
2021-09-29 18:40:00,-5,686256000,13.0,4.12,35.4,42.7,50.5,18.8,19.1
2021-09-29 18:50:00,-5,686256600,12.8,4.12,35.4,42.8,50.5,18.7,19.0
2021-09-29 19:00:00,-5,686257200,13.0,4.12,35.4,42.8,50.5,18.8,19.0
2021-09-29 19:10:00,-5,686257800,13.0,4.12,35.4,42.8,50.4,18.8,19.0
2021-09-29 19:20:00,-5,686258400,13.3,4.12,35.4,42.8,50.5,18.8,19.0
2021-09-29 19:30:00,-5,686259000,13.3,4.12,35.4,42.8,50.5,18.8,19.1
2021-09-29 19:40:00,-5,686259600,13.5,4.12,35.3,42.8,50.5,18.8,19.0
2021-09-29 19:50:00,-5,686260200,13.3,4.12,35.3,42.8,50.5,18.8,19.0
2021-09-29 20:00:00,-5,686260800,13.3,4.12,35.3,42.8,50.5,18.7,19.1
2021-09-29 20:10:00,-5,686261400,13.3,4.12,35.3,42.8,50.5,18.8,19.0
2021-09-29 20:20:00,-5,686262000,13.3,4.12,35.3,42.8,50.4,18.8,19.0
2021-09-29 20:30:00,-5,686262600,13.3,4.12,35.3,42.8,50.4,18.8,19.0
2021-09-29 20:40:00,-5,686263200,13.3,4.12,35.3,42.8,50.5,19.0,19.0
2021-09-29 20:50:00,-5,686263800,13.3,4.12,35.2,42.8,50.4,19.0,19.0
2021-09-29 21:00:00,-5,686264400,13.3,4.12,35.2,42.8,50.4,18.8,19.0
2021-09-29 21:10:00,-5,686265000,13.0,4.12,35.2,42.8,50.5,18.8,19.1
2021-09-29 21:20:00,-5,686265600,13.0,4.12,35.2,42.8,50.5,18.8,19.0
2021-09-29 21:30:00,-5,686266200,13.0,4.12,35.2,42.8,50.5,18.8,19.0
2021-09-29 21:40:00,-5,686266800,13.0,4.12,35.2,42.8,50.5,18.7,19.2
2021-09-29 21:50:00,-5,686267400,13.0,4.12,35.2,42.8,50.5,18.8,19.0
2021-09-29 22:00:00,-5,686268000,13.0,4.12,35.2,42.8,50.5,18.8,19.0
2021-09-29 22:10:00,-5,686268600,13.0,4.12,35.2,42.8,50.5,18.7,19.1
2021-09-29 22:20:00,-5,686269200,13.0,4.12,35.1,42.8,50.5,18.8,19.2
2021-09-29 22:30:00,-5,686269800,13.0,4.12,35.1,42.7,50.5,18.8,19.0
2021-09-29 22:40:00,-5,686270400,13.0,4.12,35.1,42.7,50.5,18.8,19.0
2021-09-29 22:50:00,-5,686271000,13.0,4.11,35.1,42.7,50.5,18.8,19.0
2021-09-29 23:00:00,-5,686271600,13.0,4.11,35.1,42.8,50.4,18.7,19.1
2021-09-29 23:10:00,-5,686272200,13.0,4.11,35.1,42.7,50.5,18.8,19.1
2021-09-29 23:20:00,-5,686272800,13.0,4.11,35.1,42.7,50.5,18.7,19.1
2021-09-29 23:30:00,-5,686273400,13.0,4.11,35.1,42.7,50.5,18.8,19.1
2021-09-29 23:40:00,-5,686274000,13.0,4.11,35.1,42.7,50.5,18.8,19.0
2021-09-29 23:50:00,-5,686274600,13.0,4.11,35.1,42.7,50.5,18.7,19.0
2021-09-30 00:00:00,-5,686275200,13.0,4.11,35.1,42.7,50.5,18.7,19.0
2021-09-30 00:10:00,-5,686275800,12.8,4.11,35.1,42.8,50.4,18.8,19.1
2021-09-30 00:20:00,-5,686276400,12.8,4.11,35.0,42.7,50.5,18.7,19.0
2021-09-30 00:30:00,-5,686277000,12.8,4.11,35.0,42.8,50.4,18.7,19.1
2021-09-30 00:40:00,-5,686277600,12.8,4.11,35.0,42.7,50.5,18.8,19.2
2021-09-30 00:50:00,-5,686278200,12.8,4.11,35.0,42.7,50.5,18.8,19.1
2021-09-30 01:00:00,-5,686278800,12.8,4.11,35.0,42.8,50.4,18.6,19.2
2021-09-30 01:10:00,-5,686279400,12.8,4.11,35.0,42.8,50.4,18.7,19.1
2021-09-30 01:20:00,-5,686280000,12.8,4.11,35.0,42.7,50.5,18.7,19.1
2021-09-30 01:30:00,-5,686280600,12.8,4.11,35.0,42.8,50.4,18.6,19.1
2021-09-30 01:40:00,-5,686281200,12.8,4.11,34.9,42.7,50.5,18.7,19.1
2021-09-30 01:50:00,-5,686281800,12.8,4.11,34.9,42.7,50.5,18.7,19.1
2021-09-30 02:00:00,-5,686282400,12.8,4.11,34.9,42.7,50.5,18.6,19.2
2021-09-30 02:10:00,-5,686283000,12.8,4.11,34.9,42.7,50.4,18.6,19.2
2021-09-30 02:20:00,-5,686283600,12.8,4.11,34.9,42.7,50.4,18.7,19.1
2021-09-30 02:30:00,-5,686284200,12.8,4.11,34.9,42.7,50.5,18.6,19.1
2021-09-30 02:40:00,-5,686284800,12.8,4.11,34.9,42.7,50.5,18.6,19.0
2021-09-30 02:50:00,-5,686285400,12.8,4.11,34.9,42.6,50.5,18.6,19.0
2021-09-30 03:00:00,-5,686286000,12.8,4.11,34.9,42.6,50.5,18.6,19.0
2021-09-30 03:10:00,-5,686286600,12.5,4.11,34.9,42.6,50.5,18.6,19.0
2021-09-30 03:20:00,-5,686287200,12.3,4.11,34.9,42.7,50.4,18.7,19.1
2021-09-30 03:30:00,-5,686287800,11.8,4.09,34.9,42.7,50.4,18.6,19.1
2021-09-30 03:40:00,-5,686288400,11.8,4.09,34.9,42.6,50.5,18.6,19.1
2021-09-30 03:50:00,-5,686289000,11.8,4.09,34.9,42.7,50.4,18.6,19.0
2021-09-30 04:00:00,-5,686289600,11.5,4.09,34.9,42.6,50.5,18.6,19.0
2021-09-30 04:10:00,-5,686290200,11.0,4.09,34.9,42.6,50.5,18.6,19.0
2021-09-30 04:20:00,-5,686290800,10.8,4.09,34.9,42.6,50.5,18.6,19.0
2021-09-30 04:30:00,-5,686291400,10.5,4.09,34.9,42.6,50.5,18.6,19.2
2021-09-30 04:40:00,-5,686292000,10.3,4.09,34.8,42.6,50.5,18.6,19.1
2021-09-30 04:50:00,-5,686292600,10.0,4.09,34.8,42.6,50.5,18.6,19.1
2021-09-30 05:00:00,-5,686293200,10.0,4.09,34.8,42.6,50.5,18.5,19.0
2021-09-30 05:10:00,-5,686293800,10.0,4.09,34.8,42.6,50.5,18.6,19.1
2021-09-30 05:20:00,-5,686294400,9.8,4.09,34.8,42.6,50.5,18.6,19.0
2021-09-30 05:30:00,-5,686295000,10.0,4.09,34.8,42.6,50.5,18.4,19.0
2021-09-30 05:40:00,-5,686295600,10.3,4.09,34.8,42.6,50.5,18.4,19.1
2021-09-30 05:50:00,-5,686296200,10.0,4.09,34.8,42.6,50.5,18.5,19.0
2021-09-30 06:00:00,-5,686296800,9.3,4.09,34.8,42.6,50.5,18.5,19.0
2021-09-30 06:10:00,-5,686297400,9.5,4.09,34.8,42.5,50.5,18.3,19.1
2021-09-30 06:20:00,-5,686298000,9.3,4.09,34.8,42.5,50.5,18.5,19.0
2021-09-30 06:30:00,-5,686298600,9.5,4.09,34.7,42.5,50.5,18.5,19.0
2021-09-30 06:40:00,-5,686299200,10.0,4.09,34.7,42.5,50.5,18.5,19.1
2021-09-30 06:50:00,-5,686299800,10.3,4.09,34.7,42.5,50.5,18.5,19.1
2021-09-30 07:00:00,-5,686300400,12.5,4.11,34.7,42.5,50.5,18.5,19.0
2021-09-30 07:10:00,-5,686301000,13.8,4.09,34.7,42.5,50.5,18.3,19.0
2021-09-30 07:20:00,-5,686301600,14.5,4.12,34.7,42.5,50.5,18.3,19.1
2021-09-30 07:30:00,-5,686302200,17.0,4.12,34.7,42.5,50.5,18.4,19.1
2021-09-30 07:40:00,-5,686302800,21.0,4.14,34.7,42.5,50.5,18.3,19.0
2021-09-30 07:50:00,-5,686303400,24.8,4.14,34.6,42.5,50.5,18.3,19.0
2021-09-30 08:00:00,-5,686304000,27.5,4.14,34.6,42.5,50.5,18.4,19.0
2021-09-30 08:10:00,-5,686304600,28.0,4.12,34.6,42.5,50.5,18.3,19.0
2021-09-30 08:20:00,-5,686305200,29.0,4.14,34.6,42.5,50.5,18.3,19.0
2021-09-30 08:30:00,-5,686305800,28.5,4.14,34.6,42.4,50.5,18.3,19.0
2021-09-30 08:40:00,-5,686306400,31.3,4.14,34.6,42.4,50.5,18.3,19.0
2021-09-30 08:50:00,-5,686307000,33.5,4.14,34.6,42.4,50.4,18.2,19.1
2021-09-30 09:00:00,-5,686307600,34.8,4.14,34.6,42.4,50.4,18.2,18.7
2021-09-30 09:10:00,-5,686308200,36.5,4.14,34.6,42.4,50.4,18.1,19.0
2021-09-30 09:20:00,-5,686308800,37.8,4.14,34.6,42.4,50.4,18.2,19.0
2021-09-30 09:30:00,-5,686309400,38.0,4.14,34.6,42.4,50.4,18.3,19.1
2021-09-30 09:40:00,-5,686310000,39.0,4.14,34.6,42.4,50.4,18.3,18.7
2021-09-30 09:50:00,-5,686310600,39.0,4.14,34.6,42.4,50.4,18.2,19.0
2021-09-30 10:00:00,-5,686311200,37.8,4.14,34.6,42.4,50.4,18.3,19.0
2021-09-30 10:10:00,-5,686311800,39.0,4.14,34.6,42.4,50.4,18.2,18.8
2021-09-30 10:20:00,-5,686312400,40.3,4.14,34.6,42.4,50.4,18.2,19.0
2021-09-30 10:30:00,-5,686313000,41.3,4.14,34.6,42.4,50.4,18.2,18.7
2021-09-30 10:40:00,-5,686313600,40.5,4.14,34.6,42.4,50.3,18.3,18.8
2021-09-30 10:50:00,-5,686314200,39.8,4.14,34.7,42.4,50.4,18.2,18.8
2021-09-30 11:00:00,-5,686314800,32.3,4.14,34.7,42.4,50.4,18.2,19.0
2021-09-30 11:10:00,-5,686315400,32.5,4.14,34.7,42.4,50.4,18.3,18.8
2021-09-30 11:20:00,-5,686316000,31.8,4.14,34.7,42.4,50.4,18.2,19.0
2021-09-30 11:30:00,-5,686316600,37.5,4.14,34.7,42.4,50.3,18.3,18.8
2021-09-30 11:40:00,-5,686317200,39.0,4.14,34.7,42.4,50.3,18.3,19.1
2021-09-30 11:50:00,-5,686317800,29.0,4.14,34.8,42.4,50.4,18.2,18.7
2021-09-30 12:00:00,-5,686318400,32.3,4.14,34.8,42.4,50.3,18.2,18.7
2021-09-30 12:10:00,-5,686319000,27.3,4.14,34.8,42.4,50.3,18.2,18.8
2021-09-30 12:20:00,-5,686319600,27.0,4.14,34.8,42.4,50.3,18.3,18.8
2021-09-30 12:30:00,-5,686320200,28.3,4.14,34.8,42.4,50.4,18.3,19.1
2021-09-30 12:40:00,-5,686320800,27.5,4.14,34.8,42.4,50.4,18.2,18.6
2021-09-30 12:50:00,-5,686321400,29.3,4.14,34.8,42.4,50.4,18.2,19.0
2021-09-30 13:00:00,-5,686322000,28.8,4.14,34.8,42.4,50.4,18.2,19.0
2021-09-30 13:10:00,-5,686322600,27.3,4.14,34.8,42.4,50.4,18.2,18.7
2021-09-30 13:20:00,-5,686323200,26.5,4.14,34.8,42.4,50.4,18.3,19.1
2021-09-30 13:30:00,-5,686323800,24.0,4.14,34.8,42.4,50.4,18.3,18.8
2021-09-30 13:40:00,-5,686324400,23.3,4.14,34.8,42.4,50.4,18.2,18.7
2021-09-30 13:50:00,-5,686325000,22.8,4.15,34.8,42.4,50.4,18.2,18.7
2021-09-30 14:00:00,-5,686325600,28.8,4.14,34.9,42.4,50.4,18.4,19.0
2021-09-30 14:10:00,-5,686326200,30.5,4.14,34.9,42.4,50.4,18.3,18.6
2021-09-30 14:20:00,-5,686326800,26.5,4.14,34.9,42.4,50.4,18.2,18.7
2021-09-30 14:30:00,-5,686327400,24.0,4.15,34.9,42.4,50.4,18.3,18.8
2021-09-30 14:40:00,-5,686328000,27.0,4.14,34.9,42.4,50.4,18.3,19.0
2021-09-30 14:50:00,-5,686328600,30.0,4.15,34.9,42.4,50.4,18.4,18.7
2021-09-30 15:00:00,-5,686329200,29.3,4.14,34.9,42.4,50.3,18.3,18.8
2021-09-30 15:10:00,-5,686329800,25.0,4.14,35.0,42.4,50.2,18.3,18.8
2021-09-30 15:20:00,-5,686330400,22.5,4.14,35.0,42.4,50.2,18.4,19.0
2021-09-30 15:30:00,-5,686331000,21.8,4.14,35.0,42.4,50.3,18.3,19.1
2021-09-30 15:40:00,-5,686331600,21.8,4.14,35.0,42.4,50.2,18.5,18.7
2021-09-30 15:50:00,-5,686332200,21.8,4.14,35.0,42.4,50.3,18.4,19.1
2021-09-30 16:00:00,-5,686332800,20.0,4.14,35.0,42.4,50.3,18.5,18.8
2021-09-30 16:10:00,-5,686333400,20.8,4.15,35.0,42.4,50.3,18.6,18.7
2021-09-30 16:20:00,-5,686334000,20.3,4.14,35.0,42.5,50.2,18.5,18.8
2021-09-30 16:30:00,-5,686334600,20.0,4.15,35.0,42.4,50.3,18.5,18.8
2021-09-30 16:40:00,-5,686335200,19.5,4.14,35.0,42.4,50.3,18.5,18.7
2021-09-30 16:50:00,-5,686335800,19.3,4.14,35.0,42.5,50.2,18.5,19.0
2021-09-30 17:00:00,-5,686336400,18.5,4.14,35.0,42.5,50.2,18.5,18.8
2021-09-30 17:10:00,-5,686337000,17.8,4.14,35.0,42.4,50.3,18.5,18.7
2021-09-30 17:20:00,-5,686337600,17.8,4.14,35.0,42.5,50.2,18.6,18.8
2021-09-30 17:30:00,-5,686338200,16.0,4.14,35.0,42.5,50.2,18.5,18.8
2021-09-30 17:40:00,-5,686338800,14.8,4.14,35.0,42.4,50.3,18.5,18.7
2021-09-30 17:50:00,-5,686339400,13.8,4.14,35.0,42.5,50.2,18.5,19.1
2021-09-30 18:00:00,-5,686340000,13.3,4.14,35.0,42.4,50.3,18.6,18.7
2021-09-30 18:10:00,-5,686340600,13.0,4.14,35.0,42.4,50.3,18.5,18.8
2021-09-30 18:20:00,-5,686341200,13.0,4.14,35.0,42.4,50.3,18.6,18.7
2021-09-30 18:30:00,-5,686341800,13.3,4.14,34.9,42.4,50.3,18.6,19.0
2021-09-30 18:40:00,-5,686342400,13.0,4.14,34.9,42.4,50.3,18.6,18.6
2021-09-30 18:50:00,-5,686343000,13.3,4.14,34.9,42.4,50.3,18.6,19.1
2021-09-30 19:00:00,-5,686343600,13.5,4.14,34.9,42.4,50.3,18.5,19.1
2021-09-30 19:10:00,-5,686344200,13.3,4.14,34.9,42.4,50.3,18.6,19.1
2021-09-30 19:20:00,-5,686344800,13.0,4.14,34.9,42.4,50.3,18.6,18.8
2021-09-30 19:30:00,-5,686345400,12.5,4.14,34.9,42.4,50.3,18.6,18.8
2021-09-30 19:40:00,-5,686346000,11.5,4.12,34.9,42.4,50.3,18.6,19.0
2021-09-30 19:50:00,-5,686346600,11.5,4.12,34.9,42.4,50.3,18.6,18.7
2021-09-30 20:00:00,-5,686347200,11.5,4.12,34.9,42.4,50.3,18.6,18.8
2021-09-30 20:10:00,-5,686347800,11.3,4.12,34.8,42.5,50.2,18.5,18.7
2021-09-30 20:20:00,-5,686348400,11.0,4.12,34.8,42.4,50.3,18.6,19.1
2021-09-30 20:30:00,-5,686349000,10.5,4.12,34.8,42.4,50.3,18.6,18.8
2021-09-30 20:40:00,-5,686349600,10.0,4.12,34.8,42.4,50.3,18.6,19.0
2021-09-30 20:50:00,-5,686350200,9.8,4.12,34.8,42.4,50.3,18.6,19.0
2021-09-30 21:00:00,-5,686350800,9.8,4.12,34.8,42.4,50.3,18.5,19.1
2021-09-30 21:10:00,-5,686351400,9.8,4.12,34.8,42.4,50.3,18.6,19.1
2021-09-30 21:20:00,-5,686352000,9.5,4.12,34.7,42.4,50.3,18.5,19.1
2021-09-30 21:30:00,-5,686352600,9.8,4.12,34.7,42.4,50.3,18.6,18.7
2021-09-30 21:40:00,-5,686353200,9.8,4.12,34.7,42.4,50.3,18.5,18.8
2021-09-30 21:50:00,-5,686353800,9.5,4.12,34.7,42.4,50.3,18.5,18.8
2021-09-30 22:00:00,-5,686354400,9.5,4.12,34.7,42.4,50.3,18.5,18.8
2021-09-30 22:10:00,-5,686355000,9.3,4.12,34.7,42.4,50.3,18.5,18.8
2021-09-30 22:20:00,-5,686355600,9.0,4.12,34.7,42.4,50.3,18.5,19.0
2021-09-30 22:30:00,-5,686356200,8.8,4.12,34.6,42.3,50.3,18.5,18.7
2021-09-30 22:40:00,-5,686356800,9.3,4.12,34.6,42.4,50.2,18.5,19.1
2021-09-30 22:50:00,-5,686357400,9.3,4.12,34.6,42.4,50.3,18.5,18.7
2021-09-30 23:00:00,-5,686358000,8.8,4.12,34.6,42.4,50.2,18.5,18.7
2021-09-30 23:10:00,-5,686358600,8.8,4.12,34.6,42.3,50.3,18.5,19.1
2021-09-30 23:20:00,-5,686359200,9.0,4.12,34.6,42.3,50.3,18.5,19.1
2021-09-30 23:30:00,-5,686359800,8.8,4.12,34.6,42.3,50.3,18.3,19.1
2021-09-30 23:40:00,-5,686360400,8.5,4.12,34.5,42.3,50.3,18.3,19.1
2021-09-30 23:50:00,-5,686361000,8.5,4.11,34.5,42.3,50.3,18.3,18.7
2021-10-01 00:00:00,-5,686361600,8.5,4.11,34.5,42.3,50.3,18.3,18.7
2021-10-01 00:10:00,-5,686362200,8.3,4.11,34.5,42.3,50.3,18.3,19.0
2021-10-01 00:20:00,-5,686362800,8.0,4.11,34.5,42.3,50.3,18.2,19.0
2021-10-01 00:30:00,-5,686363400,7.8,4.11,34.5,42.4,50.2,18.2,19.1
2021-10-01 00:40:00,-5,686364000,8.0,4.11,34.5,42.3,50.3,18.2,18.8
2021-10-01 00:50:00,-5,686364600,8.0,4.11,34.5,42.3,50.3,18.2,18.8
2021-10-01 01:00:00,-5,686365200,8.0,4.11,34.4,42.3,50.2,18.2,18.7
2021-10-01 01:10:00,-5,686365800,8.0,4.11,34.4,42.3,50.3,18.3,18.7
2021-10-01 01:20:00,-5,686366400,8.0,4.11,34.4,42.3,50.2,18.3,18.7
2021-10-01 01:30:00,-5,686367000,7.5,4.11,34.4,42.2,50.3,18.2,19.1
2021-10-01 01:40:00,-5,686367600,7.3,4.11,34.4,42.2,50.3,18.1,19.1
2021-10-01 01:50:00,-5,686368200,7.3,4.11,34.4,42.2,50.3,18.2,18.8
2021-10-01 02:00:00,-5,686368800,7.0,4.11,34.3,42.2,50.3,18.2,18.8
2021-10-01 02:10:00,-5,686369400,6.8,4.11,34.3,42.2,50.3,18.2,18.8
2021-10-01 02:20:00,-5,686370000,6.8,4.11,34.3,42.2,50.3,18.1,18.8
2021-10-01 02:30:00,-5,686370600,6.8,4.11,34.3,42.2,50.3,18.1,18.7
2021-10-01 02:40:00,-5,686371200,6.8,4.11,34.3,42.2,50.3,18.2,18.8
2021-10-01 02:50:00,-5,686371800,6.5,4.11,34.3,42.2,50.3,18.1,18.7
2021-10-01 03:00:00,-5,686372400,6.0,4.11,34.3,42.2,50.3,18.0,19.0
2021-10-01 03:10:00,-5,686373000,6.0,4.11,34.2,42.2,50.3,18.1,18.8
2021-10-01 03:20:00,-5,686373600,5.8,4.11,34.2,42.2,50.2,18.1,18.8
2021-10-01 03:30:00,-5,686374200,6.0,4.11,34.2,42.1,50.2,18.1,18.8
2021-10-01 03:40:00,-5,686374800,6.3,4.11,34.2,42.1,50.2,18.0,18.8
2021-10-01 03:50:00,-5,686375400,6.5,4.11,34.2,42.1,50.2,18.0,18.8
2021-10-01 04:00:00,-5,686376000,6.5,4.11,34.2,42.1,50.3,17.8,18.7
2021-10-01 04:10:00,-5,686376600,6.3,4.11,34.2,42.1,50.3,18.0,18.7
2021-10-01 04:20:00,-5,686377200,6.0,4.11,34.1,42.2,50.2,17.8,18.7
2021-10-01 04:30:00,-5,686377800,5.8,4.09,34.1,42.1,50.3,18.0,18.8
2021-10-01 04:40:00,-5,686378400,5.5,4.09,34.1,42.1,50.3,17.8,19.0
2021-10-01 04:50:00,-5,686379000,6.0,4.09,34.1,42.1,50.2,17.8,18.6
2021-10-01 05:00:00,-5,686379600,5.5,4.09,34.1,42.1,50.2,17.8,18.6
2021-10-01 05:10:00,-5,686380200,4.8,4.09,34.1,42.1,50.3,18.0,18.7
2021-10-01 05:20:00,-5,686380800,5.0,4.09,34.1,42.1,50.2,17.8,18.7
2021-10-01 05:30:00,-5,686381400,5.5,4.09,34.0,42.1,50.2,17.8,18.6
2021-10-01 05:40:00,-5,686382000,5.5,4.09,34.0,42.0,50.2,17.8,18.6
2021-10-01 05:50:00,-5,686382600,5.3,4.09,34.0,42.0,50.2,17.7,18.7
2021-10-01 06:00:00,-5,686383200,5.5,4.09,34.0,42.0,50.2,17.6,18.7
2021-10-01 06:10:00,-5,686383800,5.5,4.09,34.0,42.0,50.2,17.7,18.6
2021-10-01 06:20:00,-5,686384400,6.3,4.09,33.9,42.0,50.2,17.7,18.7
2021-10-01 06:30:00,-5,686385000,6.0,4.09,33.9,42.0,50.2,17.7,18.7
2021-10-01 06:40:00,-5,686385600,5.8,4.09,33.9,42.0,50.2,17.6,18.7
2021-10-01 06:50:00,-5,686386200,6.0,4.09,33.9,42.0,50.1,17.7,18.7
2021-10-01 07:00:00,-5,686386800,8.0,4.12,33.9,42.0,50.1,17.5,18.6
2021-10-01 07:10:00,-5,686387400,12.8,4.12,33.9,41.9,50.2,17.6,18.7
2021-10-01 07:20:00,-5,686388000,16.8,4.14,33.9,41.9,50.2,17.6,18.6
2021-10-01 07:30:00,-5,686388600,19.5,4.14,33.9,41.9,50.2,17.6,18.7
2021-10-01 07:40:00,-5,686389200,21.5,4.14,33.9,41.9,50.2,17.5,18.6
2021-10-01 07:50:00,-5,686389800,23.5,4.14,33.8,41.9,50.2,17.5,18.7
2021-10-01 08:00:00,-5,686390400,25.5,4.14,33.8,41.9,50.2,17.3,18.7
2021-10-01 08:10:00,-5,686391000,27.3,4.14,33.8,41.9,50.2,17.3,18.5
2021-10-01 08:20:00,-5,686391600,28.5,4.14,33.8,41.9,50.2,17.6,18.7
2021-10-01 08:30:00,-5,686392200,29.0,4.14,33.8,41.9,50.2,17.5,18.7
2021-10-01 08:40:00,-5,686392800,30.0,4.14,33.8,41.9,50.1,17.5,18.8
2021-10-01 08:50:00,-5,686393400,31.8,4.14,33.8,41.9,50.1,17.4,18.6
2021-10-01 09:00:00,-5,686394000,33.5,4.14,33.8,41.8,50.2,17.3,18.6
2021-10-01 09:10:00,-5,686394600,34.0,4.14,33.8,41.9,50.1,17.5,18.5
2021-10-01 09:20:00,-5,686395200,36.0,4.14,33.8,41.8,50.1,17.3,18.5
2021-10-01 09:30:00,-5,686395800,38.0,4.14,33.8,41.8,50.1,17.2,18.7
2021-10-01 09:40:00,-5,686396400,39.0,4.14,33.8,41.8,50.1,17.1,18.7
2021-10-01 09:50:00,-5,686397000,39.5,4.14,33.8,41.8,50.1,17.2,18.5
2021-10-01 10:00:00,-5,686397600,39.5,4.14,33.8,41.8,50.1,17.2,18.5
2021-10-01 10:10:00,-5,686398200,39.8,4.14,33.8,41.8,50.1,17.3,18.5
2021-10-01 10:20:00,-5,686398800,40.8,4.14,33.8,41.8,50.1,17.3,18.5
2021-10-01 10:30:00,-5,686399400,41.5,4.14,33.8,41.8,50.0,17.4,18.6
2021-10-01 10:40:00,-5,686400000,42.3,4.14,33.8,41.8,50.0,17.2,18.7
2021-10-01 10:50:00,-5,686400600,42.8,4.14,33.9,41.8,50.1,17.2,18.5
2021-10-01 11:00:00,-5,686401200,43.5,4.14,33.9,41.7,50.1,17.3,18.5
2021-10-01 11:10:00,-5,686401800,42.5,4.14,33.9,41.7,50.1,17.1,18.6
2021-10-01 11:20:00,-5,686402400,43.3,4.14,33.9,41.7,50.1,17.1,18.5
2021-10-01 11:30:00,-5,686403000,43.0,4.14,33.9,41.8,50.0,17.3,18.6
2021-10-01 11:40:00,-5,686403600,42.3,4.14,33.9,41.7,50.1,17.2,18.4
2021-10-01 11:50:00,-5,686404200,41.5,4.14,33.9,41.7,50.1,17.1,18.5
2021-10-01 12:00:00,-5,686404800,41.8,4.14,34.0,41.7,50.1,17.2,18.6
2021-10-01 12:10:00,-5,686405400,41.5,4.14,34.0,41.7,50.1,17.1,18.5
2021-10-01 12:20:00,-5,686406000,41.3,4.14,34.0,41.7,50.1,17.2,18.4
2021-10-01 12:30:00,-5,686406600,40.3,4.14,34.0,41.8,50.0,17.2,18.4
2021-10-01 12:40:00,-5,686407200,40.3,4.14,34.1,41.8,50.0,17.2,18.4
2021-10-01 12:50:00,-5,686407800,40.5,4.14,34.0,41.8,50.0,17.3,18.4
2021-10-01 13:00:00,-5,686408400,40.3,4.14,34.1,41.8,50.0,17.3,18.6
2021-10-01 13:10:00,-5,686409000,38.0,4.14,34.1,41.7,50.0,17.1,18.4
2021-10-01 13:20:00,-5,686409600,37.5,4.14,34.1,41.8,50.0,17.4,18.4
2021-10-01 13:30:00,-5,686410200,37.0,4.14,34.1,41.7,50.1,17.3,18.3
2021-10-01 13:40:00,-5,686410800,37.0,4.14,34.2,41.7,50.0,17.2,18.5
2021-10-01 13:50:00,-5,686411400,35.5,4.14,34.2,41.7,50.0,17.4,18.5
2021-10-01 14:00:00,-5,686412000,34.3,4.14,34.2,41.7,50.0,17.4,18.3
2021-10-01 14:10:00,-5,686412600,33.0,4.14,34.2,41.7,50.0,17.3,18.4
2021-10-01 14:20:00,-5,686413200,32.3,4.14,34.2,41.8,50.0,17.4,18.3
2021-10-01 14:30:00,-5,686413800,31.5,4.14,34.3,41.7,50.0,17.5,18.3
2021-10-01 14:40:00,-5,686414400,30.8,4.14,34.3,41.8,50.0,17.5,18.3
2021-10-01 14:50:00,-5,686415000,30.0,4.14,34.3,41.7,50.0,17.2,18.3
2021-10-01 15:00:00,-5,686415600,29.5,4.14,34.3,41.7,50.0,17.4,18.4
2021-10-01 15:10:00,-5,686416200,29.5,4.14,34.3,41.7,50.0,17.4,18.2
2021-10-01 15:20:00,-5,686416800,29.5,4.14,34.4,41.8,50.0,17.6,18.3
2021-10-01 15:30:00,-5,686417400,28.0,4.14,34.4,41.8,50.0,17.7,18.2
2021-10-01 15:40:00,-5,686418000,27.8,4.14,34.4,41.8,50.0,17.7,18.2
2021-10-01 15:50:00,-5,686418600,26.8,4.14,34.4,41.8,50.0,17.6,18.4
2021-10-01 16:00:00,-5,686419200,26.5,4.14,34.5,41.8,50.0,17.7,18.3
2021-10-01 16:10:00,-5,686419800,26.0,4.14,34.5,41.8,50.0,17.7,18.3
2021-10-01 16:20:00,-5,686420400,25.0,4.14,34.5,41.8,50.0,17.8,18.2
2021-10-01 16:30:00,-5,686421000,24.3,4.14,34.5,41.8,50.0,17.7,18.2
2021-10-01 16:40:00,-5,686421600,23.3,4.14,34.5,41.8,50.0,17.8,18.2
2021-10-01 16:50:00,-5,686422200,23.0,4.14,34.5,41.9,50.0,17.8,18.4
2021-10-01 17:00:00,-5,686422800,22.5,4.14,34.5,41.8,50.0,17.7,18.2
2021-10-01 17:10:00,-5,686423400,21.8,4.14,34.5,41.9,50.0,17.7,18.4
2021-10-01 17:20:00,-5,686424000,20.5,4.14,34.5,41.8,50.0,17.8,18.3
2021-10-01 17:30:00,-5,686424600,19.0,4.14,34.5,41.8,50.0,17.9,18.2
2021-10-01 17:40:00,-5,686425200,17.3,4.14,34.5,41.8,50.0,17.7,18.2
2021-10-01 17:50:00,-5,686425800,15.3,4.14,34.5,41.9,50.0,18.0,18.2
2021-10-01 18:00:00,-5,686426400,14.3,4.14,34.5,41.9,49.9,17.8,18.3
2021-10-01 18:10:00,-5,686427000,13.3,4.14,34.5,41.9,50.0,17.8,18.2
2021-10-01 18:20:00,-5,686427600,12.3,4.12,34.5,41.9,50.0,18.0,18.3
2021-10-01 18:30:00,-5,686428200,12.3,4.12,34.5,41.9,50.0,18.0,18.3
2021-10-01 18:40:00,-5,686428800,11.5,4.12,34.5,41.9,50.0,18.0,18.4
2021-10-01 18:50:00,-5,686429400,11.3,4.12,34.5,41.9,50.0,18.0,18.2
2021-10-01 19:00:00,-5,686430000,11.0,4.12,34.5,41.9,50.0,18.1,18.2
2021-10-01 19:10:00,-5,686430600,10.8,4.12,34.5,41.9,50.0,18.1,18.2
2021-10-01 19:20:00,-5,686431200,10.8,4.12,34.5,41.9,50.0,18.0,18.3
2021-10-01 19:30:00,-5,686431800,10.0,4.12,34.5,41.9,50.0,18.0,18.3
2021-10-01 19:40:00,-5,686432400,9.8,4.12,34.4,41.9,50.0,18.0,18.4
2021-10-01 19:50:00,-5,686433000,10.0,4.12,34.4,41.9,50.0,18.0,18.3
2021-10-01 20:00:00,-5,686433600,10.0,4.12,34.4,41.9,50.0,18.1,18.2
2021-10-01 20:10:00,-5,686434200,9.8,4.12,34.4,41.9,50.0,18.1,18.2
2021-10-01 20:20:00,-5,686434800,9.5,4.12,34.4,41.9,50.0,17.9,18.2
2021-10-01 20:30:00,-5,686435400,9.5,4.12,34.4,41.9,50.0,18.1,18.2
2021-10-01 20:40:00,-5,686436000,9.8,4.12,34.4,41.9,49.9,18.0,18.2
2021-10-01 20:50:00,-5,686436600,10.0,4.12,34.3,41.9,50.0,18.0,18.3
2021-10-01 21:00:00,-5,686437200,9.8,4.12,34.3,41.9,50.0,18.0,18.4
2021-10-01 21:10:00,-5,686437800,9.5,4.12,34.3,41.9,50.0,18.1,18.4
2021-10-01 21:20:00,-5,686438400,9.0,4.12,34.3,41.9,50.0,18.0,18.4
2021-10-01 21:30:00,-5,686439000,9.0,4.12,34.3,41.9,50.0,18.0,18.3
2021-10-01 21:40:00,-5,686439600,9.3,4.12,34.3,41.9,50.0,18.0,18.3
2021-10-01 21:50:00,-5,686440200,8.8,4.12,34.2,41.9,50.0,17.9,18.3
2021-10-01 22:00:00,-5,686440800,8.3,4.12,34.2,41.9,50.0,18.0,18.5
2021-10-01 22:10:00,-5,686441400,8.5,4.12,34.2,41.9,50.0,17.8,18.3
2021-10-01 22:20:00,-5,686442000,8.8,4.12,34.2,41.9,50.0,17.8,18.3
2021-10-01 22:30:00,-5,686442600,8.3,4.11,34.2,41.9,50.0,17.8,18.3
2021-10-01 22:40:00,-5,686443200,7.5,4.11,34.2,41.9,50.0,18.0,18.4
2021-10-01 22:50:00,-5,686443800,7.5,4.11,34.1,41.9,50.0,18.0,18.4
2021-10-01 23:00:00,-5,686444400,8.0,4.11,34.1,41.9,50.0,18.0,18.4
2021-10-01 23:10:00,-5,686445000,8.3,4.11,34.1,41.9,50.0,17.8,18.3
2021-10-01 23:20:00,-5,686445600,8.3,4.11,34.1,41.9,50.0,18.0,18.2
2021-10-01 23:30:00,-5,686446200,7.8,4.11,34.1,41.8,50.0,17.8,18.4
2021-10-01 23:40:00,-5,686446800,7.0,4.11,34.1,41.8,50.0,17.8,18.3
2021-10-01 23:50:00,-5,686447400,7.3,4.11,34.1,41.8,50.0,17.8,18.2
2021-10-02 00:00:00,-5,686448000,7.3,4.11,34.1,41.8,50.0,17.7,18.3
2021-10-02 00:10:00,-5,686448600,7.3,4.11,34.0,41.8,50.0,17.6,18.4
2021-10-02 00:20:00,-5,686449200,7.5,4.11,34.0,41.8,50.0,17.6,18.2
2021-10-02 00:30:00,-5,686449800,7.8,4.11,34.0,41.8,50.0,17.7,18.4
2021-10-02 00:40:00,-5,686450400,7.5,4.11,33.9,41.8,50.0,17.7,18.2
2021-10-02 00:50:00,-5,686451000,7.5,4.11,33.9,41.8,50.0,17.7,18.3
2021-10-02 01:00:00,-5,686451600,7.5,4.11,33.9,41.8,50.0,17.7,18.4
2021-10-02 01:10:00,-5,686452200,7.5,4.11,33.9,41.8,49.9,17.7,18.4
2021-10-02 01:20:00,-5,686452800,6.8,4.11,33.9,41.8,50.0,17.7,18.4
2021-10-02 01:30:00,-5,686453400,6.3,4.11,33.9,41.8,50.0,17.6,18.3
2021-10-02 01:40:00,-5,686454000,6.5,4.11,33.9,41.7,50.0,17.7,18.3
2021-10-02 01:50:00,-5,686454600,6.5,4.11,33.9,41.8,50.0,17.6,18.2
2021-10-02 02:00:00,-5,686455200,6.3,4.11,33.8,41.7,50.0,17.6,18.4
2021-10-02 02:10:00,-5,686455800,6.3,4.11,33.8,41.7,50.0,17.4,18.3
2021-10-02 02:20:00,-5,686456400,6.5,4.11,33.8,41.7,50.0,17.6,18.4
2021-10-02 02:30:00,-5,686457000,6.3,4.11,33.8,41.8,49.9,17.7,18.4
2021-10-02 02:40:00,-5,686457600,6.3,4.11,33.8,41.7,50.0,17.5,18.4
2021-10-02 02:50:00,-5,686458200,6.3,4.11,33.7,41.7,50.0,17.3,18.2
2021-10-02 03:00:00,-5,686458800,6.0,4.11,33.7,41.7,50.0,17.5,18.3
2021-10-02 03:10:00,-5,686459400,6.3,4.09,33.7,41.8,49.9,17.5,18.1
2021-10-02 03:20:00,-5,686460000,6.5,4.09,33.7,41.7,50.0,17.5,18.1
2021-10-02 03:30:00,-5,686460600,6.8,4.09,33.7,41.7,50.0,17.5,18.2
2021-10-02 03:40:00,-5,686461200,6.5,4.09,33.7,41.7,50.0,17.4,18.3
2021-10-02 03:50:00,-5,686461800,6.0,4.09,33.7,41.7,49.9,17.5,18.2
2021-10-02 04:00:00,-5,686462400,6.3,4.09,33.7,41.7,50.0,17.4,18.3
2021-10-02 04:10:00,-5,686463000,6.5,4.09,33.6,41.7,49.9,17.3,18.2
2021-10-02 04:20:00,-5,686463600,6.5,4.09,33.6,41.6,50.0,17.3,18.3
2021-10-02 04:30:00,-5,686464200,6.0,4.09,33.6,41.6,50.0,17.2,18.3
2021-10-02 04:40:00,-5,686464800,6.0,4.09,33.6,41.6,50.0,17.1,18.1
2021-10-02 04:50:00,-5,686465400,5.8,4.09,33.6,41.6,50.0,17.3,18.3
2021-10-02 05:00:00,-5,686466000,6.0,4.09,33.6,41.6,50.0,17.3,18.3
2021-10-02 05:10:00,-5,686466600,6.0,4.09,33.6,41.7,49.9,17.3,18.3
2021-10-02 05:20:00,-5,686467200,5.8,4.09,33.6,41.6,50.0,17.2,18.3
2021-10-02 05:30:00,-5,686467800,5.5,4.09,33.6,41.6,50.0,17.1,18.3
2021-10-02 05:40:00,-5,686468400,5.3,4.09,33.5,41.6,50.0,17.2,18.3
2021-10-02 05:50:00,-5,686469000,5.3,4.09,33.5,41.6,50.0,17.1,18.2
2021-10-02 06:00:00,-5,686469600,5.5,4.09,33.5,41.6,50.0,17.0,18.3
2021-10-02 06:10:00,-5,686470200,5.8,4.09,33.5,41.6,49.9,17.1,18.2
2021-10-02 06:20:00,-5,686470800,5.8,4.09,33.5,41.6,50.0,17.0,18.2
2021-10-02 06:30:00,-5,686471400,5.8,4.09,33.5,41.6,50.0,17.2,18.2
2021-10-02 06:40:00,-5,686472000,6.0,4.09,33.5,41.6,50.0,17.1,18.1
2021-10-02 06:50:00,-5,686472600,6.3,4.09,33.4,41.6,50.0,17.0,18.1
2021-10-02 07:00:00,-5,686473200,8.0,4.11,33.4,41.6,50.0,16.8,18.2
2021-10-02 07:10:00,-5,686473800,12.8,4.12,33.4,41.6,50.0,17.0,18.1
2021-10-02 07:20:00,-5,686474400,16.5,4.14,33.4,41.6,49.8,17.0,18.2
2021-10-02 07:30:00,-5,686475000,19.5,4.14,33.4,41.6,49.8,17.1,18.1
2021-10-02 07:40:00,-5,686475600,21.3,4.14,33.4,41.6,49.9,17.0,18.2
2021-10-02 07:50:00,-5,686476200,24.0,4.14,33.4,41.6,49.9,17.0,18.2
2021-10-02 08:00:00,-5,686476800,27.3,4.14,33.4,41.6,49.9,16.9,18.2
2021-10-02 08:10:00,-5,686477400,28.8,4.14,33.4,41.6,49.9,16.8,18.2
2021-10-02 08:20:00,-5,686478000,28.5,4.14,33.4,41.6,49.9,16.7,18.1
2021-10-02 08:30:00,-5,686478600,31.0,4.14,33.4,41.5,49.9,16.7,18.3
2021-10-02 08:40:00,-5,686479200,31.5,4.14,33.4,41.5,49.9,16.7,18.1
2021-10-02 08:50:00,-5,686479800,32.8,4.14,33.4,41.5,49.9,16.8,18.1
2021-10-02 09:00:00,-5,686480400,33.5,4.14,33.4,41.5,49.9,16.7,18.2
2021-10-02 09:10:00,-5,686481000,33.5,4.14,33.4,41.5,49.9,16.7,18.1
2021-10-02 09:20:00,-5,686481600,34.8,4.14,33.4,41.5,49.9,16.8,18.0
2021-10-02 09:30:00,-5,686482200,37.0,4.14,33.4,41.5,49.9,16.7,18.2
2021-10-02 09:40:00,-5,686482800,37.5,4.14,33.4,41.5,49.9,16.8,18.0
2021-10-02 09:50:00,-5,686483400,38.0,4.14,33.4,41.5,49.9,16.7,18.1
2021-10-02 10:00:00,-5,686484000,37.5,4.14,33.4,41.5,49.9,16.8,18.1
2021-10-02 10:10:00,-5,686484600,38.0,4.14,33.4,41.5,49.9,16.6,18.1
2021-10-02 10:20:00,-5,686485200,38.0,4.14,33.5,41.5,49.9,16.7,18.0
2021-10-02 10:30:00,-5,686485800,37.5,4.14,33.5,41.5,49.9,16.6,18.0
2021-10-02 10:40:00,-5,686486400,38.5,4.14,33.5,41.4,49.8,16.8,18.0
2021-10-02 10:50:00,-5,686487000,39.5,4.14,33.5,41.4,49.9,16.6,17.7
2021-10-02 11:00:00,-5,686487600,39.0,4.14,33.5,41.4,49.8,16.7,18.1
2021-10-02 11:10:00,-5,686488200,38.8,4.14,33.6,41.4,49.8,16.6,18.0
2021-10-02 11:20:00,-5,686488800,38.3,4.14,33.6,41.4,49.8,16.7,18.1
2021-10-02 11:30:00,-5,686489400,38.0,4.14,33.6,41.4,49.8,16.7,18.0
2021-10-02 11:40:00,-5,686490000,38.3,4.14,33.6,41.4,49.8,16.8,18.0
2021-10-02 11:50:00,-5,686490600,37.5,4.14,33.7,41.4,49.8,16.8,18.0
2021-10-02 12:00:00,-5,686491200,40.0,4.14,33.7,41.4,49.8,16.7,18.0
2021-10-02 12:10:00,-5,686491800,39.8,4.14,33.7,41.4,49.8,16.7,18.1
2021-10-02 12:20:00,-5,686492400,41.5,4.14,33.7,41.4,49.8,16.7,18.0
2021-10-02 12:30:00,-5,686493000,42.5,4.14,33.8,41.4,49.8,16.7,18.0
2021-10-02 12:40:00,-5,686493600,41.5,4.14,33.8,41.4,49.8,16.7,18.1
2021-10-02 12:50:00,-5,686494200,41.3,4.14,33.8,41.4,49.8,16.7,18.1
2021-10-02 13:00:00,-5,686494800,42.5,4.14,33.8,41.4,49.8,17.0,18.0
2021-10-02 13:10:00,-5,686495400,40.3,4.14,33.9,41.4,49.8,16.8,18.0
2021-10-02 13:20:00,-5,686496000,41.3,4.14,33.9,41.5,49.7,17.1,18.1
2021-10-02 13:30:00,-5,686496600,39.3,4.14,34.0,41.4,49.8,17.0,17.8
2021-10-02 13:40:00,-5,686497200,37.3,4.14,34.0,41.5,49.8,16.8,17.6
2021-10-02 13:50:00,-5,686497800,38.0,4.14,34.0,41.5,49.7,16.8,18.0
2021-10-02 14:00:00,-5,686498400,37.3,4.14,34.0,41.5,49.8,17.0,17.8
2021-10-02 14:10:00,-5,686499000,36.0,4.14,34.1,41.5,49.8,17.0,18.0
2021-10-02 14:20:00,-5,686499600,35.3,4.14,34.1,41.5,49.8,17.0,17.7
2021-10-02 14:30:00,-5,686500200,34.5,4.14,34.1,41.5,49.8,17.2,18.1
2021-10-02 14:40:00,-5,686500800,32.3,4.14,34.2,41.5,49.8,17.0,17.8
2021-10-02 14:50:00,-5,686501400,32.3,4.14,34.2,41.5,49.8,17.2,18.0
2021-10-02 15:00:00,-5,686502000,33.3,4.14,34.2,41.5,49.8,17.1,17.8
2021-10-02 15:10:00,-5,686502600,33.8,4.14,34.3,41.5,49.8,17.3,18.1
2021-10-02 15:20:00,-5,686503200,33.5,4.14,34.3,41.6,49.7,17.3,17.7
2021-10-02 15:30:00,-5,686503800,32.8,4.14,34.3,41.5,49.8,17.3,17.7
2021-10-02 15:40:00,-5,686504400,31.8,4.14,34.4,41.6,49.8,17.4,17.8
2021-10-02 15:50:00,-5,686505000,30.8,4.14,34.4,41.6,49.8,17.4,18.0
2021-10-02 16:00:00,-5,686505600,30.0,4.14,34.4,41.6,49.8,17.5,18.1
2021-10-02 16:10:00,-5,686506200,29.5,4.14,34.4,41.6,49.8,17.5,17.8
2021-10-02 16:20:00,-5,686506800,28.5,4.14,34.4,41.6,49.8,17.5,18.1
2021-10-02 16:30:00,-5,686507400,28.3,4.14,34.4,41.6,49.8,17.6,18.0
2021-10-02 16:40:00,-5,686508000,27.8,4.14,34.5,41.6,49.7,17.7,17.7
2021-10-02 16:50:00,-5,686508600,27.0,4.14,34.5,41.6,49.8,17.7,18.0
2021-10-02 17:00:00,-5,686509200,25.5,4.14,34.5,41.6,49.8,17.7,17.8
2021-10-02 17:10:00,-5,686509800,23.5,4.14,34.5,41.6,49.7,17.7,18.0
2021-10-02 17:20:00,-5,686510400,22.0,4.14,34.5,41.6,49.7,17.8,17.7
2021-10-02 17:30:00,-5,686511000,20.8,4.14,34.5,41.6,49.7,17.8,17.8
2021-10-02 17:40:00,-5,686511600,19.8,4.14,34.5,41.6,49.7,17.8,17.8
2021-10-02 17:50:00,-5,686512200,19.3,4.14,34.5,41.6,49.7,17.8,17.8
2021-10-02 18:00:00,-5,686512800,18.8,4.12,34.5,41.6,49.7,18.0,18.0
2021-10-02 18:10:00,-5,686513400,18.3,4.12,34.5,41.6,49.7,18.0,18.0
2021-10-02 18:20:00,-5,686514000,18.0,4.12,34.5,41.6,49.7,17.8,18.0
2021-10-02 18:30:00,-5,686514600,17.8,4.12,34.5,41.7,49.7,18.0,18.1
2021-10-02 18:40:00,-5,686515200,17.8,4.12,34.5,41.7,49.7,18.0,18.0
2021-10-02 18:50:00,-5,686515800,17.0,4.12,34.5,41.7,49.7,18.1,18.0
2021-10-02 19:00:00,-5,686516400,16.0,4.12,34.5,41.7,49.7,18.1,18.1
2021-10-02 19:10:00,-5,686517000,16.0,4.12,34.5,41.7,49.7,18.1,18.2
2021-10-02 19:20:00,-5,686517600,15.8,4.12,34.5,41.7,49.7,18.1,17.7
2021-10-02 19:30:00,-5,686518200,15.5,4.12,34.5,41.7,49.7,18.1,18.0
2021-10-02 19:40:00,-5,686518800,15.0,4.12,34.5,41.7,49.7,18.1,18.0
2021-10-02 19:50:00,-5,686519400,15.0,4.12,34.5,41.7,49.7,18.1,18.0
2021-10-02 20:00:00,-5,686520000,15.3,4.12,34.4,41.7,49.7,18.1,18.1
2021-10-02 20:10:00,-5,686520600,15.3,4.12,34.4,41.7,49.7,18.1,18.0
2021-10-02 20:20:00,-5,686521200,15.0,4.12,34.4,41.7,49.7,18.1,18.0
2021-10-02 20:30:00,-5,686521800,14.5,4.12,34.4,41.7,49.7,18.1,18.0
2021-10-02 20:40:00,-5,686522400,14.5,4.12,34.4,41.8,49.7,18.1,18.0
2021-10-02 20:50:00,-5,686523000,14.5,4.12,34.4,41.8,49.7,18.2,18.0
2021-10-02 21:00:00,-5,686523600,15.0,4.12,34.4,41.8,49.7,18.2,18.1
2021-10-02 21:10:00,-5,686524200,14.5,4.12,34.4,41.8,49.7,18.1,18.1
2021-10-02 21:20:00,-5,686524800,14.0,4.12,34.4,41.8,49.7,18.1,18.2
2021-10-02 21:30:00,-5,686525400,14.3,4.12,34.3,41.8,49.7,18.2,18.1
2021-10-02 21:40:00,-5,686526000,14.0,4.12,34.3,41.8,49.8,18.2,17.7
2021-10-02 21:50:00,-5,686526600,13.5,4.12,34.3,41.8,49.7,18.2,17.8
2021-10-02 22:00:00,-5,686527200,13.5,4.12,34.3,41.8,49.8,18.1,18.1
2021-10-02 22:10:00,-5,686527800,13.5,4.12,34.3,41.8,49.8,18.2,18.1
2021-10-02 22:20:00,-5,686528400,13.8,4.11,34.3,41.8,49.8,18.2,18.2
2021-10-02 22:30:00,-5,686529000,13.0,4.11,34.3,41.8,49.7,18.1,18.1
2021-10-02 22:40:00,-5,686529600,12.8,4.11,34.3,41.8,49.8,18.1,18.1
2021-10-02 22:50:00,-5,686530200,12.8,4.11,34.3,41.8,49.8,18.1,18.0
2021-10-02 23:00:00,-5,686530800,12.8,4.11,34.3,41.8,49.8,18.0,18.1
2021-10-02 23:10:00,-5,686531400,12.5,4.11,34.2,41.8,49.8,18.1,18.0
2021-10-02 23:20:00,-5,686532000,12.5,4.11,34.2,41.8,49.8,18.2,18.1
2021-10-02 23:30:00,-5,686532600,12.0,4.11,34.2,41.8,49.8,18.1,18.2
2021-10-02 23:40:00,-5,686533200,11.8,4.11,34.2,41.8,49.8,18.0,18.1
2021-10-02 23:50:00,-5,686533800,11.8,4.11,34.2,41.8,49.8,18.2,18.3
2021-10-03 00:00:00,-5,686534400,11.8,4.11,34.2,41.8,49.8,18.1,18.1
2021-10-03 00:10:00,-5,686535000,11.5,4.11,34.2,41.8,49.8,18.1,18.1
2021-10-03 00:20:00,-5,686535600,12.0,4.11,34.1,41.8,49.8,18.0,18.2
2021-10-03 00:30:00,-5,686536200,12.0,4.11,34.1,41.7,49.8,18.1,18.2
2021-10-03 00:40:00,-5,686536800,11.8,4.11,34.1,41.8,49.8,18.0,18.0
2021-10-03 00:50:00,-5,686537400,11.8,4.11,34.1,41.8,49.8,18.1,18.1
2021-10-03 01:00:00,-5,686538000,11.8,4.11,34.1,41.7,49.8,18.0,18.1
2021-10-03 01:10:00,-5,686538600,12.3,4.11,34.1,41.7,49.8,18.0,18.1
2021-10-03 01:20:00,-5,686539200,12.5,4.11,34.0,41.7,49.8,18.1,18.1
2021-10-03 01:30:00,-5,686539800,12.8,4.11,34.0,41.7,49.8,18.0,18.0
2021-10-03 01:40:00,-5,686540400,13.0,4.11,34.0,41.7,49.8,18.0,18.2
2021-10-03 01:50:00,-5,686541000,13.0,4.11,34.0,41.7,49.8,17.8,18.1
2021-10-03 02:00:00,-5,686541600,13.0,4.11,34.0,41.7,49.8,17.8,18.1
2021-10-03 02:10:00,-5,686542200,13.0,4.11,34.0,41.7,49.8,17.8,18.1
2021-10-03 02:20:00,-5,686542800,13.3,4.11,34.0,41.7,49.8,17.8,18.1
2021-10-03 02:30:00,-5,686543400,13.5,4.11,34.0,41.7,49.8,17.8,18.2
2021-10-03 02:40:00,-5,686544000,13.3,4.11,34.0,41.7,49.8,17.9,18.0
2021-10-03 02:50:00,-5,686544600,13.5,4.11,34.0,41.7,49.8,17.8,18.1
2021-10-03 03:00:00,-5,686545200,13.8,4.11,34.0,41.7,49.8,17.8,18.1
2021-10-03 03:10:00,-5,686545800,14.0,4.11,33.9,41.7,49.8,18.0,18.2
2021-10-03 03:20:00,-5,686546400,14.0,4.11,33.9,41.7,49.8,17.8,18.2
2021-10-03 03:30:00,-5,686547000,14.0,4.11,33.9,41.7,49.7,17.8,18.3
2021-10-03 03:40:00,-5,686547600,14.0,4.09,33.9,41.7,49.8,17.8,18.2
2021-10-03 03:50:00,-5,686548200,14.0,4.09,33.9,41.7,49.8,17.7,18.2
2021-10-03 04:00:00,-5,686548800,14.0,4.09,33.9,41.7,49.8,17.8,18.2
2021-10-03 04:10:00,-5,686549400,14.3,4.09,33.9,41.7,49.8,17.8,18.2
2021-10-03 04:20:00,-5,686550000,14.3,4.09,33.9,41.7,49.8,17.8,18.1
2021-10-03 04:30:00,-5,686550600,14.3,4.09,33.9,41.7,49.8,17.7,18.3
2021-10-03 04:40:00,-5,686551200,14.3,4.09,33.9,41.7,49.8,17.8,18.1
2021-10-03 04:50:00,-5,686551800,14.5,4.09,33.9,41.7,49.7,17.7,18.2
2021-10-03 05:00:00,-5,686552400,14.5,4.09,33.9,41.6,49.8,17.7,18.1
2021-10-03 05:10:00,-5,686553000,14.5,4.09,33.9,41.6,49.8,17.8,18.3
2021-10-03 05:20:00,-5,686553600,14.8,4.09,33.9,41.6,49.8,17.7,18.1
2021-10-03 05:30:00,-5,686554200,14.8,4.09,33.9,41.6,49.8,17.8,18.1
2021-10-03 05:40:00,-5,686554800,14.8,4.09,33.9,41.6,49.8,17.7,18.3
2021-10-03 05:50:00,-5,686555400,15.0,4.09,33.9,41.6,49.8,17.8,18.3
2021-10-03 06:00:00,-5,686556000,14.8,4.09,33.9,41.6,49.8,17.7,18.2
2021-10-03 06:10:00,-5,686556600,15.0,4.09,33.9,41.6,49.8,17.7,18.2
2021-10-03 06:20:00,-5,686557200,15.3,4.09,33.9,41.6,49.8,17.7,18.0
2021-10-03 06:30:00,-5,686557800,15.5,4.09,33.9,41.6,49.8,17.6,18.2
2021-10-03 06:40:00,-5,686558400,15.8,4.09,33.9,41.6,49.8,17.8,18.3
2021-10-03 06:50:00,-5,686559000,16.3,4.09,33.9,41.6,49.8,17.7,18.2
2021-10-03 07:00:00,-5,686559600,16.8,4.09,33.9,41.7,49.7,17.7,18.2
2021-10-03 07:10:00,-5,686560200,17.3,4.09,33.9,41.6,49.8,17.7,18.2
2021-10-03 07:20:00,-5,686560800,17.8,4.09,33.9,41.6,49.8,17.7,18.2
2021-10-03 07:30:00,-5,686561400,18.3,4.09,33.9,41.6,49.8,17.6,18.1
2021-10-03 07:40:00,-5,686562000,18.5,4.09,33.9,41.7,49.7,17.6,18.2
2021-10-03 07:50:00,-5,686562600,19.0,4.09,33.9,41.6,49.8,17.7,18.2
2021-10-03 08:00:00,-5,686563200,19.5,4.11,33.9,41.6,49.7,17.7,18.1
2021-10-03 08:10:00,-5,686563800,20.8,4.11,33.9,41.6,49.8,17.7,18.1
2021-10-03 08:20:00,-5,686564400,21.8,4.11,33.9,41.6,49.7,17.7,18.2
2021-10-03 08:30:00,-5,686565000,22.0,4.11,33.9,41.6,49.7,17.7,18.2
2021-10-03 08:40:00,-5,686565600,23.0,4.11,33.9,41.6,49.7,17.8,18.2
2021-10-03 08:50:00,-5,686566200,26.5,4.12,34.0,41.6,49.7,17.7,18.1
2021-10-03 09:00:00,-5,686566800,31.5,4.12,34.0,41.6,49.7,17.7,18.1
2021-10-03 09:10:00,-5,686567400,34.8,4.12,34.0,41.6,49.7,17.7,18.2
2021-10-03 09:20:00,-5,686568000,37.8,4.12,34.0,41.6,49.7,17.7,18.2
2021-10-03 09:30:00,-5,686568600,39.8,4.12,34.0,41.6,49.7,17.7,18.1
2021-10-03 09:40:00,-5,686569200,41.0,4.12,34.0,41.6,49.6,17.7,18.2
2021-10-03 09:50:00,-5,686569800,40.8,4.12,34.0,41.6,49.7,17.7,18.1
2021-10-03 10:00:00,-5,686570400,40.8,4.12,34.1,41.6,49.7,17.8,18.1
2021-10-03 10:10:00,-5,686571000,43.0,4.12,34.1,41.6,49.7,17.8,18.0
2021-10-03 10:20:00,-5,686571600,36.8,4.12,34.1,41.6,49.7,17.7,18.1
2021-10-03 10:30:00,-5,686572200,41.5,4.12,34.1,41.6,49.7,17.8,18.0
2021-10-03 10:40:00,-5,686572800,44.8,4.12,34.1,41.6,49.7,17.7,18.1
2021-10-03 10:50:00,-5,686573400,46.0,4.12,34.1,41.6,49.7,17.7,18.1
2021-10-03 11:00:00,-5,686574000,46.0,4.12,34.1,41.6,49.7,17.8,18.1
2021-10-03 11:10:00,-5,686574600,44.0,4.12,34.2,41.6,49.7,17.7,18.1
2021-10-03 11:20:00,-5,686575200,42.5,4.12,34.2,41.6,49.7,17.8,18.1
2021-10-03 11:30:00,-5,686575800,40.3,4.12,34.2,41.6,49.7,17.8,18.1
2021-10-03 11:40:00,-5,686576400,44.0,4.12,34.2,41.6,49.7,17.8,18.1
2021-10-03 11:50:00,-5,686577000,45.3,4.12,34.3,41.6,49.7,17.8,18.1
2021-10-03 12:00:00,-5,686577600,45.3,4.12,34.3,41.6,49.7,17.8,18.0
2021-10-03 12:10:00,-5,686578200,45.8,4.12,34.3,41.6,49.7,17.8,18.2
2021-10-03 12:20:00,-5,686578800,44.5,4.12,34.3,41.6,49.7,18.0,18.0
2021-10-03 12:30:00,-5,686579400,44.5,4.12,34.4,41.6,49.7,17.8,18.2
2021-10-03 12:40:00,-5,686580000,39.5,4.12,34.4,41.6,49.7,18.0,18.1
2021-10-03 12:50:00,-5,686580600,39.5,4.12,34.4,41.6,49.7,18.0,18.2
2021-10-03 13:00:00,-5,686581200,42.5,4.12,34.4,41.6,49.7,18.1,18.2
2021-10-03 13:10:00,-5,686581800,46.5,4.12,34.5,41.6,49.7,18.0,18.1
2021-10-03 13:20:00,-5,686582400,43.0,4.12,34.5,41.6,49.7,18.0,18.1
2021-10-03 13:30:00,-5,686583000,40.5,4.12,34.5,41.7,49.7,18.0,18.2
2021-10-03 13:40:00,-5,686583600,41.5,4.12,34.6,41.7,49.7,18.1,18.2
2021-10-03 13:50:00,-5,686584200,38.5,4.12,34.6,41.7,49.7,18.1,18.0
2021-10-03 14:00:00,-5,686584800,39.0,4.12,34.6,41.7,49.7,18.1,18.1
2021-10-03 14:10:00,-5,686585400,40.3,4.12,34.7,41.7,49.7,18.2,18.1
2021-10-03 14:20:00,-5,686586000,40.5,4.12,34.7,41.7,49.7,18.2,18.2
2021-10-03 14:30:00,-5,686586600,36.5,4.14,34.7,41.7,49.7,18.1,18.1
2021-10-03 14:40:00,-5,686587200,33.3,4.14,34.8,41.7,49.7,18.3,18.2
2021-10-03 14:50:00,-5,686587800,36.0,4.14,34.8,41.7,49.7,18.2,18.1
2021-10-03 15:00:00,-5,686588400,34.8,4.14,34.8,41.7,49.7,18.3,18.1
2021-10-03 15:10:00,-5,686589000,35.0,4.14,34.9,41.8,49.7,18.3,18.1
2021-10-03 15:20:00,-5,686589600,35.0,4.14,34.9,41.8,49.7,18.3,18.2
2021-10-03 15:30:00,-5,686590200,31.5,4.14,34.9,41.8,49.7,18.3,18.2
2021-10-03 15:40:00,-5,686590800,31.3,4.14,34.9,41.8,49.7,18.3,18.3
2021-10-03 15:50:00,-5,686591400,30.8,4.14,34.9,41.8,49.7,18.3,18.2
2021-10-03 16:00:00,-5,686592000,30.0,4.14,35.0,41.8,49.7,18.4,18.2
2021-10-03 16:10:00,-5,686592600,29.5,4.14,35.0,41.8,49.7,18.5,18.2
2021-10-03 16:20:00,-5,686593200,30.0,4.14,35.0,41.9,49.7,18.6,18.4
2021-10-03 16:30:00,-5,686593800,30.0,4.14,35.0,41.9,49.7,18.6,18.2
2021-10-03 16:40:00,-5,686594400,29.8,4.14,35.1,41.9,49.7,18.7,18.3
2021-10-03 16:50:00,-5,686595000,28.5,4.14,35.1,42.0,49.6,18.7,18.2
2021-10-03 17:00:00,-5,686595600,27.0,4.14,35.1,41.9,49.7,18.7,18.2
2021-10-03 17:10:00,-5,686596200,25.8,4.14,35.1,41.9,49.7,18.7,18.2
2021-10-03 17:20:00,-5,686596800,25.3,4.12,35.1,41.9,49.7,18.7,18.1
2021-10-03 17:30:00,-5,686597400,24.5,4.12,35.1,42.0,49.7,18.7,18.2
2021-10-03 17:40:00,-5,686598000,24.0,4.12,35.1,42.0,49.7,18.7,18.3
2021-10-03 17:50:00,-5,686598600,23.5,4.12,35.1,42.0,49.7,18.8,18.4
2021-10-03 18:00:00,-5,686599200,22.8,4.12,35.1,42.0,49.7,18.8,18.2
2021-10-03 18:10:00,-5,686599800,22.5,4.12,35.1,42.0,49.7,18.8,18.2
2021-10-03 18:20:00,-5,686600400,22.0,4.12,35.1,42.0,49.7,18.9,18.3
2021-10-03 18:30:00,-5,686601000,21.5,4.12,35.1,42.0,49.7,18.7,18.1
2021-10-03 18:40:00,-5,686601600,21.0,4.12,35.1,42.1,49.7,18.8,18.3
2021-10-03 18:50:00,-5,686602200,20.8,4.12,35.1,42.1,49.7,18.8,18.4
2021-10-03 19:00:00,-5,686602800,20.5,4.12,35.1,42.1,49.7,19.0,18.2
2021-10-03 19:10:00,-5,686603400,20.3,4.12,35.1,42.1,49.7,19.0,18.4
2021-10-03 19:20:00,-5,686604000,20.0,4.12,35.1,42.1,49.7,19.0,18.3
2021-10-03 19:30:00,-5,686604600,20.0,4.12,35.1,42.1,49.7,18.8,18.2
2021-10-03 19:40:00,-5,686605200,19.8,4.12,35.1,42.1,49.7,18.8,18.4
2021-10-03 19:50:00,-5,686605800,19.8,4.12,35.0,42.1,49.7,18.8,18.4
2021-10-03 20:00:00,-5,686606400,19.5,4.12,35.0,42.1,49.7,18.8,18.5
2021-10-03 20:10:00,-5,686607000,19.5,4.12,35.0,42.1,49.7,19.0,18.5
2021-10-03 20:20:00,-5,686607600,19.3,4.12,35.0,42.1,49.7,19.0,18.6
2021-10-03 20:30:00,-5,686608200,19.0,4.12,35.0,42.1,49.7,19.0,18.5
2021-10-03 20:40:00,-5,686608800,19.3,4.12,35.0,42.1,49.7,19.0,18.4
2021-10-03 20:50:00,-5,686609400,19.3,4.12,35.0,42.2,49.7,19.0,18.5
2021-10-03 21:00:00,-5,686610000,19.5,4.12,35.0,42.1,49.7,18.8,18.5
2021-10-03 21:10:00,-5,686610600,19.5,4.12,34.9,42.2,49.7,19.0,18.4
2021-10-03 21:20:00,-5,686611200,19.5,4.12,34.9,42.2,49.7,19.1,18.5
2021-10-03 21:30:00,-5,686611800,19.0,4.11,34.9,42.2,49.7,19.0,18.6
2021-10-03 21:40:00,-5,686612400,19.0,4.11,34.9,42.2,49.7,19.0,18.4
2021-10-03 21:50:00,-5,686613000,18.8,4.11,34.9,42.2,49.7,19.0,18.4
2021-10-03 22:00:00,-5,686613600,18.5,4.11,34.9,42.2,49.7,18.8,18.6
2021-10-03 22:10:00,-5,686614200,18.8,4.11,34.9,42.2,49.8,18.8,18.6
2021-10-03 22:20:00,-5,686614800,18.8,4.11,34.9,42.2,49.8,19.0,18.5
2021-10-03 22:30:00,-5,686615400,18.8,4.11,34.9,42.2,49.8,19.1,18.5
2021-10-03 22:40:00,-5,686616000,18.8,4.11,34.8,42.2,49.7,19.0,18.5
2021-10-03 22:50:00,-5,686616600,18.8,4.11,34.8,42.2,49.8,19.0,18.5
2021-10-03 23:00:00,-5,686617200,18.8,4.11,34.8,42.2,49.8,19.0,18.5
2021-10-03 23:10:00,-5,686617800,18.8,4.11,34.8,42.2,49.8,19.0,18.6
2021-10-03 23:20:00,-5,686618400,18.5,4.11,34.8,42.2,49.8,19.0,18.7
2021-10-03 23:30:00,-5,686619000,18.8,4.11,34.8,42.2,49.8,19.0,18.6
2021-10-03 23:40:00,-5,686619600,18.8,4.11,34.8,42.2,49.8,18.9,18.7
2021-10-03 23:50:00,-5,686620200,19.0,4.11,34.8,42.2,49.8,19.0,18.6
2021-10-04 00:00:00,-5,686620800,19.0,4.11,34.8,42.2,49.8,19.0,18.6
2021-10-04 00:10:00,-5,686621400,19.0,4.11,34.8,42.2,49.8,19.0,18.6
2021-10-04 00:20:00,-5,686622000,19.0,4.11,34.8,42.2,49.8,19.0,18.5
2021-10-04 00:30:00,-5,686622600,19.0,4.11,34.8,42.2,49.8,19.0,18.6
2021-10-04 00:40:00,-5,686623200,19.3,4.11,34.8,42.2,49.8,18.8,18.6
2021-10-04 00:50:00,-5,686623800,19.0,4.11,34.7,42.2,49.8,19.0,18.5
2021-10-04 01:00:00,-5,686624400,18.8,4.11,34.7,42.2,49.8,18.8,18.7
2021-10-04 01:10:00,-5,686625000,18.8,4.11,34.7,42.2,49.8,18.9,18.7
2021-10-04 01:20:00,-5,686625600,18.8,4.11,34.7,42.2,49.8,18.8,18.6
2021-10-04 01:30:00,-5,686626200,18.8,4.11,34.7,42.2,49.8,18.8,18.7
2021-10-04 01:40:00,-5,686626800,18.8,4.11,34.7,42.2,49.8,19.0,18.7
2021-10-04 01:50:00,-5,686627400,18.5,4.11,34.7,42.2,49.8,18.8,18.6
2021-10-04 02:00:00,-5,686628000,18.5,4.11,34.7,42.2,49.8,18.9,18.8
2021-10-04 02:10:00,-5,686628600,18.8,4.11,34.7,42.2,49.8,18.8,18.6
2021-10-04 02:20:00,-5,686629200,19.0,4.11,34.7,42.2,49.8,19.0,18.8
2021-10-04 02:30:00,-5,686629800,18.8,4.09,34.7,42.2,49.8,19.0,18.8
2021-10-04 02:40:00,-5,686630400,18.8,4.09,34.7,42.2,49.8,19.0,18.7
2021-10-04 02:50:00,-5,686631000,18.8,4.09,34.7,42.2,49.8,18.8,18.8
2021-10-04 03:00:00,-5,686631600,18.8,4.09,34.7,42.2,49.8,18.8,18.8
2021-10-04 03:10:00,-5,686632200,18.8,4.09,34.7,42.2,49.8,19.0,18.7
2021-10-04 03:20:00,-5,686632800,18.5,4.09,34.7,42.2,49.8,18.8,18.7
2021-10-04 03:30:00,-5,686633400,18.3,4.09,34.7,42.2,49.8,19.0,18.8
2021-10-04 03:40:00,-5,686634000,18.3,4.09,34.7,42.2,49.8,19.0,18.8
2021-10-04 03:50:00,-5,686634600,18.3,4.09,34.7,42.2,49.8,18.8,18.7
2021-10-04 04:00:00,-5,686635200,18.5,4.09,34.7,42.2,49.8,19.0,18.7
2021-10-04 04:10:00,-5,686635800,18.3,4.09,34.7,42.2,49.8,19.0,18.8
2021-10-04 04:20:00,-5,686636400,18.3,4.09,34.7,42.2,49.8,19.0,18.7
2021-10-04 04:30:00,-5,686637000,18.5,4.09,34.6,42.2,49.8,18.8,18.7
2021-10-04 04:40:00,-5,686637600,18.3,4.09,34.7,42.2,49.8,19.0,18.8
2021-10-04 04:50:00,-5,686638200,18.3,4.09,34.7,42.2,49.8,18.8,18.7
2021-10-04 05:00:00,-5,686638800,18.3,4.09,34.6,42.2,49.8,18.8,18.7
2021-10-04 05:10:00,-5,686639400,18.5,4.09,34.6,42.2,49.8,18.8,18.8
2021-10-04 05:20:00,-5,686640000,18.5,4.09,34.6,42.2,49.8,18.8,18.7
2021-10-04 05:30:00,-5,686640600,18.5,4.09,34.6,42.2,49.8,18.8,18.8
2021-10-04 05:40:00,-5,686641200,18.3,4.09,34.6,42.2,49.8,18.8,18.7
2021-10-04 05:50:00,-5,686641800,18.8,4.09,34.6,42.2,49.8,18.8,18.7
2021-10-04 06:00:00,-5,686642400,18.5,4.09,34.6,42.2,49.8,19.0,18.7
2021-10-04 06:10:00,-5,686643000,18.5,4.09,34.6,42.2,49.8,19.0,18.8
2021-10-04 06:20:00,-5,686643600,18.5,4.09,34.7,42.2,49.8,18.8,18.7
2021-10-04 06:30:00,-5,686644200,18.5,4.09,34.6,42.2,49.8,19.0,18.8
2021-10-04 06:40:00,-5,686644800,19.0,4.09,34.6,42.2,49.8,18.8,18.6
2021-10-04 06:50:00,-5,686645400,19.5,4.09,34.6,42.2,49.8,19.0,18.7
2021-10-04 07:00:00,-5,686646000,20.3,4.09,34.6,42.2,49.8,18.8,18.6
2021-10-04 07:10:00,-5,686646600,21.0,4.09,34.6,42.2,49.8,18.8,18.7
2021-10-04 07:20:00,-5,686647200,22.0,4.09,34.6,42.2,49.8,19.0,18.7
2021-10-04 07:30:00,-5,686647800,22.8,4.09,34.6,42.2,49.8,18.8,18.7
2021-10-04 07:40:00,-5,686648400,23.8,4.09,34.6,42.2,49.8,18.8,18.6
2021-10-04 07:50:00,-5,686649000,24.0,4.09,34.6,42.2,49.8,18.8,18.8
2021-10-04 08:00:00,-5,686649600,23.8,4.09,34.6,42.2,49.8,19.0,18.7
2021-10-04 08:10:00,-5,686650200,24.3,4.11,34.6,42.2,49.8,18.8,19.0
2021-10-04 08:20:00,-5,686650800,24.5,4.11,34.6,42.2,49.8,18.8,18.7
2021-10-04 08:30:00,-5,686651400,25.0,4.11,34.6,42.2,49.8,19.0,18.6
2021-10-04 08:40:00,-5,686652000,25.8,4.11,34.7,42.2,49.8,18.8,18.7
2021-10-04 08:50:00,-5,686652600,27.0,4.11,34.7,42.2,49.8,18.8,18.8
2021-10-04 09:00:00,-5,686653200,27.0,4.11,34.7,42.1,49.8,18.8,18.7
