SL203 - Mayfly GPLP3 Logger
DateTime_EST,TZ-Offset,Loggertime,BoardTemp_C,Battery_V,Segment1_percent,Segment2_percent,Segment3_percent,T1_degC,T2_degC
2020-10-02 12:00:00,-5,654955200,24.0,4.09,7.6,5.2,34.4,18.1,18.6
2020-10-02 12:10:00,-5,654955800,23.8,4.09,7.7,5.2,34.4,18.1,18.5
2020-10-02 12:20:00,-5,654956400,24.8,4.11,7.7,5.2,34.4,18.1,18.5
2020-10-02 12:30:00,-5,654957000,23.5,4.09,7.7,5.2,34.4,18.1,18.6
2020-10-02 12:40:00,-5,654957600,21.0,4.09,7.7,5.2,34.4,18.1,18.6
2020-10-02 12:50:00,-5,654958200,25.5,4.11,7.7,5.2,34.5,18.1,18.5
2020-10-02 13:00:00,-5,654958800,28.8,4.11,7.7,5.2,34.4,18.2,18.5
2020-10-02 13:10:00,-5,654959400,31.3,4.11,7.7,5.2,34.5,18.1,18.6
2020-10-02 13:20:00,-5,654960000,32.5,4.11,7.7,5.2,34.5,18.1,18.5
2020-10-02 13:30:00,-5,654960600,33.0,4.11,7.7,5.2,34.5,18.2,18.7
2020-10-02 13:40:00,-5,654961200,31.3,4.11,7.7,5.2,34.5,18.2,18.6
2020-10-02 13:50:00,-5,654961800,25.3,4.09,7.7,5.2,34.5,18.2,18.6
2020-10-02 14:00:00,-5,654962400,27.8,4.09,7.7,5.2,34.5,18.1,18.5
2020-10-02 14:10:00,-5,654963000,29.0,4.11,7.7,5.2,34.5,18.3,18.5
2020-10-02 14:20:00,-5,654963600,26.3,4.09,7.7,5.2,34.5,18.3,18.5
2020-10-02 14:30:00,-5,654964200,27.5,4.11,7.7,5.2,34.5,18.3,18.8
2020-10-02 14:40:00,-5,654964800,27.8,4.11,7.8,5.2,34.5,18.3,18.7
2020-10-02 14:50:00,-5,654965400,27.5,4.11,7.8,5.2,34.5,18.2,18.6
2020-10-02 15:00:00,-5,654966000,28.0,4.11,7.8,5.2,34.5,18.3,18.5
2020-10-02 15:10:00,-5,654966600,27.5,4.11,7.8,5.2,34.5,18.3,18.6
2020-10-02 15:20:00,-5,654967200,26.3,4.11,7.8,5.2,34.5,18.3,18.5
2020-10-02 15:30:00,-5,654967800,24.8,4.11,7.8,5.2,34.5,18.3,18.6
2020-10-02 15:40:00,-5,654968400,24.3,4.11,7.8,5.2,34.5,18.3,18.5
2020-10-02 15:50:00,-5,654969000,23.3,4.11,7.8,5.2,34.5,18.4,18.6
2020-10-02 16:00:00,-5,654969600,20.3,4.11,7.8,5.2,34.5,18.4,18.6
2020-10-02 16:10:00,-5,654970200,19.3,4.11,7.8,5.2,34.5,18.4,18.5
2020-10-02 16:20:00,-5,654970800,19.0,4.09,7.8,5.2,34.5,18.3,18.5
2020-10-02 16:30:00,-5,654971400,19.5,4.11,7.8,5.2,34.5,18.3,18.7
2020-10-02 16:40:00,-5,654972000,20.5,4.09,7.8,5.2,34.5,18.5,18.6
2020-10-02 16:50:00,-5,654972600,20.0,4.09,7.8,5.2,34.5,18.5,18.6
2020-10-02 17:00:00,-5,654973200,19.0,4.09,7.8,5.2,34.6,18.4,18.5
2020-10-02 17:10:00,-5,654973800,18.5,4.09,7.8,5.3,34.6,18.5,18.5
2020-10-02 17:20:00,-5,654974400,17.8,4.09,7.8,5.2,34.5,18.5,18.5
2020-10-02 17:30:00,-5,654975000,16.8,4.09,7.8,5.2,34.6,18.5,18.5
2020-10-02 17:40:00,-5,654975600,15.5,4.09,7.8,5.3,34.5,18.6,18.5
2020-10-02 17:50:00,-5,654976200,14.3,4.09,7.8,5.3,34.5,18.5,18.5
2020-10-02 18:00:00,-5,654976800,13.5,4.09,7.8,5.3,34.5,18.6,18.6
2020-10-02 18:10:00,-5,654977400,13.0,4.09,7.8,5.3,34.6,18.5,18.6
2020-10-02 18:20:00,-5,654978000,12.5,4.09,7.8,5.3,34.5,18.6,18.7
2020-10-02 18:30:00,-5,654978600,12.3,4.09,7.8,5.3,34.5,18.6,18.5
2020-10-02 18:40:00,-5,654979200,11.8,4.09,7.8,5.3,34.6,18.6,18.5
2020-10-02 18:50:00,-5,654979800,11.5,4.09,7.7,5.3,34.6,18.6,18.5
2020-10-02 19:00:00,-5,654980400,11.0,4.09,7.7,5.3,34.5,18.6,18.5
2020-10-02 19:10:00,-5,654981000,10.5,4.09,7.7,5.3,34.5,18.5,18.7
2020-10-02 19:20:00,-5,654981600,10.3,4.09,7.7,5.3,34.6,18.6,18.5
2020-10-02 19:30:00,-5,654982200,10.0,4.09,7.7,5.3,34.6,18.4,18.5
2020-10-02 19:40:00,-5,654982800,10.0,4.09,7.7,5.3,34.6,18.6,18.7
2020-10-02 19:50:00,-5,654983400,9.5,4.09,7.7,5.3,34.6,18.4,18.5
2020-10-02 20:00:00,-5,654984000,9.3,4.09,7.7,5.3,34.6,18.5,18.5
2020-10-02 20:10:00,-5,654984600,9.0,4.09,7.7,5.3,34.5,18.5,18.5
2020-10-02 20:20:00,-5,654985200,8.5,4.09,7.7,5.2,34.6,18.5,18.6
2020-10-02 20:30:00,-5,654985800,8.5,4.09,7.6,5.2,34.5,18.5,18.6
2020-10-02 20:40:00,-5,654986400,8.0,4.09,7.6,5.3,34.5,18.5,18.5
2020-10-02 20:50:00,-5,654987000,8.3,4.09,7.6,5.2,34.5,18.5,18.6
2020-10-02 21:00:00,-5,654987600,8.0,4.09,7.6,5.2,34.6,18.5,18.6
2020-10-02 21:10:00,-5,654988200,8.0,4.09,7.6,5.2,34.5,18.5,18.5
2020-10-02 21:20:00,-5,654988800,7.8,4.09,7.6,5.2,34.5,18.5,18.5
2020-10-02 21:30:00,-5,654989400,7.5,4.09,7.6,5.2,34.5,18.5,18.6
2020-10-02 21:40:00,-5,654990000,7.5,4.09,7.5,5.2,34.5,18.5,18.8
2020-10-02 21:50:00,-5,654990600,7.0,4.09,7.5,5.2,34.5,18.4,18.5
2020-10-02 22:00:00,-5,654991200,6.5,4.09,7.5,5.2,34.6,18.5,18.5
2020-10-02 22:10:00,-5,654991800,6.5,4.09,7.5,5.2,34.5,18.4,18.7
2020-10-02 22:20:00,-5,654992400,6.3,4.09,7.5,5.2,34.6,18.3,18.6
2020-10-02 22:30:00,-5,654993000,6.0,4.09,7.5,5.2,34.5,18.3,18.5
2020-10-02 22:40:00,-5,654993600,6.0,4.09,7.5,5.2,34.5,18.3,18.5
2020-10-02 22:50:00,-5,654994200,6.3,4.09,7.4,5.2,34.5,18.3,18.6
2020-10-02 23:00:00,-5,654994800,6.3,4.09,7.4,5.2,34.5,18.3,18.5
2020-10-02 23:10:00,-5,654995400,6.3,4.09,7.4,5.2,34.5,18.2,18.5
2020-10-02 23:20:00,-5,654996000,6.0,4.09,7.4,5.1,34.5,18.2,18.7
2020-10-02 23:30:00,-5,654996600,6.0,4.09,7.4,5.1,34.5,18.3,18.6
2020-10-02 23:40:00,-5,654997200,5.5,4.09,7.4,5.1,34.5,18.2,18.6
2020-10-02 23:50:00,-5,654997800,5.8,4.09,7.3,5.1,34.5,18.1,18.6
2020-10-03 00:00:00,-5,654998400,5.8,4.09,7.3,5.1,34.5,18.2,18.5
2020-10-03 00:10:00,-5,654999000,5.5,4.09,7.3,5.1,34.5,18.1,18.6
2020-10-03 00:20:00,-5,654999600,5.5,4.09,7.3,5.1,34.5,18.1,18.5
2020-10-03 00:30:00,-5,655000200,5.5,4.09,7.3,5.1,34.5,18.1,18.5
2020-10-03 00:40:00,-5,655000800,5.8,4.09,7.3,5.1,34.5,18.1,18.5
2020-10-03 00:50:00,-5,655001400,6.0,4.09,7.2,5.1,34.5,18.0,18.7
2020-10-03 01:00:00,-5,655002000,6.0,4.09,7.2,5.1,34.5,18.1,18.6
2020-10-03 01:10:00,-5,655002600,6.0,4.09,7.2,5.0,34.5,18.1,18.5
2020-10-03 01:20:00,-5,655003200,6.0,4.09,7.2,5.0,34.5,18.0,18.7
2020-10-03 01:30:00,-5,655003800,6.0,4.09,7.2,5.0,34.5,18.0,18.6
2020-10-03 01:40:00,-5,655004400,5.8,4.09,7.2,5.0,34.5,18.0,18.6
2020-10-03 01:50:00,-5,655005000,5.5,4.09,7.2,5.0,34.5,18.0,18.3
2020-10-03 02:00:00,-5,655005600,5.8,4.09,7.1,5.0,34.5,18.0,18.5
2020-10-03 02:10:00,-5,655006200,5.8,4.09,7.1,5.0,34.5,18.0,18.5
2020-10-03 02:20:00,-5,655006800,5.5,4.09,7.1,5.0,34.5,17.8,18.5
2020-10-03 02:30:00,-5,655007400,5.0,4.09,7.1,5.0,34.5,17.7,18.3
2020-10-03 02:40:00,-5,655008000,5.0,4.09,7.1,5.0,34.5,17.8,18.3
2020-10-03 02:50:00,-5,655008600,5.0,4.09,7.1,4.9,34.5,17.7,18.5
2020-10-03 03:00:00,-5,655009200,4.5,4.09,7.0,4.9,34.5,17.8,18.6
2020-10-03 03:10:00,-5,655009800,4.5,4.09,7.0,4.9,34.5,17.8,18.5
2020-10-03 03:20:00,-5,655010400,4.3,4.09,7.0,4.9,34.5,17.7,18.3
2020-10-03 03:30:00,-5,655011000,4.3,4.09,7.0,4.9,34.5,17.6,18.5
2020-10-03 03:40:00,-5,655011600,4.8,4.09,7.0,4.9,34.5,17.6,18.3
2020-10-03 03:50:00,-5,655012200,5.0,4.09,7.0,4.9,34.5,17.6,18.3
2020-10-03 04:00:00,-5,655012800,5.0,4.09,6.9,4.9,34.5,17.6,18.5
2020-10-03 04:10:00,-5,655013400,5.0,4.09,6.9,4.8,34.5,17.6,18.5
2020-10-03 04:20:00,-5,655014000,5.0,4.09,6.9,4.9,34.5,17.6,18.3
2020-10-03 04:30:00,-5,655014600,5.0,4.09,6.9,4.8,34.5,17.6,18.5
2020-10-03 04:40:00,-5,655015200,5.0,4.09,6.9,4.8,34.4,17.5,18.3
2020-10-03 04:50:00,-5,655015800,4.8,4.09,6.9,4.8,34.4,17.5,18.3
2020-10-03 05:00:00,-5,655016400,4.5,4.09,6.9,4.8,34.4,17.4,18.5
2020-10-03 05:10:00,-5,655017000,4.5,4.09,6.9,4.8,34.5,17.6,18.3
2020-10-03 05:20:00,-5,655017600,4.8,4.09,6.8,4.8,34.4,17.5,18.3
2020-10-03 05:30:00,-5,655018200,4.8,4.09,6.8,4.8,34.4,17.5,18.3
2020-10-03 05:40:00,-5,655018800,4.5,4.09,6.8,4.8,34.4,17.3,18.3
2020-10-03 05:50:00,-5,655019400,4.3,4.09,6.8,4.7,34.4,17.3,18.3
2020-10-03 06:00:00,-5,655020000,4.3,4.08,6.8,4.7,34.4,17.3,18.2
2020-10-03 06:10:00,-5,655020600,4.5,4.09,6.8,4.7,34.4,17.3,18.3
2020-10-03 06:20:00,-5,655021200,4.8,4.08,6.7,4.7,34.4,17.2,18.5
2020-10-03 06:30:00,-5,655021800,5.3,4.08,6.7,4.7,34.4,17.3,18.3
2020-10-03 06:40:00,-5,655022400,5.8,4.09,6.7,4.7,34.4,17.3,18.3
2020-10-03 06:50:00,-5,655023000,5.8,4.09,6.7,4.7,34.4,17.2,18.5
2020-10-03 07:00:00,-5,655023600,5.8,4.09,6.7,4.7,34.4,17.1,18.3
2020-10-03 07:10:00,-5,655024200,5.8,4.08,6.7,4.7,34.4,17.1,18.3
2020-10-03 07:20:00,-5,655024800,6.5,4.09,6.7,4.6,34.4,17.1,18.3
2020-10-03 07:30:00,-5,655025400,12.0,4.09,6.7,4.6,34.4,17.1,18.2
2020-10-03 07:40:00,-5,655026000,15.8,4.09,6.7,4.6,34.4,17.1,18.3
2020-10-03 07:50:00,-5,655026600,18.5,4.09,6.6,4.6,34.4,17.0,18.3
2020-10-03 08:00:00,-5,655027200,20.5,4.09,6.6,4.6,34.4,17.0,18.3
2020-10-03 08:10:00,-5,655027800,22.5,4.09,6.6,4.6,34.4,17.0,18.2
2020-10-03 08:20:00,-5,655028400,24.3,4.09,6.6,4.6,34.4,17.0,18.2
2020-10-03 08:30:00,-5,655029000,25.5,4.09,6.6,4.6,34.4,17.0,18.2
2020-10-03 08:40:00,-5,655029600,26.3,4.09,6.6,4.5,34.4,17.0,18.1
2020-10-03 08:50:00,-5,655030200,27.8,4.09,6.6,4.5,34.4,16.8,18.2
2020-10-03 09:00:00,-5,655030800,29.8,4.09,6.6,4.5,34.4,16.8,18.1
2020-10-03 09:10:00,-5,655031400,30.8,4.09,6.6,4.5,34.4,17.0,18.1
2020-10-03 09:20:00,-5,655032000,32.0,4.09,6.6,4.5,34.4,16.8,18.1
2020-10-03 09:30:00,-5,655032600,33.3,4.09,6.6,4.5,34.4,16.8,18.1
2020-10-03 09:40:00,-5,655033200,34.3,4.09,6.6,4.5,34.4,17.1,18.1
2020-10-03 09:50:00,-5,655033800,35.3,4.09,6.6,4.5,34.4,16.7,18.1
2020-10-03 10:00:00,-5,655034400,35.5,4.09,6.6,4.5,34.3,16.7,18.1
2020-10-03 10:10:00,-5,655035000,36.3,4.09,6.6,4.4,34.4,16.8,18.1
2020-10-03 10:20:00,-5,655035600,36.5,4.09,6.6,4.4,34.4,16.7,18.0
2020-10-03 10:30:00,-5,655036200,37.3,4.09,6.6,4.4,34.4,16.8,18.1
2020-10-03 10:40:00,-5,655036800,38.0,4.09,6.6,4.4,34.3,16.7,18.1
2020-10-03 10:50:00,-5,655037400,38.5,4.09,6.7,4.4,34.4,16.7,18.1
2020-10-03 11:00:00,-5,655038000,38.0,4.09,6.7,4.4,34.3,16.7,18.1
2020-10-03 11:10:00,-5,655038600,37.0,4.09,6.7,4.4,34.3,16.7,18.0
2020-10-03 11:20:00,-5,655039200,37.3,4.09,6.7,4.4,34.3,16.8,18.1
2020-10-03 11:30:00,-5,655039800,36.5,4.09,6.7,4.4,34.3,16.8,18.0
2020-10-03 11:40:00,-5,655040400,36.5,4.09,6.8,4.4,34.3,16.7,18.0
2020-10-03 11:50:00,-5,655041000,37.0,4.09,6.8,4.4,34.3,16.8,18.0
2020-10-03 12:00:00,-5,655041600,36.8,4.09,6.8,4.4,34.3,16.8,18.1
2020-10-03 12:10:00,-5,655042200,35.0,4.09,6.8,4.4,34.3,16.8,18.0
2020-10-03 12:20:00,-5,655042800,35.8,4.09,6.8,4.4,34.3,16.8,18.1
2020-10-03 12:30:00,-5,655043400,35.8,4.09,6.9,4.4,34.3,17.0,18.0
2020-10-03 12:40:00,-5,655044000,36.3,4.09,6.9,4.4,34.3,16.8,18.0
2020-10-03 12:50:00,-5,655044600,35.0,4.09,6.9,4.4,34.3,16.8,18.0
2020-10-03 13:00:00,-5,655045200,35.0,4.09,6.9,4.4,34.3,17.0,18.0
2020-10-03 13:10:00,-5,655045800,34.3,4.09,7.0,4.4,34.3,17.0,18.0
2020-10-03 13:20:00,-5,655046400,33.5,4.09,7.0,4.4,34.3,17.0,18.0
2020-10-03 13:30:00,-5,655047000,33.0,4.09,7.0,4.4,34.3,17.0,17.8
2020-10-03 13:40:00,-5,655047600,32.8,4.09,7.0,4.4,34.3,17.0,17.8
2020-10-03 13:50:00,-5,655048200,31.8,4.09,7.0,4.4,34.3,17.0,18.0
2020-10-03 14:00:00,-5,655048800,32.5,4.09,7.1,4.4,34.3,17.0,18.0
2020-10-03 14:10:00,-5,655049400,32.3,4.09,7.1,4.4,34.3,17.1,17.8
2020-10-03 14:20:00,-5,655050000,30.8,4.09,7.1,4.4,34.3,17.2,17.8
2020-10-03 14:30:00,-5,655050600,30.3,4.09,7.1,4.4,34.3,17.2,18.0
2020-10-03 14:40:00,-5,655051200,29.5,4.11,7.2,4.4,34.3,17.3,17.8
2020-10-03 14:50:00,-5,655051800,28.8,4.11,7.2,4.4,34.3,17.2,18.0
2020-10-03 15:00:00,-5,655052400,27.5,4.11,7.2,4.5,34.3,17.2,18.0
2020-10-03 15:10:00,-5,655053000,26.8,4.11,7.2,4.5,34.3,17.3,18.0
2020-10-03 15:20:00,-5,655053600,26.3,4.11,7.2,4.5,34.3,17.3,17.8
2020-10-03 15:30:00,-5,655054200,25.3,4.11,7.2,4.5,34.3,17.3,18.0
2020-10-03 15:40:00,-5,655054800,25.0,4.09,7.2,4.5,34.3,17.4,18.0
2020-10-03 15:50:00,-5,655055400,24.3,4.11,7.2,4.5,34.3,17.5,17.8
2020-10-03 16:00:00,-5,655056000,23.5,4.09,7.2,4.5,34.3,17.5,17.8
2020-10-03 16:10:00,-5,655056600,23.0,4.09,7.3,4.5,34.3,17.5,17.8
2020-10-03 16:20:00,-5,655057200,22.3,4.09,7.3,4.5,34.3,17.5,17.8
2020-10-03 16:30:00,-5,655057800,21.8,4.09,7.3,4.5,34.3,17.6,17.8
2020-10-03 16:40:00,-5,655058400,20.8,4.09,7.3,4.5,34.3,17.7,18.0
2020-10-03 16:50:00,-5,655059000,20.3,4.09,7.3,4.5,34.3,17.6,17.8
2020-10-03 17:00:00,-5,655059600,19.5,4.09,7.3,4.5,34.3,17.6,17.8
2020-10-03 17:10:00,-5,655060200,18.8,4.09,7.3,4.6,34.3,17.7,18.0
2020-10-03 17:20:00,-5,655060800,17.5,4.09,7.3,4.6,34.3,17.7,18.0
2020-10-03 17:30:00,-5,655061400,16.0,4.09,7.3,4.6,34.3,17.6,17.8
2020-10-03 17:40:00,-5,655062000,14.5,4.09,7.3,4.6,34.3,17.7,17.8
2020-10-03 17:50:00,-5,655062600,13.0,4.09,7.3,4.6,34.3,17.7,18.0
2020-10-03 18:00:00,-5,655063200,12.0,4.09,7.3,4.6,34.3,17.8,18.0
2020-10-03 18:10:00,-5,655063800,10.8,4.09,7.3,4.6,34.3,17.8,18.0
2020-10-03 18:20:00,-5,655064400,10.3,4.09,7.3,4.6,34.3,17.7,18.0
2020-10-03 18:30:00,-5,655065000,9.5,4.09,7.3,4.6,34.3,17.7,17.8
2020-10-03 18:40:00,-5,655065600,9.0,4.09,7.3,4.6,34.3,17.7,17.8
2020-10-03 18:50:00,-5,655066200,8.5,4.09,7.3,4.6,34.3,17.8,17.8
2020-10-03 19:00:00,-5,655066800,8.0,4.09,7.2,4.6,34.3,17.7,17.8
2020-10-03 19:10:00,-5,655067400,7.8,4.09,7.2,4.6,34.2,17.7,18.0
2020-10-03 19:20:00,-5,655068000,7.5,4.09,7.2,4.6,34.2,17.7,17.8
2020-10-03 19:30:00,-5,655068600,7.3,4.09,7.2,4.6,34.3,17.8,17.8
2020-10-03 19:40:00,-5,655069200,7.0,4.09,7.2,4.6,34.2,17.7,18.0
2020-10-03 19:50:00,-5,655069800,6.8,4.09,7.2,4.6,34.2,17.7,18.0
2020-10-03 20:00:00,-5,655070400,7.0,4.09,7.2,4.6,34.3,17.7,18.0
2020-10-03 20:10:00,-5,655071000,7.0,4.09,7.2,4.6,34.2,17.8,18.0
2020-10-03 20:20:00,-5,655071600,6.8,4.09,7.2,4.6,34.2,17.8,18.0
2020-10-03 20:30:00,-5,655072200,6.3,4.09,7.1,4.6,34.2,17.7,18.0
2020-10-03 20:40:00,-5,655072800,6.0,4.09,7.1,4.6,34.2,17.8,18.0
2020-10-03 20:50:00,-5,655073400,5.8,4.09,7.1,4.6,34.2,17.8,18.0
2020-10-03 21:00:00,-5,655074000,5.8,4.09,7.1,4.6,34.2,17.7,18.0
2020-10-03 21:10:00,-5,655074600,5.5,4.09,7.1,4.6,34.2,17.8,18.0
2020-10-03 21:20:00,-5,655075200,5.3,4.09,7.1,4.6,34.2,17.7,18.1
2020-10-03 21:30:00,-5,655075800,5.3,4.09,7.1,4.6,34.2,17.6,18.0
2020-10-03 21:40:00,-5,655076400,5.8,4.09,7.0,4.6,34.2,17.7,18.0
2020-10-03 21:50:00,-5,655077000,5.8,4.09,7.0,4.6,34.2,17.7,18.0
2020-10-03 22:00:00,-5,655077600,5.3,4.09,7.0,4.6,34.2,17.6,18.0
2020-10-03 22:10:00,-5,655078200,5.3,4.09,7.0,4.6,34.2,17.6,18.1
2020-10-03 22:20:00,-5,655078800,5.3,4.09,7.0,4.6,34.2,17.6,18.0
2020-10-03 22:30:00,-5,655079400,5.0,4.09,7.0,4.6,34.2,17.6,18.0
2020-10-03 22:40:00,-5,655080000,5.0,4.09,6.9,4.5,34.2,17.6,18.1
2020-10-03 22:50:00,-5,655080600,4.8,4.09,6.9,4.6,34.2,17.6,17.8
2020-10-03 23:00:00,-5,655081200,4.8,4.09,6.9,4.5,34.2,17.5,18.0
2020-10-03 23:10:00,-5,655081800,5.0,4.09,6.9,4.5,34.2,17.6,18.0
2020-10-03 23:20:00,-5,655082400,4.8,4.09,6.9,4.5,34.2,17.5,18.0
2020-10-03 23:30:00,-5,655083000,4.8,4.09,6.9,4.5,34.2,17.5,18.0
2020-10-03 23:40:00,-5,655083600,4.8,4.09,6.8,4.5,34.2,17.4,18.1
2020-10-03 23:50:00,-5,655084200,4.3,4.09,6.8,4.5,34.2,17.4,18.1
2020-10-04 00:00:00,-5,655084800,4.0,4.09,6.8,4.5,34.2,17.5,18.0
2020-10-04 00:10:00,-5,655085400,4.0,4.09,6.8,4.5,34.2,17.3,18.0
2020-10-04 00:20:00,-5,655086000,3.8,4.09,6.8,4.5,34.2,17.3,18.0
2020-10-04 00:30:00,-5,655086600,3.8,4.09,6.8,4.4,34.2,17.3,18.0
2020-10-04 00:40:00,-5,655087200,3.5,4.09,6.7,4.5,34.2,17.3,18.0
2020-10-04 00:50:00,-5,655087800,3.5,4.09,6.7,4.5,34.2,17.3,18.0
2020-10-04 01:00:00,-5,655088400,3.8,4.09,6.7,4.5,34.2,17.3,17.8
2020-10-04 01:10:00,-5,655089000,3.5,4.09,6.7,4.4,34.2,17.3,18.0
2020-10-04 01:20:00,-5,655089600,3.3,4.09,6.7,4.4,34.2,17.2,18.0
2020-10-04 01:30:00,-5,655090200,3.3,4.09,6.7,4.4,34.2,17.1,17.8
2020-10-04 01:40:00,-5,655090800,3.0,4.09,6.6,4.4,34.2,17.1,18.1
2020-10-04 01:50:00,-5,655091400,2.8,4.09,6.6,4.4,34.2,17.1,17.8
2020-10-04 02:00:00,-5,655092000,2.8,4.09,6.6,4.4,34.2,17.1,18.0
2020-10-04 02:10:00,-5,655092600,2.8,4.09,6.6,4.4,34.1,17.1,18.0
2020-10-04 02:20:00,-5,655093200,2.8,4.09,6.6,4.4,34.2,17.1,18.0
2020-10-04 02:30:00,-5,655093800,2.8,4.09,6.6,4.4,34.1,17.0,17.8
2020-10-04 02:40:00,-5,655094400,3.0,4.09,6.6,4.3,34.1,17.0,17.8
2020-10-04 02:50:00,-5,655095000,3.3,4.09,6.6,4.3,34.1,17.0,17.8
2020-10-04 03:00:00,-5,655095600,3.0,4.09,6.5,4.3,34.1,17.0,18.0
2020-10-04 03:10:00,-5,655096200,2.8,4.09,6.5,4.3,34.1,17.0,18.0
2020-10-04 03:20:00,-5,655096800,2.5,4.09,6.5,4.3,34.1,17.0,18.0
2020-10-04 03:30:00,-5,655097400,2.5,4.09,6.5,4.3,34.1,16.7,17.8
2020-10-04 03:40:00,-5,655098000,2.5,4.09,6.5,4.3,34.1,16.8,18.0
2020-10-04 03:50:00,-5,655098600,2.5,4.09,6.5,4.3,34.1,16.8,17.8
2020-10-04 04:00:00,-5,655099200,2.3,4.08,6.5,4.3,34.1,16.7,17.8
2020-10-04 04:10:00,-5,655099800,2.0,4.08,6.4,4.2,34.1,16.8,17.8
2020-10-04 04:20:00,-5,655100400,2.3,4.08,6.4,4.2,34.1,16.7,17.8
2020-10-04 04:30:00,-5,655101000,2.3,4.08,6.4,4.2,34.1,16.7,17.8
2020-10-04 04:40:00,-5,655101600,2.3,4.08,6.4,4.2,34.1,16.6,17.8
2020-10-04 04:50:00,-5,655102200,2.3,4.08,6.3,4.2,34.1,16.7,17.8
2020-10-04 05:00:00,-5,655102800,2.8,4.08,6.3,4.2,34.1,16.6,18.0
2020-10-04 05:10:00,-5,655103400,2.5,4.08,6.3,4.2,34.0,16.6,17.8
2020-10-04 05:20:00,-5,655104000,2.0,4.08,6.3,4.2,34.1,16.6,17.8
2020-10-04 05:30:00,-5,655104600,1.8,4.08,6.3,4.1,34.1,16.6,17.7
2020-10-04 05:40:00,-5,655105200,2.3,4.08,6.3,4.1,34.1,16.6,17.8
2020-10-04 05:50:00,-5,655105800,2.3,4.08,6.3,4.1,34.1,16.5,17.7
2020-10-04 06:00:00,-5,655106400,2.3,4.08,6.2,4.1,34.1,16.5,17.7
2020-10-04 06:10:00,-5,655107000,2.3,4.08,6.2,4.1,34.1,16.5,17.7
2020-10-04 06:20:00,-5,655107600,2.3,4.08,6.2,4.1,34.1,16.5,17.8
2020-10-04 06:30:00,-5,655108200,2.3,4.08,6.2,4.1,34.1,16.5,17.7
2020-10-04 06:40:00,-5,655108800,2.8,4.08,6.2,4.1,34.1,16.4,17.8
2020-10-04 06:50:00,-5,655109400,2.8,4.08,6.2,4.1,34.1,16.3,17.7
2020-10-04 07:00:00,-5,655110000,3.3,4.08,6.2,4.1,34.0,16.3,17.6
2020-10-04 07:10:00,-5,655110600,3.8,4.08,6.2,4.1,34.0,16.4,17.6
2020-10-04 07:20:00,-5,655111200,4.5,4.08,6.1,4.1,34.0,16.3,17.6
2020-10-04 07:30:00,-5,655111800,8.5,4.09,6.1,4.1,34.0,16.3,17.6
2020-10-04 07:40:00,-5,655112400,13.5,4.09,6.1,4.1,34.0,16.3,17.6
2020-10-04 07:50:00,-5,655113000,16.8,4.09,6.1,4.1,34.0,16.3,17.6
2020-10-04 08:00:00,-5,655113600,19.5,4.09,6.1,4.1,34.0,16.3,17.6
2020-10-04 08:10:00,-5,655114200,22.5,4.09,6.1,4.1,34.0,16.2,17.6
2020-10-04 08:20:00,-5,655114800,24.3,4.09,6.1,4.0,34.0,16.3,17.6
2020-10-04 08:30:00,-5,655115400,26.8,4.11,6.1,4.0,34.0,16.2,17.6
2020-10-04 08:40:00,-5,655116000,29.3,4.09,6.1,4.0,34.0,16.2,17.6
2020-10-04 08:50:00,-5,655116600,31.5,4.09,6.1,4.0,34.0,16.2,17.6
2020-10-04 09:00:00,-5,655117200,33.3,4.09,6.1,4.0,34.0,16.1,17.6
2020-10-04 09:10:00,-5,655117800,34.5,4.09,6.1,4.0,34.0,16.2,17.6
2020-10-04 09:20:00,-5,655118400,36.0,4.09,6.1,4.0,34.0,16.1,17.6
2020-10-04 09:30:00,-5,655119000,37.0,4.09,6.1,4.0,34.0,16.2,17.5
2020-10-04 09:40:00,-5,655119600,37.8,4.09,6.1,3.9,34.0,16.2,17.6
2020-10-04 09:50:00,-5,655120200,39.0,4.09,6.1,3.9,34.0,16.2,17.6
2020-10-04 10:00:00,-5,655120800,39.5,4.09,6.1,3.9,34.0,16.1,17.5
2020-10-04 10:10:00,-5,655121400,39.5,4.09,6.1,3.9,34.0,16.0,17.5
2020-10-04 10:20:00,-5,655122000,40.5,4.09,6.1,3.9,34.0,16.0,17.6
2020-10-04 10:30:00,-5,655122600,40.5,4.09,6.1,3.9,34.0,16.0,17.5
2020-10-04 10:40:00,-5,655123200,41.0,4.09,6.1,3.9,34.0,16.1,17.5
2020-10-04 10:50:00,-5,655123800,41.0,4.09,6.2,3.9,34.0,16.1,17.5
2020-10-04 11:00:00,-5,655124400,40.5,4.09,6.2,3.9,34.0,16.0,17.5
2020-10-04 11:10:00,-5,655125000,40.5,4.09,6.2,3.9,34.0,16.1,17.5
2020-10-04 11:20:00,-5,655125600,38.8,4.09,6.2,3.9,34.0,16.1,17.5
2020-10-04 11:30:00,-5,655126200,39.5,4.09,6.2,3.9,34.0,16.1,17.5
2020-10-04 11:40:00,-5,655126800,40.0,4.09,6.3,3.9,33.9,16.1,17.3
2020-10-04 11:50:00,-5,655127400,39.0,4.09,6.3,3.9,34.0,16.2,17.3
2020-10-04 12:00:00,-5,655128000,39.0,4.09,6.3,3.9,34.0,16.2,17.3
2020-10-04 12:10:00,-5,655128600,38.5,4.09,6.4,3.9,34.0,16.2,17.5
2020-10-04 12:20:00,-5,655129200,38.5,4.09,6.4,3.9,33.9,16.1,17.3
2020-10-04 12:30:00,-5,655129800,38.0,4.09,6.4,3.9,34.0,16.2,17.3
2020-10-04 12:40:00,-5,655130400,36.8,4.09,6.4,3.9,33.9,16.2,17.3
2020-10-04 12:50:00,-5,655131000,35.8,4.09,6.5,3.9,33.9,16.2,17.5
2020-10-04 13:00:00,-5,655131600,35.8,4.09,6.5,3.9,33.9,16.3,17.3
2020-10-04 13:10:00,-5,655132200,36.3,4.09,6.5,3.9,33.9,16.2,17.3
2020-10-04 13:20:00,-5,655132800,35.5,4.09,6.5,3.9,33.9,16.2,17.3
2020-10-04 13:30:00,-5,655133400,35.0,4.09,6.6,3.9,33.9,16.3,17.5
2020-10-04 13:40:00,-5,655134000,34.5,4.09,6.6,3.9,33.9,16.3,17.5
2020-10-04 13:50:00,-5,655134600,34.3,4.09,6.6,3.9,33.9,16.3,17.3
2020-10-04 14:00:00,-5,655135200,33.8,4.09,6.6,3.9,33.9,16.3,17.3
2020-10-04 14:10:00,-5,655135800,32.5,4.09,6.7,3.9,33.9,16.3,17.3
2020-10-04 14:20:00,-5,655136400,32.0,4.09,6.7,3.9,33.9,16.3,17.5
2020-10-04 14:30:00,-5,655137000,31.5,4.09,6.7,3.9,33.9,16.5,17.2
2020-10-04 14:40:00,-5,655137600,30.3,4.11,6.7,4.0,33.9,16.5,17.3
2020-10-04 14:50:00,-5,655138200,30.0,4.11,6.8,3.9,33.9,16.6,17.5
2020-10-04 15:00:00,-5,655138800,29.5,4.11,6.8,4.0,33.9,16.6,17.3
2020-10-04 15:10:00,-5,655139400,29.0,4.11,6.8,4.0,33.9,16.6,17.2
2020-10-04 15:20:00,-5,655140000,28.0,4.09,6.8,4.0,33.9,16.6,17.3
2020-10-04 15:30:00,-5,655140600,26.5,4.11,6.8,4.0,33.9,16.6,17.3
2020-10-04 15:40:00,-5,655141200,26.5,4.11,6.8,4.0,33.9,16.7,17.3
2020-10-04 15:50:00,-5,655141800,26.3,4.09,6.8,4.0,33.9,16.8,17.3
2020-10-04 16:00:00,-5,655142400,25.0,4.09,6.9,4.0,33.9,16.6,17.3
2020-10-04 16:10:00,-5,655143000,22.3,4.09,6.9,4.0,33.9,16.7,17.3
2020-10-04 16:20:00,-5,655143600,22.3,4.09,6.9,4.0,33.9,16.8,17.2
2020-10-04 16:30:00,-5,655144200,20.8,4.09,6.9,4.1,33.9,16.7,17.3
2020-10-04 16:40:00,-5,655144800,20.3,4.09,6.9,4.1,33.9,16.7,17.3
2020-10-04 16:50:00,-5,655145400,20.0,4.09,6.9,4.1,33.9,17.0,17.5
2020-10-04 17:00:00,-5,655146000,19.0,4.09,6.9,4.1,33.8,17.0,17.3
2020-10-04 17:10:00,-5,655146600,18.0,4.09,6.9,4.1,33.9,17.0,17.2
2020-10-04 17:20:00,-5,655147200,16.8,4.09,6.9,4.1,33.9,17.0,17.3
2020-10-04 17:30:00,-5,655147800,15.8,4.09,6.9,4.1,33.9,17.0,17.3
2020-10-04 17:40:00,-5,655148400,15.0,4.09,6.9,4.1,33.9,17.0,17.3
2020-10-04 17:50:00,-5,655149000,14.5,4.09,6.9,4.1,33.9,17.0,17.5
2020-10-04 18:00:00,-5,655149600,13.8,4.09,6.9,4.1,33.9,17.0,17.2
2020-10-04 18:10:00,-5,655150200,13.5,4.09,6.9,4.1,33.9,17.0,17.3
2020-10-04 18:20:00,-5,655150800,13.0,4.09,6.9,4.1,33.9,17.1,17.2
2020-10-04 18:30:00,-5,655151400,13.0,4.09,6.9,4.1,33.9,17.1,17.3
2020-10-04 18:40:00,-5,655152000,12.8,4.09,6.9,4.1,33.9,17.1,17.3
2020-10-04 18:50:00,-5,655152600,12.8,4.09,6.9,4.1,33.9,17.1,17.5
2020-10-04 19:00:00,-5,655153200,12.3,4.09,6.9,4.1,33.9,17.1,17.3
2020-10-04 19:10:00,-5,655153800,12.0,4.09,6.9,4.1,33.8,17.1,17.2
2020-10-04 19:20:00,-5,655154400,11.5,4.09,6.9,4.1,33.9,17.2,17.3
2020-10-04 19:30:00,-5,655155000,11.3,4.09,6.9,4.1,33.8,17.1,17.3
2020-10-04 19:40:00,-5,655155600,11.3,4.09,6.9,4.1,33.8,17.1,17.3
2020-10-04 19:50:00,-5,655156200,11.0,4.09,6.9,4.1,33.8,17.2,17.5
2020-10-04 20:00:00,-5,655156800,10.8,4.09,6.9,4.1,33.9,17.2,17.5
2020-10-04 20:10:00,-5,655157400,10.8,4.09,6.9,4.1,33.8,17.3,17.5
2020-10-04 20:20:00,-5,655158000,10.5,4.09,6.9,4.1,33.8,17.2,17.5
2020-10-04 20:30:00,-5,655158600,10.3,4.09,6.9,4.1,33.8,17.2,17.3
2020-10-04 20:40:00,-5,655159200,10.3,4.09,6.8,4.1,33.8,17.2,17.3
2020-10-04 20:50:00,-5,655159800,10.3,4.09,6.9,4.1,33.8,17.2,17.3
2020-10-04 21:00:00,-5,655160400,10.3,4.09,6.8,4.1,33.8,17.2,17.3
2020-10-04 21:10:00,-5,655161000,10.3,4.09,6.8,4.1,33.8,17.2,17.5
2020-10-04 21:20:00,-5,655161600,10.3,4.09,6.8,4.1,33.8,17.1,17.3
2020-10-04 21:30:00,-5,655162200,10.3,4.09,6.8,4.1,33.8,17.2,17.5
2020-10-04 21:40:00,-5,655162800,10.3,4.09,6.8,4.1,33.8,17.2,17.3
2020-10-04 21:50:00,-5,655163400,10.0,4.09,6.8,4.1,33.8,17.1,17.5
2020-10-04 22:00:00,-5,655164000,10.0,4.09,6.8,4.1,33.8,17.1,17.5
2020-10-04 22:10:00,-5,655164600,10.3,4.09,6.8,4.1,33.8,17.1,17.3
2020-10-04 22:20:00,-5,655165200,10.3,4.09,6.8,4.1,33.8,17.1,17.5
2020-10-04 22:30:00,-5,655165800,10.3,4.09,6.8,4.1,33.8,17.1,17.3
2020-10-04 22:40:00,-5,655166400,9.8,4.09,6.8,4.1,33.8,17.1,17.3
2020-10-04 22:50:00,-5,655167000,9.8,4.09,6.7,4.1,33.8,17.1,17.3
2020-10-04 23:00:00,-5,655167600,9.5,4.09,6.7,4.1,33.8,17.1,17.5
2020-10-04 23:10:00,-5,655168200,9.3,4.09,6.7,4.1,33.8,17.1,17.3
2020-10-04 23:20:00,-5,655168800,9.3,4.09,6.7,4.1,33.8,17.1,17.5
2020-10-04 23:30:00,-5,655169400,8.8,4.09,6.7,4.1,33.8,17.0,17.5
2020-10-04 23:40:00,-5,655170000,8.8,4.09,6.7,4.1,33.8,17.0,17.5
2020-10-04 23:50:00,-5,655170600,8.5,4.09,6.7,4.1,33.8,17.1,17.3
2020-10-05 00:00:00,-5,655171200,8.3,4.09,6.7,4.1,33.8,17.1,17.5
2020-10-05 00:10:00,-5,655171800,8.3,4.09,6.7,4.1,33.8,17.1,17.3
2020-10-05 00:20:00,-5,655172400,8.3,4.09,6.7,4.1,33.8,17.0,17.5
2020-10-05 00:30:00,-5,655173000,8.0,4.09,6.6,4.1,33.8,17.0,17.5
2020-10-05 00:40:00,-5,655173600,8.3,4.09,6.6,4.1,33.8,16.8,17.3
2020-10-05 00:50:00,-5,655174200,8.0,4.09,6.6,4.1,33.8,17.0,17.5
2020-10-05 01:00:00,-5,655174800,7.8,4.09,6.6,4.1,33.8,17.0,17.5
2020-10-05 01:10:00,-5,655175400,7.5,4.09,6.6,4.1,33.8,17.0,17.5
2020-10-05 01:20:00,-5,655176000,7.5,4.09,6.6,4.1,33.8,17.1,17.5
2020-10-05 01:30:00,-5,655176600,7.3,4.09,6.6,4.1,33.8,16.8,17.5
2020-10-05 01:40:00,-5,655177200,7.5,4.09,6.6,4.1,33.8,17.1,17.3
2020-10-05 01:50:00,-5,655177800,7.3,4.09,6.6,4.1,33.7,17.0,17.3
2020-10-05 02:00:00,-5,655178400,6.8,4.09,6.6,4.1,33.8,17.0,17.5
2020-10-05 02:10:00,-5,655179000,7.0,4.09,6.5,4.1,33.7,17.1,17.5
2020-10-05 02:20:00,-5,655179600,7.0,4.09,6.5,4.1,33.8,16.8,17.3
2020-10-05 02:30:00,-5,655180200,6.8,4.09,6.5,4.1,33.8,16.8,17.3
2020-10-05 02:40:00,-5,655180800,6.8,4.09,6.5,4.1,33.8,16.8,17.5
2020-10-05 02:50:00,-5,655181400,7.0,4.09,6.5,4.1,33.8,16.8,17.5
2020-10-05 03:00:00,-5,655182000,7.0,4.09,6.5,4.1,33.7,16.8,17.5
2020-10-05 03:10:00,-5,655182600,7.3,4.09,6.5,4.1,33.7,16.8,17.3
2020-10-05 03:20:00,-5,655183200,7.8,4.09,6.4,4.1,33.7,16.7,17.3
2020-10-05 03:30:00,-5,655183800,7.5,4.09,6.5,4.0,33.7,16.8,17.5
2020-10-05 03:40:00,-5,655184400,7.8,4.09,6.4,4.0,33.7,16.8,17.5
2020-10-05 03:50:00,-5,655185000,7.8,4.09,6.4,4.0,33.7,16.7,17.3
2020-10-05 04:00:00,-5,655185600,8.0,4.09,6.4,4.0,33.7,16.7,17.5
2020-10-05 04:10:00,-5,655186200,8.0,4.09,6.4,4.0,33.7,16.7,17.3
2020-10-05 04:20:00,-5,655186800,8.3,4.09,6.4,4.0,33.7,16.7,17.3
2020-10-05 04:30:00,-5,655187400,8.5,4.09,6.4,4.0,33.6,16.7,17.5
2020-10-05 04:40:00,-5,655188000,8.5,4.09,6.4,4.0,33.7,16.6,17.3
2020-10-05 04:50:00,-5,655188600,8.3,4.09,6.4,4.0,33.7,16.6,17.3
2020-10-05 05:00:00,-5,655189200,8.5,4.09,6.3,4.0,33.7,16.6,17.5
2020-10-05 05:10:00,-5,655189800,8.5,4.09,6.3,4.0,33.7,16.7,17.3
2020-10-05 05:20:00,-5,655190400,8.5,4.09,6.3,4.0,33.7,16.6,17.3
2020-10-05 05:30:00,-5,655191000,8.5,4.08,6.3,4.0,33.7,16.6,17.5
2020-10-05 05:40:00,-5,655191600,8.8,4.08,6.3,3.9,33.7,16.5,17.5
2020-10-05 05:50:00,-5,655192200,9.0,4.08,6.3,3.9,33.7,16.5,17.3
2020-10-05 06:00:00,-5,655192800,9.0,4.08,6.3,3.9,33.7,16.6,17.5
2020-10-05 06:10:00,-5,655193400,9.3,4.08,6.3,3.9,33.6,16.5,17.3
2020-10-05 06:20:00,-5,655194000,9.3,4.08,6.3,3.9,33.7,16.5,17.3
2020-10-05 06:30:00,-5,655194600,9.5,4.08,6.3,3.9,33.7,16.5,17.5
2020-10-05 06:40:00,-5,655195200,9.8,4.08,6.3,3.9,33.7,16.5,17.3
2020-10-05 06:50:00,-5,655195800,10.0,4.08,6.3,3.9,33.6,16.4,17.3
2020-10-05 07:00:00,-5,655196400,10.0,4.08,6.3,3.9,33.6,16.5,17.3
2020-10-05 07:10:00,-5,655197000,10.5,4.08,6.3,3.9,33.7,16.5,17.3
2020-10-05 07:20:00,-5,655197600,11.0,4.08,6.3,3.9,33.6,16.3,17.5
2020-10-05 07:30:00,-5,655198200,11.5,4.09,6.3,3.9,33.7,16.5,17.3
2020-10-05 07:40:00,-5,655198800,14.0,4.09,6.3,3.9,33.6,16.4,17.2
2020-10-05 07:50:00,-5,655199400,14.8,4.09,6.3,3.9,33.6,16.3,17.3
2020-10-05 08:00:00,-5,655200000,14.5,4.09,6.3,3.9,33.6,16.3,17.3
2020-10-05 08:10:00,-5,655200600,14.0,4.09,6.3,3.9,33.6,16.3,17.3
2020-10-05 08:20:00,-5,655201200,14.8,4.09,6.3,3.9,33.6,16.3,17.3
2020-10-05 08:30:00,-5,655201800,21.5,4.09,6.3,3.8,33.6,16.3,17.5
2020-10-05 08:40:00,-5,655202400,26.0,4.09,6.3,3.8,33.6,16.2,17.3
2020-10-05 08:50:00,-5,655203000,29.0,4.09,6.3,3.8,33.6,16.2,17.3
2020-10-05 09:00:00,-5,655203600,31.5,4.09,6.3,3.8,33.6,16.3,17.3
2020-10-05 09:10:00,-5,655204200,33.5,4.09,6.3,3.8,33.6,16.3,17.2
2020-10-05 09:20:00,-5,655204800,34.0,4.09,6.3,3.8,33.6,16.2,17.2
2020-10-05 09:30:00,-5,655205400,35.3,4.09,6.3,3.8,33.6,16.3,17.3
2020-10-05 09:40:00,-5,655206000,29.8,4.09,6.3,3.8,33.6,16.3,17.2
2020-10-05 09:50:00,-5,655206600,25.8,4.09,6.4,3.8,33.6,16.3,17.3
2020-10-05 10:00:00,-5,655207200,26.3,4.09,6.4,3.8,33.6,16.3,17.2
2020-10-05 10:10:00,-5,655207800,31.0,4.09,6.4,3.8,33.6,16.3,17.3
2020-10-05 10:20:00,-5,655208400,25.0,4.09,6.4,3.8,33.6,16.2,17.3
2020-10-05 10:30:00,-5,655209000,22.8,4.09,6.4,3.8,33.6,16.2,17.3
2020-10-05 10:40:00,-5,655209600,29.3,4.09,6.4,3.8,33.6,16.3,17.3
2020-10-05 10:50:00,-5,655210200,29.3,4.09,6.4,3.8,33.6,16.3,17.3
2020-10-05 11:00:00,-5,655210800,25.3,4.11,6.4,3.8,33.7,16.2,17.2
2020-10-05 11:10:00,-5,655211400,25.8,4.09,6.5,3.8,33.6,16.3,17.2
2020-10-05 11:20:00,-5,655212000,26.8,4.09,6.5,3.8,33.6,16.2,17.2
2020-10-05 11:30:00,-5,655212600,25.8,4.11,6.5,3.8,33.6,16.3,17.2
2020-10-05 11:40:00,-5,655213200,25.3,4.11,6.5,3.8,33.6,16.2,17.2
2020-10-05 11:50:00,-5,655213800,23.0,4.11,6.5,3.8,33.6,16.3,17.3
2020-10-05 12:00:00,-5,655214400,23.3,4.11,6.5,3.8,33.6,16.3,17.3
2020-10-05 12:10:00,-5,655215000,27.8,4.11,6.6,3.8,33.6,16.3,17.3
2020-10-05 12:20:00,-5,655215600,33.5,4.11,6.6,3.8,33.6,16.3,17.2
2020-10-05 12:30:00,-5,655216200,32.0,4.11,6.6,3.8,33.6,16.3,17.2
2020-10-05 12:40:00,-5,655216800,30.5,4.11,6.6,3.8,33.6,16.3,17.2
2020-10-05 12:50:00,-5,655217400,29.5,4.11,6.6,3.8,33.6,16.4,17.3
2020-10-05 13:00:00,-5,655218000,32.5,4.11,6.6,3.8,33.6,16.4,17.3
2020-10-05 13:10:00,-5,655218600,28.3,4.11,6.7,3.8,33.6,16.3,17.2
2020-10-05 13:20:00,-5,655219200,26.0,4.11,6.7,3.8,33.6,16.4,17.1
2020-10-05 13:30:00,-5,655219800,28.3,4.11,6.7,3.8,33.6,16.5,17.2
2020-10-05 13:40:00,-5,655220400,32.3,4.11,6.7,3.9,33.6,16.5,17.3
2020-10-05 13:50:00,-5,655221000,32.5,4.11,6.7,3.8,33.6,16.5,17.2
2020-10-05 14:00:00,-5,655221600,33.0,4.11,6.8,3.9,33.6,16.5,17.3
2020-10-05 14:10:00,-5,655222200,33.8,4.11,6.8,3.9,33.6,16.6,17.1
2020-10-05 14:20:00,-5,655222800,34.0,4.11,6.8,3.9,33.6,16.6,17.2
2020-10-05 14:30:00,-5,655223400,33.3,4.11,6.8,3.9,33.6,16.6,17.3
2020-10-05 14:40:00,-5,655224000,28.3,4.11,6.8,3.9,33.6,16.7,17.3
2020-10-05 14:50:00,-5,655224600,26.0,4.11,6.9,3.9,33.6,16.7,17.3
2020-10-05 15:00:00,-5,655225200,23.0,4.11,6.9,3.9,33.6,16.7,17.2
2020-10-05 15:10:00,-5,655225800,20.5,4.11,6.9,3.9,33.6,16.6,17.2
2020-10-05 15:20:00,-5,655226400,20.0,4.11,6.9,3.9,33.6,16.8,17.2
2020-10-05 15:30:00,-5,655227000,23.0,4.11,6.9,3.9,33.6,16.8,17.2
2020-10-05 15:40:00,-5,655227600,23.8,4.11,6.9,3.9,33.6,16.8,17.2
2020-10-05 15:50:00,-5,655228200,23.5,4.11,6.9,3.9,33.6,16.8,17.2
2020-10-05 16:00:00,-5,655228800,22.3,4.11,6.9,4.0,33.6,16.8,17.2
2020-10-05 16:10:00,-5,655229400,21.8,4.11,7.0,4.0,33.6,16.7,17.2
2020-10-05 16:20:00,-5,655230000,21.0,4.11,7.0,4.0,33.6,16.8,17.2
2020-10-05 16:30:00,-5,655230600,20.8,4.11,7.0,4.0,33.6,16.8,17.2
2020-10-05 16:40:00,-5,655231200,20.3,4.11,7.0,4.0,33.6,17.0,17.2
2020-10-05 16:50:00,-5,655231800,19.5,4.11,7.0,4.0,33.6,17.1,17.1
2020-10-05 17:00:00,-5,655232400,19.0,4.11,7.0,4.0,33.6,17.0,17.2
2020-10-05 17:10:00,-5,655233000,18.0,4.09,7.0,4.0,33.6,17.0,17.1
2020-10-05 17:20:00,-5,655233600,17.0,4.09,7.0,4.0,33.6,17.0,17.2
2020-10-05 17:30:00,-5,655234200,15.8,4.09,7.0,4.0,33.6,17.0,17.2
2020-10-05 17:40:00,-5,655234800,14.0,4.09,7.0,4.1,33.6,17.1,17.2
2020-10-05 17:50:00,-5,655235400,12.8,4.09,7.0,4.1,33.6,17.1,17.2
2020-10-05 18:00:00,-5,655236000,12.3,4.09,7.0,4.1,33.7,17.1,17.2
2020-10-05 18:10:00,-5,655236600,11.5,4.09,7.0,4.1,33.6,17.1,17.2
2020-10-05 18:20:00,-5,655237200,11.5,4.09,7.0,4.1,33.6,17.1,17.2
2020-10-05 18:30:00,-5,655237800,11.0,4.09,7.0,4.1,33.6,17.2,17.2
2020-10-05 18:40:00,-5,655238400,10.8,4.09,7.0,4.1,33.6,17.1,17.2
2020-10-05 18:50:00,-5,655239000,10.3,4.09,7.0,4.1,33.6,17.2,17.3
2020-10-05 19:00:00,-5,655239600,10.0,4.09,7.0,4.1,33.6,17.2,17.3
2020-10-05 19:10:00,-5,655240200,9.8,4.09,7.0,4.1,33.6,17.1,17.3
2020-10-05 19:20:00,-5,655240800,9.3,4.09,7.0,4.1,33.6,17.1,17.3
2020-10-05 19:30:00,-5,655241400,9.0,4.09,7.0,4.1,33.6,17.1,17.3
2020-10-05 19:40:00,-5,655242000,9.3,4.09,6.9,4.1,33.6,17.2,17.3
2020-10-05 19:50:00,-5,655242600,8.8,4.09,6.9,4.1,33.6,17.2,17.3
2020-10-05 20:00:00,-5,655243200,8.8,4.09,6.9,4.1,33.6,17.2,17.3
2020-10-05 20:10:00,-5,655243800,8.5,4.09,6.9,4.1,33.6,17.3,17.3
2020-10-05 20:20:00,-5,655244400,8.5,4.09,6.9,4.1,33.6,17.2,17.3
2020-10-05 20:30:00,-5,655245000,8.3,4.09,6.9,4.1,33.6,17.1,17.2
2020-10-05 20:40:00,-5,655245600,8.5,4.09,6.9,4.1,33.6,17.1,17.3
2020-10-05 20:50:00,-5,655246200,8.8,4.09,6.9,4.1,33.6,17.2,17.2
2020-10-05 21:00:00,-5,655246800,8.5,4.09,6.9,4.1,33.6,17.1,17.3
2020-10-05 21:10:00,-5,655247400,8.3,4.09,6.8,4.1,33.6,17.1,17.2
2020-10-05 21:20:00,-5,655248000,8.0,4.09,6.8,4.1,33.6,17.2,17.2
2020-10-05 21:30:00,-5,655248600,7.8,4.09,6.8,4.1,33.6,17.1,17.5
2020-10-05 21:40:00,-5,655249200,7.8,4.09,6.8,4.1,33.6,17.2,17.2
2020-10-05 21:50:00,-5,655249800,7.5,4.09,6.8,4.1,33.6,17.1,17.3
2020-10-05 22:00:00,-5,655250400,7.3,4.09,6.8,4.1,33.6,17.1,17.3
2020-10-05 22:10:00,-5,655251000,7.3,4.09,6.8,4.1,33.6,17.1,17.2
2020-10-05 22:20:00,-5,655251600,7.5,4.09,6.8,4.1,33.6,17.1,17.3
2020-10-05 22:30:00,-5,655252200,7.3,4.09,6.7,4.1,33.6,17.1,17.3
2020-10-05 22:40:00,-5,655252800,7.3,4.09,6.7,4.1,33.6,17.0,17.2
2020-10-05 22:50:00,-5,655253400,7.3,4.09,6.7,4.1,33.6,17.1,17.3
2020-10-05 23:00:00,-5,655254000,7.3,4.09,6.7,4.1,33.6,17.1,17.2
2020-10-05 23:10:00,-5,655254600,6.8,4.09,6.7,4.1,33.6,17.0,17.5
