SL203 - Mayfly GPLP3 Logger,,,,,,,,,
DateTime_EST,TZ-Offset,Loggertime,BoardTemp_C,Battery_V,Segment1_percent,Segment2_percent,Segment3_percent,T1_degC,T2_degC
2020-06-03 11:10,-5,644497800,29,4.08,0.6,89.9,22.4,24.2,23.3
2020-06-03 11:20,-5,644498400,25.3,4.09,4.5,89.9,22.2,20.1,19.3
2020-06-03 11:30,-5,644499000,21.3,4.09,14.6,89.9,24.1,19.2,18.6
2020-06-03 11:40,-5,644499600,20.5,4.09,14.5,89.9,27.6,19,18.5
2020-06-03 11:50,-5,644500200,20.5,4.09,14.2,89.9,27.6,18.7,18.2
2020-06-03 12:00,-5,644500800,20.3,4.09,14.2,89.9,27.7,18.8,18.2
2020-06-03 12:10,-5,644501400,20.5,4.09,14.4,89.9,27.7,19,18.2
2020-06-03 12:20,-5,644502000,21.8,4.09,14.5,89.9,27.8,18.8,18.3
2020-06-03 12:30,-5,644502600,23.5,4.09,14.5,89.9,27.8,18.7,18.2
2020-06-03 12:40,-5,644503200,26,4.09,14.5,89.9,27.9,19,18.3
2020-06-03 12:50,-5,644503800,30,4.11,14.5,89.9,27.9,18.8,18.2
2020-06-03 13:00,-5,644504400,33.5,4.11,14.5,89.9,27.9,19,18.1
2020-06-03 13:10,-5,644505000,36.3,4.11,14.5,89.9,27.9,18.7,18.1
2020-06-03 13:20,-5,644505600,37.3,4.11,14.4,89.9,28,19,18.2
2020-06-03 13:30,-5,644506200,37.8,4.11,14.3,89.9,28,19,18.3
2020-06-03 13:40,-5,644506800,39.8,4.11,14.2,89.9,28,19,18.2
2020-06-03 13:50,-5,644507400,40.5,4.11,14.1,89.9,28,19.1,18.2
2020-06-03 14:00,-5,644508000,42,4.11,14,89.9,28.1,19.1,18
2020-06-03 14:10,-5,644508600,41.5,4.11,14,89.9,28.1,19.1,18
2020-06-03 14:20,-5,644509200,42,4.11,14,89.9,28.1,19.2,18.1
2020-06-03 14:30,-5,644509800,42.5,4.11,13.9,89.9,28.1,19.3,18.1
2020-06-03 14:40,-5,644510400,44,4.11,13.9,89.9,28.1,19.2,18.1
2020-06-03 14:50,-5,644511000,44.5,4.11,14,89.9,28.2,19.3,18.1
2020-06-03 15:00,-5,644511600,43.3,4.11,14,89.9,28.2,19.2,18.1
2020-06-03 15:10,-5,644512200,43.8,4.11,14,89.9,28.2,19.3,18.1
2020-06-03 15:20,-5,644512800,45.3,4.11,13.9,89.9,28.2,19.5,18.1
2020-06-03 15:30,-5,644513400,46.3,4.11,13.9,89.9,28.2,19.4,18.2
2020-06-03 15:40,-5,644514000,45.5,4.11,13.9,89.9,28.3,19.5,18.1
2020-06-03 15:50,-5,644514600,40.3,4.11,13.9,89.9,28.3,19.7,18.1
2020-06-03 16:00,-5,644515200,41.5,4.11,13.9,89.9,28.3,19.7,18.2
2020-06-03 16:10,-5,644515800,45,4.11,13.8,89.9,28.3,19.7,18.3
2020-06-03 16:20,-5,644516400,46.5,4.11,13.8,89.9,28.3,19.7,18.3
2020-06-03 16:30,-5,644517000,47,4.11,13.8,89.9,28.3,19.8,18.2
2020-06-03 16:40,-5,644517600,46.8,4.11,13.8,89.9,28.3,20,18.1
2020-06-03 16:50,-5,644518200,44.8,4.11,13.9,89.9,28.4,20.2,18.1
2020-06-03 17:00,-5,644518800,40.5,4.11,13.9,89.9,28.4,20.1,18.2
2020-06-03 17:10,-5,644519400,40.5,4.11,13.9,89.9,28.4,20.2,18.2
2020-06-03 17:20,-5,644520000,43.3,4.11,13.9,89.9,28.4,20.3,18.2
2020-06-03 17:30,-5,644520600,43.5,4.11,14,89.9,28.5,20.3,18.2
2020-06-03 17:40,-5,644521200,40.8,4.11,14,89.9,28.5,20.3,18.3
2020-06-03 17:50,-5,644521800,36.3,4.11,14,89.9,28.5,20.3,18.2
2020-06-03 18:00,-5,644522400,33.3,4.11,14,89.9,28.5,20.3,18.2
2020-06-03 18:10,-5,644523000,27.3,4.11,15,89.9,28.5,20.3,18.3
2020-06-03 18:20,-5,644523600,21.3,4.11,23.8,89.9,29.1,20.3,18.3
2020-06-03 18:30,-5,644524200,20.3,4.11,37.5,89.9,44.2,21.2,18.8
2020-06-03 18:40,-5,644524800,20.3,4.11,29.4,89.9,41.6,21.3,18.6
2020-06-03 18:50,-5,644525400,20,4.11,26.9,89.9,39.8,21.2,18.6
2020-06-03 19:00,-5,644526000,19.8,4.11,25.3,89.9,39.1,21,18.6
2020-06-03 19:10,-5,644526600,19.5,4.11,24.2,89.9,38.9,21.2,18.7
2020-06-03 19:20,-5,644527200,19.3,4.11,23.3,89.9,38.8,21.1,18.5
2020-06-03 19:30,-5,644527800,19.3,4.11,22.6,89.9,38.8,21.2,18.7
2020-06-03 19:40,-5,644528400,19.3,4.11,22.1,89.9,38.8,21.1,18.6
2020-06-03 19:50,-5,644529000,19,4.11,21.8,89.9,38.8,21.2,18.6
2020-06-03 20:00,-5,644529600,19.3,4.11,21.6,89.9,38.9,21.1,18.7
2020-06-03 20:10,-5,644530200,19.3,4.11,21.4,89.9,38.9,21.1,18.7
2020-06-03 20:20,-5,644530800,19.3,4.11,21.2,89.9,39,21.2,18.8
2020-06-03 20:30,-5,644531400,19.3,4.11,21.1,89.9,39,21.2,18.7
2020-06-03 20:40,-5,644532000,19.3,4.11,21,89.9,39,21.1,18.6
2020-06-03 20:50,-5,644532600,19.3,4.11,20.9,89.9,39,21.1,18.8
2020-06-03 21:00,-5,644533200,19.5,4.11,20.7,89.9,39.1,21.2,18.7
2020-06-03 21:10,-5,644533800,19.5,4.11,20.7,89.9,39.1,21.2,18.7
2020-06-03 21:20,-5,644534400,19.5,4.11,20.6,89.9,39.1,21.1,18.7
2020-06-03 21:30,-5,644535000,19.3,4.11,20.5,89.9,39.1,21.1,18.7
2020-06-03 21:40,-5,644535600,19.3,4.11,20.4,89.9,39.2,21.1,18.8
2020-06-03 21:50,-5,644536200,19.3,4.11,20.4,89.9,39.2,21.1,18.8
2020-06-03 22:00,-5,644536800,19.5,4.11,20.3,89.9,39.2,21.1,18.8
2020-06-03 22:10,-5,644537400,19.5,4.11,20.2,89.9,39.2,21.1,18.9
2020-06-03 22:20,-5,644538000,19.3,4.11,20.2,89.9,39.2,21.1,18.8
2020-06-03 22:30,-5,644538600,19.3,4.11,20.1,89.9,39.2,21,18.8
2020-06-03 22:40,-5,644539200,19.5,4.11,20.1,89.9,39.2,21.1,19.1
2020-06-03 22:50,-5,644539800,19.5,4.11,20,89.9,39.2,21,19
2020-06-03 23:00,-5,644540400,19.5,4.11,20,89.9,39.3,21,19
2020-06-03 23:10,-5,644541000,19.5,4.11,19.9,89.9,39.3,21,18.8
2020-06-03 23:20,-5,644541600,19.5,4.11,19.9,89.9,39.3,21,19
2020-06-03 23:30,-5,644542200,19.5,4.11,19.9,89.9,39.3,21,19
2020-06-03 23:40,-5,644542800,19.3,4.11,19.8,89.9,39.3,21,18.8
2020-06-03 23:50,-5,644543400,19,4.11,0,0,0,21,19
2020-06-04 0:00,-5,644544000,18.8,4.11,19.8,89.9,39.3,20.7,19.1
2020-06-04 0:10,-5,644544600,19,4.11,19.7,89.9,39.4,20.9,19.1
2020-06-04 0:20,-5,644545200,18.8,4.11,19.7,89.9,39.4,20.7,19.2
2020-06-04 0:30,-5,644545800,18.5,4.11,19.7,89.9,39.4,20.8,18.9
2020-06-04 0:40,-5,644546400,18.8,4.11,19.6,89.9,39.4,21.1,19.1
2020-06-04 0:50,-5,644547000,18.3,4.11,19.6,89.9,39.4,20.8,19.1
2020-06-04 1:00,-5,644547600,18.3,4.11,19.6,89.9,39.4,20.7,19.2
2020-06-04 1:10,-5,644548200,18.3,4.11,19.5,89.9,39.4,20.8,19.1
2020-06-04 1:20,-5,644548800,18.3,4.11,19.5,89.9,39.4,20.7,19.2
2020-06-04 1:30,-5,644549400,18,4.11,19.4,89.9,39.4,20.7,19.3
2020-06-04 1:40,-5,644550000,18,4.11,19.4,89.9,39.4,20.7,19.2
2020-06-04 1:50,-5,644550600,18,4.11,19.4,89.9,39.4,20.8,19.1
2020-06-04 2:00,-5,644551200,17.8,4.11,19.3,89.9,39.4,20.7,19.2
2020-06-04 2:10,-5,644551800,17.5,4.11,19.3,89.9,39.4,20.7,19.3
2020-06-04 2:20,-5,644552400,17.8,4.11,19.3,89.9,39.4,20.6,19.1
2020-06-04 2:30,-5,644553000,17.5,4.11,19.3,89.9,39.4,20.6,19.1
2020-06-04 2:40,-5,644553600,17.8,4.11,19.2,89.9,39.4,20.6,19.1
2020-06-04 2:50,-5,644554200,17.3,4.11,19.2,89.9,39.4,20.5,19.1
2020-06-04 3:00,-5,644554800,17.3,4.11,19.2,89.9,39.4,20.6,19.3
2020-06-04 3:10,-5,644555400,17.5,4.11,19.2,89.9,39.4,20.6,19.2
2020-06-04 3:20,-5,644556000,17.5,4.11,19.1,89.9,39.4,20.6,19.1
2020-06-04 3:30,-5,644556600,17.3,4.11,19.1,89.9,39.4,20.6,19.1
2020-06-04 3:40,-5,644557200,17,4.11,19.1,89.9,39.4,20.5,19.2
2020-06-04 3:50,-5,644557800,17,4.11,19.1,89.9,39.4,20.5,19.2
2020-06-04 4:00,-5,644558400,16.8,4.11,19.1,89.9,39.4,20.3,19.2
2020-06-04 4:10,-5,644559000,16.8,4.09,19.1,89.9,39.4,20.3,19.2
2020-06-04 4:20,-5,644559600,16.5,4.11,19.1,89.9,39.4,20.5,19.2
2020-06-04 4:30,-5,644560200,16.3,4.11,19.1,89.9,39.4,20.6,19.2
2020-06-04 4:40,-5,644560800,16.3,4.11,19,89.9,39.4,20.5,19.2
2020-06-04 4:50,-5,644561400,16.3,4.11,19,89.9,39.4,20.5,19.2
2020-06-04 5:00,-5,644562000,16.3,4.11,19,89.9,39.4,20.5,19.2
2020-06-04 5:10,-5,644562600,16.3,4.09,19,89.9,39.5,20.4,19.3
2020-06-04 5:20,-5,644563200,16.8,4.11,18.9,89.9,39.4,20.3,19.2
2020-06-04 5:30,-5,644563800,17.3,4.11,18.9,89.9,39.4,20.3,19.3
2020-06-04 5:40,-5,644564400,18,4.11,18.9,89.9,39.5,20.3,19.2
2020-06-04 5:50,-5,644565000,19.5,4.11,18.9,89.9,39.5,20.3,19.3
2020-06-04 6:00,-5,644565600,21,4.11,18.9,89.9,39.5,20.3,19.2
2020-06-04 6:10,-5,644566200,21.8,4.11,18.8,89.9,39.5,20.2,19.2
2020-06-04 6:20,-5,644566800,21.5,4.11,18.8,89.9,39.5,20.2,19.2
2020-06-04 6:30,-5,644567400,21.5,4.11,18.8,89.9,39.5,20.1,19.2
2020-06-04 6:40,-5,644568000,23,4.11,18.8,89.9,39.5,20.2,19.2
2020-06-04 6:50,-5,644568600,24.5,4.11,18.8,89.9,39.5,20.1,19.2
2020-06-04 7:00,-5,644569200,24.8,4.11,18.8,89.9,39.5,20.2,19.1
2020-06-04 7:10,-5,644569800,25.5,4.11,18.8,89.9,39.5,20.2,19.2
2020-06-04 7:20,-5,644570400,26.5,4.11,18.8,89.9,39.5,20.1,19.1
2020-06-04 7:30,-5,644571000,27,4.11,18.8,89.9,39.5,20.1,19.2
2020-06-04 7:40,-5,644571600,28.5,4.11,18.8,89.9,39.5,20.1,19.2
2020-06-04 7:50,-5,644572200,29.5,4.11,18.7,89.9,39.5,20.1,19.2
2020-06-04 8:00,-5,644572800,30.8,4.11,18.7,89.9,39.5,20,19.2
2020-06-04 8:10,-5,644573400,30.5,4.11,18.8,89.9,39.5,20.1,19.2
2020-06-04 8:20,-5,644574000,31.3,4.11,18.8,89.9,39.5,20,19.2
2020-06-04 8:30,-5,644574600,32.5,4.11,18.8,89.9,39.5,20,19.1
2020-06-04 8:40,-5,644575200,33.8,4.11,18.8,89.9,39.5,19.8,19.2
2020-06-04 8:50,-5,644575800,34.8,4.11,18.8,89.9,39.5,19.8,19.2
2020-06-04 9:00,-5,644576400,35.5,4.11,18.8,89.9,39.5,20,19.1
2020-06-04 9:10,-5,644577000,34.8,4.11,18.8,89.9,39.5,19.8,19.1
2020-06-04 9:20,-5,644577600,33.5,4.11,18.9,89.9,39.5,19.8,19.1
2020-06-04 9:30,-5,644578200,34,4.11,18.9,89.9,39.5,20,19.2
2020-06-04 9:40,-5,644578800,34.8,4.11,18.9,89.9,39.6,20.1,19.2
2020-06-04 9:50,-5,644579400,35.8,4.11,19,89.9,39.6,20,19.2
2020-06-04 10:00,-5,644580000,36.5,4.11,19,89.9,39.6,20.1,19.1
2020-06-04 10:10,-5,644580600,36.5,4.11,19,89.9,39.6,20,19.2
2020-06-04 10:20,-5,644581200,37.5,4.11,19,89.9,39.6,20,19.1
2020-06-04 10:30,-5,644581800,38.8,4.11,19.1,89.9,39.6,20.1,19
2020-06-04 10:40,-5,644582400,39,4.11,19.1,89.9,39.6,20.1,19
2020-06-04 10:50,-5,644583000,39.5,4.11,19.1,89.9,39.6,20.1,19
2020-06-04 11:00,-5,644583600,40.8,4.11,19.1,89.9,39.6,20.1,19
2020-06-04 11:10,-5,644584200,41.3,4.11,19.2,89.9,39.6,20.1,19
2020-06-04 11:20,-5,644584800,42.3,4.11,19.3,89.9,39.6,20.2,19.2
2020-06-04 11:30,-5,644585400,41.3,4.11,19.3,89.9,39.6,20.2,18.9
2020-06-04 11:40,-5,644586000,42.5,4.11,19.4,89.9,39.6,20.2,19.1
2020-06-04 11:50,-5,644586600,43,4.11,19.4,89.9,39.6,20.2,19.1
2020-06-04 12:00,-5,644587200,44.3,4.11,19.5,89.9,39.6,20.3,18.8
2020-06-04 12:10,-5,644587800,45.5,4.11,19.6,89.9,39.6,20.5,19.1
2020-06-04 12:20,-5,644588400,46.5,4.11,19.6,89.9,39.6,20.4,19.1
2020-06-04 12:30,-5,644589000,46.3,4.11,19.7,89.9,39.6,20.5,18.9
2020-06-04 12:40,-5,644589600,46.3,4.11,19.7,89.9,39.7,20.5,19.1
2020-06-04 12:50,-5,644590200,47.3,4.11,19.8,89.9,39.7,20.6,19.1
2020-06-04 13:00,-5,644590800,46.8,4.11,19.9,89.9,39.7,20.7,19
2020-06-04 13:10,-5,644591400,46.5,4.11,19.9,89.9,39.7,20.6,19.1
2020-06-04 13:20,-5,644592000,47.5,4.11,20,89.9,39.7,20.7,19.1
2020-06-04 13:30,-5,644592600,49.3,4.11,20.1,89.9,39.7,20.8,19.2
2020-06-04 13:40,-5,644593200,49,4.11,20.1,89.9,39.7,21.1,19.2
2020-06-04 13:50,-5,644593800,50,4.11,20.2,89.9,39.7,21,19.2
2020-06-04 14:00,-5,644594400,49.5,4.11,20.2,89.9,39.7,21,19.1
2020-06-04 14:10,-5,644595000,51,4.11,20.3,89.9,39.7,21.1,19.2
2020-06-04 14:20,-5,644595600,46.8,4.11,20.3,89.9,39.7,21.1,19.1
2020-06-04 14:30,-5,644596200,47,4.11,20.4,89.9,39.7,21.2,19.1
2020-06-04 14:40,-5,644596800,43.8,4.11,20.4,89.9,39.7,21.3,19
2020-06-04 14:50,-5,644597400,42.8,4.11,20.5,89.9,39.7,21.3,19.2
2020-06-04 15:00,-5,644598000,47.3,4.11,20.5,89.9,39.7,21.4,19.3
2020-06-04 15:10,-5,644598600,48.8,4.11,20.5,89.9,39.7,21.6,19.2
2020-06-04 15:20,-5,644599200,48.5,4.11,20.6,89.9,39.7,21.5,19.2
2020-06-04 15:30,-5,644599800,49.3,4.11,20.6,89.9,39.7,21.8,19.3
2020-06-04 15:40,-5,644600400,49.5,4.11,20.6,89.9,39.7,21.7,19.3
2020-06-04 15:50,-5,644601000,49.5,4.11,20.6,89.9,39.8,21.7,19.2
2020-06-04 16:00,-5,644601600,48.8,4.11,20.7,89.9,39.8,22,19.2
2020-06-04 16:10,-5,644602200,49,4.11,20.7,89.9,39.8,22,19.2
2020-06-04 16:20,-5,644602800,45.8,4.11,20.7,89.9,39.8,22.1,19.2
2020-06-04 16:30,-5,644603400,44.5,4.11,20.7,89.9,39.8,22.1,19.4
2020-06-04 16:40,-5,644604000,44.3,4.11,20.7,89.9,39.8,22.2,19.3
2020-06-04 16:50,-5,644604600,41.5,4.11,20.7,89.9,39.8,22.3,19.2
2020-06-04 17:00,-5,644605200,37.3,4.11,20.8,89.9,39.8,22.4,19.5
2020-06-04 17:10,-5,644605800,35.5,4.11,20.8,89.9,39.8,22.4,19.5
2020-06-04 17:20,-5,644606400,34.5,4.11,20.8,89.9,39.8,22.5,19.5
2020-06-04 17:30,-5,644607000,33.3,4.11,20.8,89.9,39.8,22.6,19.5
2020-06-04 17:40,-5,644607600,32,4.11,20.8,89.9,39.8,22.7,19.6
2020-06-04 17:50,-5,644608200,31,4.11,20.8,89.9,39.8,22.7,19.5
2020-06-04 18:00,-5,644608800,30.3,4.11,20.8,89.9,39.8,22.7,19.7
2020-06-04 18:10,-5,644609400,29.5,4.11,20.8,89.9,39.9,22.7,19.6
2020-06-04 18:20,-5,644610000,28.8,4.11,20.8,89.9,39.9,22.7,19.6
2020-06-04 18:30,-5,644610600,28,4.11,20.8,89.9,39.9,22.7,19.7
2020-06-04 18:40,-5,644611200,27.3,4.11,20.8,89.9,39.9,22.7,19.6
2020-06-04 18:50,-5,644611800,26.5,4.11,20.8,89.9,39.9,22.7,19.7
2020-06-04 19:00,-5,644612400,26.3,4.11,20.8,89.9,39.9,22.7,19.6
2020-06-04 19:10,-5,644613000,25.5,4.11,20.8,89.9,39.9,22.7,19.7
2020-06-04 19:20,-5,644613600,25.3,4.11,20.8,89.9,39.9,22.7,19.6
2020-06-04 19:30,-5,644614200,24.8,4.11,20.8,89.9,39.9,23.1,19.7
2020-06-04 19:40,-5,644614800,24.5,4.11,20.8,89.9,39.9,23,19.8
2020-06-04 19:50,-5,644615400,24.5,4.11,20.7,89.9,39.9,22.7,19.8
2020-06-04 20:00,-5,644616000,24.3,4.11,20.7,89.9,39.9,23,19.7
2020-06-04 20:10,-5,644616600,24.3,4.11,20.7,89.9,39.9,23,19.8
2020-06-04 20:20,-5,644617200,24.3,4.11,20.7,89.9,39.9,23.2,19.8
2020-06-04 20:30,-5,644617800,24.3,4.11,20.7,89.9,39.9,23.1,20
2020-06-04 20:40,-5,644618400,24.3,4.11,20.7,89.9,39.9,23,19.8
2020-06-04 20:50,-5,644619000,23.8,4.11,20.6,89.9,39.9,23.1,19.8
2020-06-04 21:00,-5,644619600,23.8,4.11,20.6,89.9,39.9,23.1,19.8
2020-06-04 21:10,-5,644620200,23.8,4.11,20.6,89.9,40,23,19.8
2020-06-04 21:20,-5,644620800,24,4.11,20.6,89.9,40,23,19.8
2020-06-04 21:30,-5,644621400,22,4.11,36.9,89.9,40.2,23,20
2020-06-04 21:40,-5,644622000,21,4.11,31.9,89.9,40.3,22.7,20
2020-06-04 21:50,-5,644622600,21,4.11,29.9,89.9,40.4,23,19.8
2020-06-04 22:00,-5,644623200,20.5,4.11,28.1,89.9,40.6,23,20.1
2020-06-04 22:10,-5,644623800,20.3,4.11,26.9,89.9,40.9,23,20
2020-06-04 22:20,-5,644624400,20.5,4.11,26.2,89.9,41.4,23,20
2020-06-04 22:30,-5,644625000,20.3,4.11,25.6,89.9,41.8,23,20.1
2020-06-04 22:40,-5,644625600,20.3,4.11,25,89.9,42,23.2,20.1
2020-06-04 22:50,-5,644626200,20.3,4.11,24.7,89.9,42.2,22.7,20.2
2020-06-04 23:00,-5,644626800,20.5,4.11,24.4,89.9,42.3,22.7,20.2
2020-06-04 23:10,-5,644627400,20.5,4.11,24.3,89.9,42.4,23,20.1
2020-06-04 23:20,-5,644628000,20.5,4.11,24,89.9,42.4,22.8,20.2
2020-06-04 23:30,-5,644628600,20.5,4.11,23.9,89.9,42.4,23,20.2
2020-06-04 23:40,-5,644629200,20.5,4.11,23.7,89.9,42.4,23.1,20.2
2020-06-04 23:50,-5,644629800,20.5,4.11,23.6,89.9,42.4,23,20.3
2020-06-05 0:00,-5,644630400,20.5,4.11,23.5,89.9,42.4,22.7,20.3
2020-06-05 0:10,-5,644631000,20.3,4.11,23.4,89.9,42.4,23.1,20.3
2020-06-05 0:20,-5,644631600,20.3,4.11,23.3,89.9,42.3,22.8,20.2
2020-06-05 0:30,-5,644632200,20.3,4.11,23.3,89.9,42.3,22.8,20.3
2020-06-05 0:40,-5,644632800,20.3,4.11,23.3,89.9,42.3,22.8,20.3
2020-06-05 0:50,-5,644633400,20.3,4.11,23.3,89.9,42.3,22.8,20.3
2020-06-05 1:00,-5,644634000,20.3,4.11,23.3,89.9,42.3,22.8,20.2
2020-06-05 1:10,-5,644634600,20.3,4.11,23.3,89.9,42.3,22.6,20.3
2020-06-05 1:20,-5,644635200,20.3,4.11,23.5,89.9,42.3,22.7,20.3
2020-06-05 1:30,-5,644635800,20.3,4.11,23.8,89.9,42.3,22.7,20.3
2020-06-05 1:40,-5,644636400,20.3,4.11,23.8,89.9,42.4,22.6,20.4
2020-06-05 1:50,-5,644637000,20,4.11,23.9,89.9,42.5,22.7,20.5
2020-06-05 2:00,-5,644637600,20.3,4.11,24,89.9,42.6,22.7,20.3
2020-06-05 2:10,-5,644638200,20,4.11,24.1,89.9,42.7,22.8,20.4
2020-06-05 2:20,-5,644638800,20,4.11,24.1,89.9,42.8,22.8,20.4
2020-06-05 2:30,-5,644639400,20,4.11,24,89.9,42.9,22.6,20.5
2020-06-05 2:40,-5,644640000,19.8,4.11,24,89.9,43.1,22.6,20.3
2020-06-05 2:50,-5,644640600,19.8,4.11,23.9,89.9,43.1,22.5,20.4
2020-06-05 3:00,-5,644641200,19.8,4.11,23.8,89.9,43.2,22.5,20.6
2020-06-05 3:10,-5,644641800,19.8,4.11,23.7,89.9,43.2,22.2,20.5
2020-06-05 3:20,-5,644642400,19.5,4.11,23.6,89.9,43.2,22.4,20.5
2020-06-05 3:30,-5,644643000,19.5,4.11,23.5,89.9,43.1,22.3,20.5
2020-06-05 3:40,-5,644643600,19.5,4.11,23.4,89.9,43.1,22.5,20.5
2020-06-05 3:50,-5,644644200,19.5,4.11,23.4,89.9,43.1,22.5,20.5
2020-06-05 4:00,-5,644644800,19.5,4.11,23.3,89.9,43,22.4,20.6
2020-06-05 4:10,-5,644645400,19.8,4.11,23.3,89.9,43,22.3,20.5
2020-06-05 4:20,-5,644646000,19.5,4.11,23.3,89.9,42.9,22.2,20.6
2020-06-05 4:30,-5,644646600,19.5,4.11,23.3,89.9,42.9,22.1,20.6
2020-06-05 4:40,-5,644647200,19.5,4.11,23.2,89.9,42.9,22.2,20.5
2020-06-05 4:50,-5,644647800,19.8,4.11,23.1,89.9,42.8,22.3,20.7
2020-06-05 5:00,-5,644648400,20,4.11,23.1,89.9,42.8,22.1,20.6
2020-06-05 5:10,-5,644649000,19.8,4.11,23.1,89.9,42.8,22,20.6
2020-06-05 5:20,-5,644649600,20,4.11,23,89.9,42.7,22.2,20.5
2020-06-05 5:30,-5,644650200,20,4.11,22.9,89.9,42.7,22,20.5
2020-06-05 5:40,-5,644650800,20,4.11,22.9,89.9,42.6,22,20.6
2020-06-05 5:50,-5,644651400,20.5,4.11,22.9,89.9,42.6,22,20.6
2020-06-05 6:00,-5,644652000,20.8,4.11,22.8,89.9,42.5,22,20.5
2020-06-05 6:10,-5,644652600,21,4.11,22.8,89.9,42.5,22.1,20.4
2020-06-05 6:20,-5,644653200,21.3,4.11,22.8,89.9,42.5,21.6,20.5
2020-06-05 6:30,-5,644653800,21.5,4.11,22.7,89.9,42.5,21.7,20.5
2020-06-05 6:40,-5,644654400,21.5,4.11,22.7,89.9,42.4,21.8,20.5
2020-06-05 6:50,-5,644655000,22,4.11,22.7,89.9,42.4,22.1,20.5
2020-06-05 7:00,-5,644655600,22.3,4.11,22.6,89.9,42.4,21.8,20.6
2020-06-05 7:10,-5,644656200,23,4.11,22.6,89.9,42.4,21.7,20.4
2020-06-05 7:20,-5,644656800,23.5,4.11,22.6,89.9,42.3,21.7,20.6
2020-06-05 7:30,-5,644657400,23.5,4.11,22.6,89.9,42.3,21.7,20.3
2020-06-05 7:40,-5,644658000,24.3,4.11,22.6,89.9,42.3,21.7,20.5
2020-06-05 7:50,-5,644658600,25,4.11,22.5,89.9,42.3,21.7,20.5
2020-06-05 8:00,-5,644659200,25,4.11,22.5,89.9,42.2,21.7,20.4
2020-06-05 8:10,-5,644659800,26,4.11,22.5,89.9,42.2,21.7,20.3
2020-06-05 8:20,-5,644660400,27.3,4.11,22.5,89.9,42.2,21.6,20.5
2020-06-05 8:30,-5,644661000,28.3,4.11,22.5,89.9,42.2,21.6,20.5
2020-06-05 8:40,-5,644661600,28.8,4.11,22.5,89.9,42.2,21.5,20.5
2020-06-05 8:50,-5,644662200,29.8,4.11,22.5,89.9,42.2,21.6,20.5
2020-06-05 9:00,-5,644662800,30.5,4.11,22.4,89.9,42.2,21.6,20.6
2020-06-05 9:10,-5,644663400,30.3,4.11,22.4,89.9,42.1,21.6,20.5
2020-06-05 9:20,-5,644664000,31,4.11,22.4,89.9,42.1,21.6,20.5
2020-06-05 9:30,-5,644664600,31.5,4.11,22.5,89.9,42.1,21.6,20.3
2020-06-05 9:40,-5,644665200,32.3,4.11,22.5,89.9,42.1,21.5,20.5
2020-06-05 9:50,-5,644665800,31.8,4.11,22.5,89.9,42.1,21.5,20.3
2020-06-05 10:00,-5,644666400,32,4.11,22.5,89.9,42.1,21.6,20.5
2020-06-05 10:10,-5,644667000,32.8,4.11,22.5,89.9,42.1,21.6,20.5
2020-06-05 10:20,-5,644667600,33,4.11,22.5,89.9,42.1,21.6,20.4
2020-06-05 10:30,-5,644668200,32.5,4.11,22.5,89.9,42.1,21.6,20.3
2020-06-05 10:40,-5,644668800,32.5,4.11,22.5,89.9,42.1,21.6,20.5
2020-06-05 10:50,-5,644669400,34,4.11,22.5,89.9,42.1,21.6,20.3
2020-06-05 11:00,-5,644670000,35,4.11,22.6,89.9,42,21.6,20.4
2020-06-05 11:10,-5,644670600,36.3,4.11,22.6,89.9,42.1,21.7,20.5
2020-06-05 11:20,-5,644671200,37,4.11,22.6,89.9,42,21.7,20.3
2020-06-05 11:30,-5,644671800,39,4.11,22.6,89.9,42,21.8,20.3
2020-06-05 11:40,-5,644672400,40,4.11,22.7,89.9,42,21.7,20.5
2020-06-05 11:50,-5,644673000,38.3,4.11,22.7,89.9,42,21.8,20.3
2020-06-05 12:00,-5,644673600,39.3,4.11,22.7,89.9,42,21.8,20.4
2020-06-05 12:10,-5,644674200,39.3,4.11,22.8,89.9,42,21.8,20.2
2020-06-05 12:20,-5,644674800,38.3,4.11,22.8,89.9,42,21.8,20.4
2020-06-05 12:30,-5,644675400,39.8,4.11,22.9,89.9,42,22,20.3
2020-06-05 12:40,-5,644676000,36.5,4.11,22.9,89.9,42,21.7,20.5
2020-06-05 12:50,-5,644676600,35.8,4.11,22.9,89.9,42,22,20.5
2020-06-05 13:00,-5,644677200,33.8,4.11,22.9,89.9,42,22.1,20.3
2020-06-05 13:10,-5,644677800,31.5,4.11,23,89.9,42,22.1,20.4
2020-06-05 13:20,-5,644678400,31.3,4.11,23,89.9,42,22.3,20.4
2020-06-05 13:30,-5,644679000,30.8,4.11,23,89.9,42,22.2,20.5
2020-06-05 13:40,-5,644679600,30,4.11,23,89.9,42,22.2,20.3
2020-06-05 13:50,-5,644680200,28.8,4.11,23.1,89.9,42,22.3,20.3
2020-06-05 14:00,-5,644680800,27,4.11,23,89.9,42,22.3,20.3
2020-06-05 14:10,-5,644681400,25.5,4.11,23.1,89.9,42,22.3,20.5
2020-06-05 14:20,-5,644682000,25,4.11,23.1,89.9,42,22.3,20.4
2020-06-05 14:30,-5,644682600,25.3,4.11,23.1,89.9,42,22.7,20.3
2020-06-05 14:40,-5,644683200,25.5,4.11,23.1,89.9,42,22.5,20.5
2020-06-05 14:50,-5,644683800,25.5,4.11,23.1,89.9,42,22.7,20.3
2020-06-05 15:00,-5,644684400,25.8,4.11,23.1,89.9,42,22.6,20.6
2020-06-05 15:10,-5,644685000,26.3,4.11,23.1,89.9,42,22.7,20.4
2020-06-05 15:20,-5,644685600,27.3,4.11,23.1,89.9,42,22.7,20.4
2020-06-05 15:30,-5,644686200,27,4.11,23.1,89.9,42,22.7,20.5
2020-06-05 15:40,-5,644686800,26.5,4.11,23.1,89.9,42,22.8,20.3
2020-06-05 15:50,-5,644687400,26,4.11,23.1,89.9,42,22.8,20.3
2020-06-05 16:00,-5,644688000,25.5,4.11,23.1,89.9,42,22.8,20.4
2020-06-05 16:10,-5,644688600,25,4.11,23.1,89.9,42,22.7,20.5
2020-06-05 16:20,-5,644689200,24.3,4.11,23.1,89.9,42,22.8,20.6
2020-06-05 16:30,-5,644689800,24,4.11,23.1,89.9,42,22.7,20.6
2020-06-05 16:40,-5,644690400,23.8,4.11,23.1,89.9,42,22.7,20.6
2020-06-05 16:50,-5,644691000,23.5,4.11,23.1,89.9,42,22.7,20.6
2020-06-05 17:00,-5,644691600,23.3,4.11,23.1,89.9,42.1,22.8,20.5
2020-06-05 17:10,-5,644692200,23,4.11,23.1,89.9,42.1,23,20.7
2020-06-05 17:20,-5,644692800,23,4.11,23.2,89.9,42.1,22.7,20.6
2020-06-05 17:30,-5,644693400,23,4.11,23.3,89.9,42.1,23.1,20.6
2020-06-05 17:40,-5,644694000,22.8,4.11,23.4,89.9,42.1,23.1,20.6
2020-06-05 17:50,-5,644694600,22.8,4.11,23.7,89.9,42.1,22.8,20.7
2020-06-05 18:00,-5,644695200,22.8,4.11,24,89.9,42.1,22.6,20.7
2020-06-05 18:10,-5,644695800,22.8,4.11,24.1,89.9,42.2,23.1,20.6
2020-06-05 18:20,-5,644696400,22.8,4.11,24.2,89.9,42.2,22.6,20.6
2020-06-05 18:30,-5,644697000,22.8,4.11,24.3,89.9,42.3,22.8,20.7
2020-06-05 18:40,-5,644697600,22.5,4.11,24.3,89.9,42.3,23,20.6
2020-06-05 18:50,-5,644698200,22.5,4.11,24.3,89.9,42.4,23.1,20.6
2020-06-05 19:00,-5,644698800,22.5,4.11,24.3,89.9,42.5,23.1,20.6
2020-06-05 19:10,-5,644699400,22.5,4.11,24.2,89.9,42.6,22.8,20.7
2020-06-05 19:20,-5,644700000,22.5,4.11,24.2,89.9,42.7,22.7,20.6
2020-06-05 19:30,-5,644700600,22.5,4.11,24.1,89.9,42.8,22.7,20.6
2020-06-05 19:40,-5,644701200,22.3,4.11,24.1,89.9,42.9,23.1,20.8
2020-06-05 19:50,-5,644701800,22.3,4.11,24,89.9,43,23.1,20.8
2020-06-05 20:00,-5,644702400,22.3,4.11,23.9,89.9,43.1,23.1,20.8
2020-06-05 20:10,-5,644703000,22.3,4.11,23.9,89.9,43.2,22.8,20.7
2020-06-05 20:20,-5,644703600,22.3,4.11,23.9,89.9,43.2,22.8,20.7
2020-06-05 20:30,-5,644704200,22,4.11,23.8,89.9,43.2,23.1,20.7
2020-06-05 20:40,-5,644704800,22,4.11,23.8,89.9,43.3,22.8,20.6
2020-06-05 20:50,-5,644705400,22,4.11,23.8,89.9,43.3,23,21
2020-06-05 21:00,-5,644706000,22,4.11,23.7,89.9,43.3,22.7,20.8
2020-06-05 21:10,-5,644706600,22,4.11,23.7,89.9,43.3,22.8,20.9
2020-06-05 21:20,-5,644707200,21.8,4.11,23.7,89.9,43.3,22.8,20.7
2020-06-05 21:30,-5,644707800,21.8,4.11,23.7,89.9,43.3,22.7,20.8
2020-06-05 21:40,-5,644708400,21.8,4.11,23.6,89.9,43.3,22.8,20.8
2020-06-05 21:50,-5,644709000,21.8,4.11,23.6,89.9,43.3,22.8,20.8
2020-06-05 22:00,-5,644709600,21.8,4.11,23.6,89.9,43.3,22.8,20.8
2020-06-05 22:10,-5,644710200,21.8,4.11,23.6,89.9,43.3,22.7,20.7
2020-06-05 22:20,-5,644710800,21.8,4.11,23.6,89.9,43.3,22.7,20.8
2020-06-05 22:30,-5,644711400,21.5,4.11,23.5,89.9,43.3,22.8,20.7
2020-06-05 22:40,-5,644712000,21.5,4.11,23.5,89.9,43.3,22.7,21
2020-06-05 22:50,-5,644712600,21.5,4.11,23.5,89.9,43.3,22.7,20.7
2020-06-05 23:00,-5,644713200,21.5,4.11,23.5,89.9,43.3,22.7,20.8
2020-06-05 23:10,-5,644713800,21.3,4.11,23.5,89.9,43.3,22.7,20.8
2020-06-05 23:20,-5,644714400,21,4.11,23.4,89.9,43.3,22.6,21
2020-06-05 23:30,-5,644715000,21,4.11,23.4,89.9,43.3,22.7,20.7
2020-06-05 23:40,-5,644715600,21,4.11,23.4,89.9,43.3,22.5,20.8
2020-06-05 23:50,-5,644716200,20.8,4.11,23.4,89.9,43.3,22.6,20.7
2020-06-06 0:00,-5,644716800,20.8,4.11,23.4,89.9,43.2,22.7,20.8
2020-06-06 0:10,-5,644717400,20.8,4.11,23.4,89.9,43.3,22.7,20.8
2020-06-06 0:20,-5,644718000,20.5,4.11,23.4,89.9,43.2,22.5,20.7
2020-06-06 0:30,-5,644718600,20.5,4.11,23.4,89.9,43.2,22.5,20.8
2020-06-06 0:40,-5,644719200,20.5,4.11,23.3,89.9,43.2,22.5,20.7
2020-06-06 0:50,-5,644719800,20.3,4.11,23.3,89.9,43.2,22.4,20.8
2020-06-06 1:00,-5,644720400,20.3,4.11,23.3,89.9,43.2,22.6,20.8
2020-06-06 1:10,-5,644721000,20.3,4.11,23.3,89.9,43.2,22.4,20.8
2020-06-06 1:20,-5,644721600,20,4.11,23.3,89.9,43.2,22.5,20.8
2020-06-06 1:30,-5,644722200,20,4.11,23.3,89.9,43.2,22.4,21
2020-06-06 1:40,-5,644722800,19.8,4.11,23.3,89.9,43.2,22.3,20.8
2020-06-06 1:50,-5,644723400,19.5,4.11,23.3,89.9,43.2,22.5,20.9
2020-06-06 2:00,-5,644724000,19.5,4.11,23.3,89.9,43.2,22.3,20.8
2020-06-06 2:10,-5,644724600,19.5,4.11,23.3,89.9,43.2,22.3,20.7
2020-06-06 2:20,-5,644725200,19.5,4.11,23.3,89.9,43.2,22.4,20.8
2020-06-06 2:30,-5,644725800,19.5,4.11,23.3,89.9,43.2,22.3,20.8
2020-06-06 2:40,-5,644726400,19.5,4.11,23.3,89.9,43.2,22.2,20.8
2020-06-06 2:50,-5,644727000,19,4.11,23.3,89.9,43.2,22.2,20.8
2020-06-06 3:00,-5,644727600,19,4.11,23.2,89.9,43.2,22.2,20.8
2020-06-06 3:10,-5,644728200,19.3,4.11,23.2,89.9,43.2,22.3,20.9
2020-06-06 3:20,-5,644728800,19.3,4.11,23.2,89.9,43.2,22.2,20.8
2020-06-06 3:30,-5,644729400,19,4.11,23.2,89.9,43.2,22.2,20.8
2020-06-06 3:40,-5,644730000,19.3,4.11,23.2,89.9,43.2,22.1,20.8
2020-06-06 3:50,-5,644730600,19.3,4.11,23.1,89.9,43.2,22.2,20.8
2020-06-06 4:00,-5,644731200,18.8,4.11,23.1,89.9,43.2,22.2,20.8
2020-06-06 4:10,-5,644731800,18.5,4.11,23.1,89.9,43.2,22,20.8
2020-06-06 4:20,-5,644732400,18.5,4.11,23.1,89.9,43.2,22,20.8
2020-06-06 4:30,-5,644733000,18.8,4.11,23.1,89.9,43.2,22.1,20.8
2020-06-06 4:40,-5,644733600,18.5,4.11,23,89.9,43.2,22.1,20.8
2020-06-06 4:50,-5,644734200,18.3,4.11,23,89.9,43.2,22,20.8
2020-06-06 5:00,-5,644734800,18.5,4.11,23,89.9,43.1,22.2,20.7
2020-06-06 5:10,-5,644735400,19.3,4.11,23,89.9,43.1,21.7,20.8
2020-06-06 5:20,-5,644736000,19.8,4.11,23,89.9,43.1,21.7,20.8
2020-06-06 5:30,-5,644736600,20,4.11,23,89.9,43.1,21.8,20.7
2020-06-06 5:40,-5,644737200,20.3,4.11,22.9,89.9,43.1,21.7,20.6
2020-06-06 5:50,-5,644737800,20.8,4.11,22.9,89.9,43.1,21.6,20.7
2020-06-06 6:00,-5,644738400,21,4.11,22.9,89.9,43.1,21.7,20.7
2020-06-06 6:10,-5,644739000,21.3,4.11,22.9,89.9,43.1,21.7,20.7
2020-06-06 6:20,-5,644739600,21.5,4.11,22.9,89.9,43.1,21.7,20.8
2020-06-06 6:30,-5,644740200,21.8,4.11,22.9,89.9,43.1,21.7,20.8
2020-06-06 6:40,-5,644740800,22.3,4.11,22.9,89.9,43.1,21.6,20.7
2020-06-06 6:50,-5,644741400,23.3,4.11,22.9,89.9,43.1,21.6,20.8
2020-06-06 7:00,-5,644742000,23.5,4.11,22.9,89.9,43.1,21.7,20.8
2020-06-06 7:10,-5,644742600,24,4.11,22.9,89.9,43.1,21.5,20.8
2020-06-06 7:20,-5,644743200,24.5,4.11,22.9,89.9,43.1,21.6,20.7
2020-06-06 7:30,-5,644743800,25,4.11,22.9,89.9,43.1,21.5,20.8
2020-06-06 7:40,-5,644744400,25.8,4.11,22.9,89.9,43.1,21.6,20.7
2020-06-06 7:50,-5,644745000,26.5,4.11,22.9,89.9,43.1,21.5,20.8
2020-06-06 8:00,-5,644745600,28,4.11,22.9,89.9,43.1,21.5,20.8
2020-06-06 8:10,-5,644746200,27.8,4.11,22.9,89.9,43.1,21.5,20.7
2020-06-06 8:20,-5,644746800,28,4.11,22.9,89.9,43.1,21.5,20.7
2020-06-06 8:30,-5,644747400,29,4.11,22.9,89.9,43.1,21.5,20.7
2020-06-06 8:40,-5,644748000,29.5,4.11,22.9,89.9,43.1,21.5,20.7
2020-06-06 8:50,-5,644748600,30.5,4.11,22.9,89.9,43.1,21.5,20.7
2020-06-06 9:00,-5,644749200,30,4.11,23,89.9,43.1,21.5,20.6
2020-06-06 9:10,-5,644749800,30.3,4.11,23,89.9,43.1,21.5,20.6
2020-06-06 9:20,-5,644750400,30.8,4.11,23,89.9,43.1,21.5,20.6
2020-06-06 9:30,-5,644751000,31.3,4.11,23,89.9,43.1,21.5,20.6
2020-06-06 9:40,-5,644751600,31,4.11,23.1,89.9,43.1,21.5,20.6
2020-06-06 9:50,-5,644752200,30.8,4.11,23.1,89.9,43.1,21.5,20.6
2020-06-06 10:00,-5,644752800,32,4.11,23.1,89.9,43.1,21.4,20.6
2020-06-06 10:10,-5,644753400,33,4.11,23.1,89.9,43.1,21.5,20.5
2020-06-06 10:20,-5,644754000,32.3,4.11,23.2,89.9,43.1,21.5,20.7
2020-06-06 10:30,-5,644754600,32.3,4.11,23.2,89.9,43.1,21.5,20.6
2020-06-06 10:40,-5,644755200,34,4.11,23.2,89.9,43.1,21.6,20.6
2020-06-06 10:50,-5,644755800,34.5,4.11,23.3,89.9,43.1,21.6,20.5
2020-06-06 11:00,-5,644756400,35.5,4.11,23.3,89.9,43.1,21.6,20.6
2020-06-06 11:10,-5,644757000,36.8,4.11,23.3,89.9,43.1,21.6,20.6
2020-06-06 11:20,-5,644757600,37.3,4.11,23.3,89.9,43.1,21.7,20.5
2020-06-06 11:30,-5,644758200,37.8,4.11,23.3,89.9,43.1,21.6,20.6
2020-06-06 11:40,-5,644758800,36.8,4.11,23.4,89.9,43.1,21.7,20.6
2020-06-06 11:50,-5,644759400,36.8,4.11,23.4,89.9,43.1,21.8,20.6
2020-06-06 12:00,-5,644760000,37,4.11,23.5,89.9,43.2,21.7,20.5
2020-06-06 12:10,-5,644760600,36.8,4.12,23.5,89.9,43.1,21.8,20.6
2020-06-06 12:20,-5,644761200,38,4.11,23.6,89.9,43.1,22,20.6
2020-06-06 12:30,-5,644761800,38.8,4.12,23.6,89.9,43.1,22,20.7
2020-06-06 12:40,-5,644762400,38.8,4.12,23.6,89.9,43.2,22,20.7
2020-06-06 12:50,-5,644763000,38.8,4.12,23.7,89.9,43.2,22,20.5
2020-06-06 13:00,-5,644763600,41.5,4.12,23.7,89.9,43.2,22.2,20.5
2020-06-06 13:10,-5,644764200,42.5,4.12,23.8,89.9,43.1,22.1,20.6
2020-06-06 13:20,-5,644764800,43.5,4.12,23.9,89.9,43.1,22.1,20.6
2020-06-06 13:30,-5,644765400,41.8,4.12,23.9,89.9,43.1,22.1,20.5
2020-06-06 13:40,-5,644766000,42.8,4.12,23.9,89.9,43.1,22.2,20.6
2020-06-06 13:50,-5,644766600,41.3,4.12,23.9,89.9,43.2,22.2,20.6
2020-06-06 14:00,-5,644767200,43,4.12,24,89.9,43.2,22.4,20.7
2020-06-06 14:10,-5,644767800,42.8,4.12,24,89.9,43.2,22.5,20.6
2020-06-06 14:20,-5,644768400,43.8,4.12,24.1,89.9,43.2,22.6,20.7
2020-06-06 14:30,-5,644769000,43.8,4.12,24.1,89.9,43.2,22.6,20.6
2020-06-06 14:40,-5,644769600,43.8,4.12,24.1,89.9,43.2,22.6,20.6
2020-06-06 14:50,-5,644770200,44,4.12,24.2,89.9,43.2,22.8,20.5
2020-06-06 15:00,-5,644770800,42.8,4.12,24.2,89.9,43.2,22.8,20.6
2020-06-06 15:10,-5,644771400,42.8,4.12,24.2,89.9,43.2,22.7,20.6
2020-06-06 15:20,-5,644772000,43,4.12,24.2,89.9,43.2,22.7,20.7
2020-06-06 15:30,-5,644772600,43,4.12,24.3,89.9,43.2,22.7,20.5
2020-06-06 15:40,-5,644773200,43.5,4.12,24.3,89.9,43.2,23,20.7
2020-06-06 15:50,-5,644773800,41.8,4.12,24.3,89.9,43.2,22.7,20.5
2020-06-06 16:00,-5,644774400,41.8,4.12,24.3,89.9,43.2,22.7,20.6
2020-06-06 16:10,-5,644775000,41.5,4.12,24.3,89.9,43.2,23,20.7
2020-06-06 16:20,-5,644775600,39.3,4.12,24.3,89.9,43.2,23,20.7
2020-06-06 16:30,-5,644776200,40.3,4.12,24.3,89.9,43.2,23.1,20.6
2020-06-06 16:40,-5,644776800,34.8,4.12,24.3,89.9,43.2,23.2,20.7
2020-06-06 16:50,-5,644777400,36.3,4.12,24.3,89.9,43.2,23.2,20.7
2020-06-06 17:00,-5,644778000,38.8,4.12,24.3,89.9,43.2,23.3,20.8
2020-06-06 17:10,-5,644778600,38.5,4.12,24.3,89.9,43.2,23.2,20.8
2020-06-06 17:20,-5,644779200,37,4.12,24.3,89.9,43.2,23.3,20.7
2020-06-06 17:30,-5,644779800,37,4.12,24.3,89.9,43.2,23.3,20.8
2020-06-06 17:40,-5,644780400,37.5,4.12,27.7,89.9,43.2,23.4,20.8
2020-06-06 17:50,-5,644781000,36,4.12,27.3,89.9,43.3,23.3,20.7
2020-06-06 18:00,-5,644781600,34.3,4.12,27.3,89.9,43.3,23.4,20.7
2020-06-06 18:10,-5,644782200,32.5,4.12,27.1,89.9,43.3,23.5,21
2020-06-06 18:20,-5,644782800,33.5,4.12,26.7,89.9,43.3,23.5,20.8
2020-06-06 18:30,-5,644783400,32.5,4.12,26.1,89.9,43.3,23.6,21
2020-06-06 18:40,-5,644784000,32,4.12,25.8,89.9,43.3,23.6,20.8
2020-06-06 18:50,-5,644784600,30,4.12,25.5,89.9,43.3,23.5,20.7
2020-06-06 19:00,-5,644785200,29,4.12,25.1,89.9,43.3,23.3,20.8
2020-06-06 19:10,-5,644785800,28.3,4.12,24.8,89.9,43.3,23.6,21
2020-06-06 19:20,-5,644786400,27.3,4.12,24.7,89.9,43.3,23.6,21
2020-06-06 19:30,-5,644787000,26,4.12,24.6,89.9,43.3,23.6,21.1
2020-06-06 19:40,-5,644787600,25,4.12,24.5,89.9,43.3,23.5,21.1
2020-06-06 19:50,-5,644788200,24,4.12,24.5,89.9,43.3,23.5,21.1
2020-06-06 20:00,-5,644788800,23.3,4.12,24.5,89.9,43.3,23.6,21
2020-06-06 20:10,-5,644789400,22.5,4.12,24.4,89.9,43.4,23.6,21.1
2020-06-06 20:20,-5,644790000,21.5,4.12,24.4,89.9,43.4,23.5,21.1
2020-06-06 20:30,-5,644790600,21.3,4.12,24.3,89.9,43.4,23.7,21.1
2020-06-06 20:40,-5,644791200,21,4.12,24.3,89.9,43.4,23.6,21.2
2020-06-06 20:50,-5,644791800,20.5,4.12,24.3,89.9,43.4,23.5,21.1
2020-06-06 21:00,-5,644792400,20,4.12,24.3,89.9,43.4,23.6,21
2020-06-06 21:10,-5,644793000,19.8,4.12,24.2,89.9,43.4,23.3,21.2
2020-06-06 21:20,-5,644793600,19.8,4.12,24.2,89.9,43.4,23.6,21.2
2020-06-06 21:30,-5,644794200,19.8,4.12,24.1,89.9,43.4,23.3,21.1
2020-06-06 21:40,-5,644794800,19.8,4.12,24.1,89.9,43.4,23.5,21.1
2020-06-06 21:50,-5,644795400,19.8,4.12,24,89.9,43.4,23.4,21.2
2020-06-06 22:00,-5,644796000,19.8,4.12,24,89.9,43.4,23.5,21.2
2020-06-06 22:10,-5,644796600,19.8,4.12,23.9,89.9,43.4,23.3,21.2
2020-06-06 22:20,-5,644797200,19.3,4.12,23.9,89.9,43.4,23.2,21.2
2020-06-06 22:30,-5,644797800,19,4.12,23.9,89.9,43.4,23.2,21.3
2020-06-06 22:40,-5,644798400,18.8,4.12,23.9,89.9,43.4,23.3,21.2
2020-06-06 22:50,-5,644799000,18.5,4.11,23.8,89.9,43.4,23.3,21.2
2020-06-06 23:00,-5,644799600,18.5,4.12,23.8,89.9,43.4,23.2,21.3
2020-06-06 23:10,-5,644800200,18.3,4.12,23.7,89.9,43.4,23.3,21.2
2020-06-06 23:20,-5,644800800,18.3,4.11,23.7,89.9,43.4,23.2,21.2
2020-06-06 23:30,-5,644801400,17.5,4.11,23.6,89.9,43.5,23.2,21.1
2020-06-06 23:40,-5,644802000,17,4.11,23.6,89.9,43.4,23.1,21.2
2020-06-06 23:50,-5,644802600,16.5,4.11,23.6,89.9,43.4,23.2,21.3
2020-06-07 0:00,-5,644803200,16.3,4.11,23.5,89.9,43.4,23.1,21.2
2020-06-07 0:10,-5,644803800,16.8,4.11,23.5,89.9,43.5,23,21.2
2020-06-07 0:20,-5,644804400,17,4.11,23.7,89.9,43.5,23.1,21.3
2020-06-07 0:30,-5,644805000,17.3,4.11,23.5,89.9,43.5,23.1,21.2
2020-06-07 0:40,-5,644805600,17.3,4.11,23.4,89.9,43.4,23.1,21.2
2020-06-07 0:50,-5,644806200,17.5,4.11,23.3,89.9,43.5,23,21.1
2020-06-07 1:00,-5,644806800,17.3,4.11,23.3,89.9,43.4,23.1,21.3
2020-06-07 1:10,-5,644807400,16.8,4.11,23.3,89.9,43.5,22.8,21.2
2020-06-07 1:20,-5,644808000,16.5,4.11,23.3,89.9,43.5,22.8,21.2
2020-06-07 1:30,-5,644808600,16.3,4.11,23.2,89.9,43.5,23,21.3
2020-06-07 1:40,-5,644809200,16,4.11,23.2,89.9,43.5,22.6,21.3
2020-06-07 1:50,-5,644809800,16,4.11,23.2,89.9,43.5,22.6,21.2
2020-06-07 2:00,-5,644810400,15.5,4.11,23.1,89.9,43.5,22.7,21.2
2020-06-07 2:10,-5,644811000,15.3,4.11,23.1,89.9,43.5,22.8,21.2
2020-06-07 2:20,-5,644811600,14.8,4.11,23.1,89.9,43.5,22.7,21.2
2020-06-07 2:30,-5,644812200,14.3,4.11,23,89.9,43.5,22.8,21.3
2020-06-07 2:40,-5,644812800,14,4.11,23,89.9,43.5,22.5,21.3
2020-06-07 2:50,-5,644813400,13.8,4.11,22.9,89.9,43.5,22.6,21.3
2020-06-07 3:00,-5,644814000,13.3,4.11,22.9,89.9,43.5,22.5,21.3
2020-06-07 3:10,-5,644814600,13.3,4.11,22.9,89.9,43.5,22.4,21.3
2020-06-07 3:20,-5,644815200,13.5,4.11,22.8,89.9,43.5,22.4,21.2
2020-06-07 3:30,-5,644815800,13.3,4.11,22.8,89.9,43.5,22.3,21.2
2020-06-07 3:40,-5,644816400,13,4.11,22.8,89.9,43.5,22.3,21.2
2020-06-07 3:50,-5,644817000,12.5,4.11,22.7,89.9,43.5,22.3,21.3
2020-06-07 4:00,-5,644817600,12,4.11,22.7,89.9,43.5,22.1,21.2
2020-06-07 4:10,-5,644818200,11.8,4.11,22.6,89.9,43.5,22.1,21.2
2020-06-07 4:20,-5,644818800,11.8,4.11,22.6,89.9,43.5,22.2,21.2
2020-06-07 4:30,-5,644819400,12,4.11,22.6,89.9,43.5,22,21.1
2020-06-07 4:40,-5,644820000,12,4.11,22.6,89.9,43.5,22,21.2
2020-06-07 4:50,-5,644820600,12.3,4.11,22.5,89.9,43.5,22.1,21.3
2020-06-07 5:00,-5,644821200,12.5,4.11,22.5,89.9,43.5,21.8,21.2
2020-06-07 5:10,-5,644821800,12.5,4.11,22.5,89.9,43.5,22.1,21.2
2020-06-07 5:20,-5,644822400,13.3,4.11,22.4,89.9,43.5,21.8,21.1
2020-06-07 5:30,-5,644823000,15.3,4.11,22.4,89.9,43.5,21.8,21.3
2020-06-07 5:40,-5,644823600,16.5,4.11,22.4,89.9,43.5,21.7,21.2
2020-06-07 5:50,-5,644824200,17.3,4.11,22.3,89.9,43.5,21.7,21.2
2020-06-07 6:00,-5,644824800,18.3,4.11,22.3,89.9,43.5,21.6,21.1
2020-06-07 6:10,-5,644825400,19.3,4.11,22.3,89.9,43.5,21.6,21.1
2020-06-07 6:20,-5,644826000,20,4.12,22.2,89.9,43.5,21.5,21.2
2020-06-07 6:30,-5,644826600,20.5,4.12,22.2,89.9,43.5,21.5,21.1
2020-06-07 6:40,-5,644827200,21.5,4.12,22.2,89.9,43.5,21.5,21.2
2020-06-07 6:50,-5,644827800,22,4.12,22.2,89.9,43.5,21.5,21.2
2020-06-07 7:00,-5,644828400,22.3,4.12,22.1,89.9,43.5,21.3,21.2
2020-06-07 7:10,-5,644829000,23,4.12,22.1,89.9,43.5,21.3,21
2020-06-07 7:20,-5,644829600,22.8,4.12,22.1,89.9,43.5,21.3,21
2020-06-07 7:30,-5,644830200,23,4.12,22.1,89.9,43.5,21.2,21
2020-06-07 7:40,-5,644830800,23.3,4.12,22,89.9,43.5,21.1,21.1
2020-06-07 7:50,-5,644831400,23.5,4.12,22,89.9,43.5,21.2,21.1
2020-06-07 8:00,-5,644832000,23.8,4.12,22,89.9,43.5,21.1,20.8
2020-06-07 8:10,-5,644832600,24.3,4.12,22,89.9,43.5,21.1,20.9
2020-06-07 8:20,-5,644833200,24.5,4.12,22,89.9,43.5,21.2,21
2020-06-07 8:30,-5,644833800,24.8,4.12,22,89.9,43.5,21.1,21.1
2020-06-07 8:40,-5,644834400,24.8,4.12,22,89.9,43.5,21,21
2020-06-07 8:50,-5,644835000,25.3,4.12,22.2,89.9,43.5,21,21
2020-06-07 9:00,-5,644835600,26,4.12,21.9,89.9,43.5,21,20.8
2020-06-07 9:10,-5,644836200,25.8,4.12,22,89.9,43.5,21.1,21
2020-06-07 9:20,-5,644836800,26.3,4.12,22,89.9,43.5,21,21
2020-06-07 9:30,-5,644837400,26,4.12,22,89.9,43.5,21,20.8
2020-06-07 9:40,-5,644838000,27.3,4.12,22,89.9,43.5,21.1,20.8
2020-06-07 9:50,-5,644838600,27.3,4.12,22,89.9,43.5,20.7,20.8
2020-06-07 10:00,-5,644839200,27.5,4.12,22,89.9,43.5,21,20.6
2020-06-07 10:10,-5,644839800,28.5,4.12,22,89.9,43.5,21.1,20.7
2020-06-07 10:20,-5,644840400,28.8,4.12,22.1,89.9,43.5,20.7,20.6
2020-06-07 10:30,-5,644841000,29,4.12,22.1,89.9,43.5,21.1,20.8
2020-06-07 10:40,-5,644841600,29.8,4.12,22.1,89.9,43.5,20.8,20.7
2020-06-07 10:50,-5,644842200,28.5,4.12,22.1,89.9,43.5,21.1,20.7
2020-06-07 11:00,-5,644842800,30,4.12,22.2,89.9,43.5,21,20.8
2020-06-07 11:10,-5,644843400,30.8,4.12,22.2,89.9,43.5,21,20.7
2020-06-07 11:20,-5,644844000,30,4.12,22.2,89.9,43.5,21,20.6
2020-06-07 11:30,-5,644844600,31,4.12,22.3,89.9,43.5,21,20.6
2020-06-07 11:40,-5,644845200,30,4.12,22.3,89.9,43.5,21.1,20.6
2020-06-07 11:50,-5,644845800,31.8,4.12,22.3,89.9,43.5,21,20.6
2020-06-07 12:00,-5,644846400,34,4.12,22.4,89.9,43.5,21.1,20.7
2020-06-07 12:10,-5,644847000,32.3,4.12,22.4,89.9,43.5,21,20.6
2020-06-07 12:20,-5,644847600,34.8,4.12,22.4,89.9,43.5,21.1,20.6
2020-06-07 12:30,-5,644848200,36.8,4.12,22.5,89.9,43.5,21.2,20.5
2020-06-07 12:40,-5,644848800,37.8,4.12,22.5,89.9,43.5,21.2,20.6
2020-06-07 12:50,-5,644849400,36,4.12,22.6,89.9,43.5,21.2,20.7
2020-06-07 13:00,-5,644850000,35.3,4.12,22.6,89.9,43.5,21.2,20.6
2020-06-07 13:10,-5,644850600,35.5,4.12,22.6,89.9,43.6,21.2,20.5
2020-06-07 13:20,-5,644851200,36.8,4.12,22.7,89.9,43.5,21.3,20.6
2020-06-07 13:30,-5,644851800,34.5,4.12,22.7,89.9,43.5,21.3,20.7
2020-06-07 13:40,-5,644852400,36,4.12,22.8,89.9,43.6,21.3,20.6
2020-06-07 13:50,-5,644853000,36,4.12,22.8,89.9,43.5,21.5,20.6
2020-06-07 14:00,-5,644853600,36.5,4.12,22.8,89.9,43.5,21.5,20.6
2020-06-07 14:10,-5,644854200,36.5,4.12,22.8,89.9,43.6,21.4,20.6
2020-06-07 14:20,-5,644854800,37,4.12,22.8,89.9,43.5,21.6,20.5
2020-06-07 14:30,-5,644855400,39,4.12,22.9,89.9,43.5,21.6,20.5
2020-06-07 14:40,-5,644856000,40.3,4.12,22.9,89.9,43.5,21.5,20.4
2020-06-07 14:50,-5,644856600,36.5,4.12,22.9,89.9,43.5,21.7,20.5
2020-06-07 15:00,-5,644857200,36,4.12,22.9,89.9,43.5,21.8,20.6
2020-06-07 15:10,-5,644857800,35.3,4.12,23,89.9,43.5,21.7,20.5
2020-06-07 15:20,-5,644858400,36.3,4.12,23,89.9,43.6,22.1,20.6
2020-06-07 15:30,-5,644859000,38.8,4.12,23,89.9,43.5,22,20.6
2020-06-07 15:40,-5,644859600,37,4.12,23,89.9,43.6,21.6,20.6
2020-06-07 15:50,-5,644860200,34.8,4.12,23,89.9,43.6,22.1,20.6
2020-06-07 16:00,-5,644860800,37.3,4.12,23,89.9,43.6,22,20.6
2020-06-07 16:10,-5,644861400,34.5,4.12,23,89.9,43.5,22.1,20.5
2020-06-07 16:20,-5,644862000,31,4.12,23,89.9,43.6,22.1,20.6
2020-06-07 16:30,-5,644862600,34.3,4.12,23,89.9,43.6,22.1,20.6
2020-06-07 16:40,-5,644863200,35.3,4.12,23,89.9,43.6,22.2,20.6
2020-06-07 16:50,-5,644863800,34.8,4.12,23,89.9,43.6,22.3,20.6
2020-06-07 17:00,-5,644864400,31.3,4.12,23,89.9,43.6,22.3,20.6
2020-06-07 17:10,-5,644865000,28.5,4.12,23,89.9,43.6,22.3,20.6
2020-06-07 17:20,-5,644865600,32.5,4.12,23,89.9,43.6,22.4,20.6
2020-06-07 17:30,-5,644866200,33.3,4.12,23,89.9,43.5,22.3,20.6
2020-06-07 17:40,-5,644866800,32.5,4.12,22.9,89.9,43.5,22.3,20.7
2020-06-07 17:50,-5,644867400,33.8,4.12,22.9,89.9,43.5,22.5,20.7
2020-06-07 18:00,-5,644868000,33.3,4.12,22.9,89.9,43.5,22.4,20.7
2020-06-07 18:10,-5,644868600,32.5,4.12,22.9,89.9,43.5,22.5,20.6
2020-06-07 18:20,-5,644869200,31.8,4.12,22.8,89.9,43.5,22.5,20.7
2020-06-07 18:30,-5,644869800,31,4.12,23,89.9,43.5,22.5,20.6
2020-06-07 18:40,-5,644870400,30.3,4.12,22.9,89.9,43.5,22.5,20.7
2020-06-07 18:50,-5,644871000,29.5,4.12,22.7,89.9,43.5,22.6,20.6
2020-06-07 19:00,-5,644871600,28.5,4.12,22.7,89.9,43.5,22.5,20.6
2020-06-07 19:10,-5,644872200,26.8,4.12,22.6,89.9,43.5,22.6,20.8
2020-06-07 19:20,-5,644872800,24.8,4.12,22.6,89.9,43.5,22.6,20.6
2020-06-07 19:30,-5,644873400,22.8,4.12,22.6,89.9,43.5,22.6,20.6
2020-06-07 19:40,-5,644874000,21,4.12,22.5,89.9,43.5,22.5,20.7
2020-06-07 19:50,-5,644874600,20,4.12,22.5,89.9,43.5,22.5,20.7
2020-06-07 20:00,-5,644875200,18.8,4.12,22.5,89.9,43.5,22.5,20.7
2020-06-07 20:10,-5,644875800,17.8,4.12,22.4,89.9,43.5,22.7,20.8
2020-06-07 20:20,-5,644876400,17,4.12,22.4,89.9,43.5,22.6,20.7
2020-06-07 20:30,-5,644877000,16.5,4.12,22.4,89.9,43.6,22.6,20.7
2020-06-07 20:40,-5,644877600,16.5,4.12,22.3,89.9,43.6,22.5,20.8
2020-06-07 20:50,-5,644878200,16.3,4.12,22.3,89.9,43.6,22.6,21
2020-06-07 21:00,-5,644878800,16.3,4.12,22.3,89.9,43.6,22.6,20.7
2020-06-07 21:10,-5,644879400,16,4.12,22.2,89.9,43.6,22.5,20.7
2020-06-07 21:20,-5,644880000,15.5,4.12,22.2,89.9,43.6,22.5,20.8
2020-06-07 21:30,-5,644880600,15,4.12,22.2,89.9,43.6,22.4,20.7
2020-06-07 21:40,-5,644881200,14.8,4.12,22.1,89.9,43.6,22.4,20.8
2020-06-07 21:50,-5,644881800,15,4.12,22.1,89.9,43.6,22.5,20.6
2020-06-07 22:00,-5,644882400,15,4.12,22.1,89.9,43.6,22.3,20.8
2020-06-07 22:10,-5,644883000,14.8,4.12,22,89.9,43.6,22.2,20.7
2020-06-07 22:20,-5,644883600,14.5,4.12,22,89.9,43.6,22.2,20.7
2020-06-07 22:30,-5,644884200,14.3,4.12,21.9,89.9,43.6,22.4,20.8
2020-06-07 22:40,-5,644884800,14.3,4.12,21.9,89.9,43.6,22,20.8
2020-06-07 22:50,-5,644885400,14,4.12,21.9,89.9,43.6,22.1,20.7
2020-06-07 23:00,-5,644886000,14,4.12,21.8,89.9,43.6,22.1,20.7
2020-06-07 23:10,-5,644886600,13.8,4.12,21.8,89.9,43.6,22.1,20.9
2020-06-07 23:20,-5,644887200,13.3,4.12,21.7,89.9,43.6,22.1,20.8
2020-06-07 23:30,-5,644887800,13,4.12,21.7,89.9,43.6,22,20.8
2020-06-07 23:40,-5,644888400,13,4.12,21.7,89.9,43.6,21.7,20.8
2020-06-07 23:50,-5,644889000,12.3,4.12,21.7,89.9,43.6,22,20.8
2020-06-08 0:00,-5,644889600,12,4.12,21.6,89.9,43.6,21.7,20.7
2020-06-08 0:10,-5,644890200,12.3,4.12,21.6,89.9,43.6,21.7,20.8
2020-06-08 0:20,-5,644890800,11.8,4.12,21.5,89.9,43.6,21.8,20.8
2020-06-08 0:30,-5,644891400,11.5,4.12,21.5,89.9,43.6,21.8,20.8
2020-06-08 0:40,-5,644892000,11.8,4.12,21.5,89.9,43.6,21.6,20.7
2020-06-08 0:50,-5,644892600,11.5,4.12,21.4,89.9,43.6,21.6,20.7
2020-06-08 1:00,-5,644893200,11,4.12,21.4,89.9,43.6,21.6,20.8
2020-06-08 1:10,-5,644893800,10.8,4.12,21.4,89.9,43.6,21.6,20.8
2020-06-08 1:20,-5,644894400,10.8,4.12,21.3,89.9,43.6,21.6,20.8
2020-06-08 1:30,-5,644895000,10.5,4.12,21.3,89.9,43.6,21.5,20.8
2020-06-08 1:40,-5,644895600,10.3,4.12,21.2,89.9,43.6,21.5,20.8
2020-06-08 1:50,-5,644896200,10,4.12,21.2,89.9,43.6,21.4,20.7
2020-06-08 2:00,-5,644896800,10,4.12,21.2,89.9,43.6,21.3,20.6
2020-06-08 2:10,-5,644897400,10,4.12,21.2,89.9,43.7,21.3,20.8
2020-06-08 2:20,-5,644898000,10,4.12,21.1,89.9,43.6,21.2,20.8
2020-06-08 2:30,-5,644898600,10,4.12,21.1,89.9,43.6,21.2,20.7
2020-06-08 2:40,-5,644899200,10,4.12,21.1,89.9,43.6,21.2,20.7
2020-06-08 2:50,-5,644899800,9.8,4.12,21,89.9,43.6,21.2,20.8
2020-06-08 3:00,-5,644900400,9.8,4.12,21,89.9,43.6,21.2,20.8
2020-06-08 3:10,-5,644901000,9.5,4.12,21,89.9,43.6,21.1,20.8
2020-06-08 3:20,-5,644901600,9.5,4.12,20.9,89.9,43.6,21.2,20.7
2020-06-08 3:30,-5,644902200,9.3,4.12,20.9,89.9,43.6,21,20.7
2020-06-08 3:40,-5,644902800,9,4.12,20.9,89.9,43.6,21,20.6
2020-06-08 3:50,-5,644903400,8.8,4.12,20.8,89.9,43.6,20.7,20.7
2020-06-08 4:00,-5,644904000,8.5,4.12,20.8,89.9,43.6,20.7,20.7
2020-06-08 4:10,-5,644904600,8.8,4.12,20.8,89.9,43.6,21,20.6
2020-06-08 4:20,-5,644905200,8.8,4.12,20.7,89.9,43.6,20.7,20.7
2020-06-08 4:30,-5,644905800,9,4.12,20.7,89.9,43.6,20.8,20.6
2020-06-08 4:40,-5,644906400,9.5,4.12,20.7,89.9,43.6,20.7,20.7
2020-06-08 4:50,-5,644907000,9.5,4.12,20.6,89.9,43.6,20.6,20.5
2020-06-08 5:00,-5,644907600,9.3,4.12,20.6,89.9,43.6,20.7,20.6
2020-06-08 5:10,-5,644908200,9.3,4.12,20.6,89.9,43.6,20.7,20.7
2020-06-08 5:20,-5,644908800,10,4.12,20.5,89.9,43.6,20.7,20.7
2020-06-08 5:30,-5,644909400,12.5,4.12,20.5,89.9,43.6,20.6,20.6
2020-06-08 5:40,-5,644910000,14,4.12,20.5,89.9,43.6,20.6,20.6
2020-06-08 5:50,-5,644910600,15,4.12,20.4,89.9,43.6,20.6,20.7
2020-06-08 6:00,-5,644911200,16,4.12,20.4,89.9,43.6,20.6,20.5
2020-06-08 6:10,-5,644911800,16.5,4.12,20.4,89.9,43.6,20.3,20.6
2020-06-08 6:20,-5,644912400,17.8,4.12,20.4,89.9,43.6,20.4,20.5
2020-06-08 6:30,-5,644913000,18.5,4.12,20.3,89.9,43.6,20.3,20.6
2020-06-08 6:40,-5,644913600,19.5,4.12,20.3,89.9,43.6,20.3,20.6
2020-06-08 6:50,-5,644914200,19.8,4.12,20.3,89.9,43.6,20.3,20.6
2020-06-08 7:00,-5,644914800,20.3,4.12,20.3,89.9,43.6,20.2,20.3
2020-06-08 7:10,-5,644915400,21,4.12,20.2,89.9,43.6,20.2,20.5
2020-06-08 7:20,-5,644916000,21.3,4.12,20.2,89.9,43.6,20.2,20.5
2020-06-08 7:30,-5,644916600,21.8,4.12,20.2,89.9,43.6,20.2,20.3
2020-06-08 7:40,-5,644917200,22.5,4.12,20.2,89.9,43.6,20.1,20.4
2020-06-08 7:50,-5,644917800,22.5,4.12,20.2,89.9,43.6,20.1,20.4
2020-06-08 8:00,-5,644918400,23,4.12,20.2,89.9,43.6,20.1,20.3
2020-06-08 8:10,-5,644919000,24,4.12,20.2,89.9,43.6,20.1,20.5
2020-06-08 8:20,-5,644919600,24,4.12,20.2,89.9,43.6,19.9,20.4
2020-06-08 8:30,-5,644920200,24.3,4.12,20.2,89.9,43.6,20.1,20.3
2020-06-08 8:40,-5,644920800,24.8,4.12,20.2,89.9,43.6,19.8,20.2
2020-06-08 8:50,-5,644921400,25,4.12,20.2,89.9,43.6,20.2,20.3
2020-06-08 9:00,-5,644922000,25.3,4.12,20.2,89.9,43.6,19.8,20.2
2020-06-08 9:10,-5,644922600,25.5,4.12,20.3,89.9,43.6,19.8,20.2
2020-06-08 9:20,-5,644923200,26.3,4.12,20.3,89.9,43.6,19.7,20.2
2020-06-08 9:30,-5,644923800,26.8,4.12,20.3,89.9,43.6,19.8,20.2
2020-06-08 9:40,-5,644924400,27,4.12,20.3,89.9,43.6,19.9,20.1
2020-06-08 9:50,-5,644925000,27.3,4.12,20.3,89.9,43.6,19.8,20.1
2020-06-08 10:00,-5,644925600,27.5,4.12,20.4,89.9,43.6,19.8,20.2
2020-06-08 10:10,-5,644926200,28,4.12,20.4,89.9,43.6,19.8,20.1
2020-06-08 10:20,-5,644926800,28.5,4.12,20.4,89.9,43.6,19.8,20.2
2020-06-08 10:30,-5,644927400,29.3,4.12,20.4,89.9,43.6,19.8,20.1
2020-06-08 10:40,-5,644928000,29.8,4.12,20.5,89.9,43.6,19.6,20
2020-06-08 10:50,-5,644928600,31,4.12,20.5,89.9,43.6,19.8,20.1
2020-06-08 11:00,-5,644929200,31.8,4.12,20.6,89.9,43.6,19.7,20.1
2020-06-08 11:10,-5,644929800,33,4.12,20.6,89.9,43.6,19.8,20
2020-06-08 11:20,-5,644930400,33,4.12,20.6,89.9,43.6,20,20
2020-06-08 11:30,-5,644931000,33.8,4.12,20.7,89.9,43.6,20.1,20.1
2020-06-08 11:40,-5,644931600,34.8,4.12,20.8,89.9,43.6,20,20
2020-06-08 11:50,-5,644932200,35,4.12,20.9,89.9,43.6,19.9,20.1
2020-06-08 12:00,-5,644932800,36.3,4.12,20.9,89.9,43.5,20,20
2020-06-08 12:10,-5,644933400,37.5,4.12,20.9,89.9,43.5,20.1,20
2020-06-08 12:20,-5,644934000,38,4.12,21,89.9,43.5,20.2,20
2020-06-08 12:30,-5,644934600,37.5,4.12,21.1,89.9,43.5,20.2,20
2020-06-08 12:40,-5,644935200,38.5,4.12,21.1,89.9,43.5,20.1,19.8
2020-06-08 12:50,-5,644935800,39,4.12,21.2,89.9,43.5,20.2,19.8
2020-06-08 13:00,-5,644936400,39.5,4.12,21.2,89.9,43.5,20.3,20
2020-06-08 13:10,-5,644937000,39.8,4.12,21.3,89.9,43.5,20.3,19.8
2020-06-08 13:20,-5,644937600,39.8,4.12,21.3,89.9,43.5,20.3,19.8
2020-06-08 13:30,-5,644938200,40.5,4.12,21.4,89.9,43.5,20.3,19.8
2020-06-08 13:40,-5,644938800,40.3,4.12,21.5,89.9,43.5,20.5,19.8
2020-06-08 13:50,-5,644939400,40.5,4.12,21.5,89.9,43.5,20.6,20
2020-06-08 14:00,-5,644940000,41.3,4.12,21.6,89.9,43.5,20.6,19.9
2020-06-08 14:10,-5,644940600,41.3,4.12,21.6,89.9,43.5,20.6,20
2020-06-08 14:20,-5,644941200,42.5,4.12,21.7,89.9,43.5,20.7,20.1
2020-06-08 14:30,-5,644941800,42.5,4.12,21.7,89.9,43.5,20.8,19.8
2020-06-08 14:40,-5,644942400,41.3,4.12,21.8,89.9,43.5,20.8,19.8
2020-06-08 14:50,-5,644943000,42.3,4.12,21.8,89.9,43.5,21,20
2020-06-08 15:00,-5,644943600,41.8,4.12,21.9,89.9,43.5,21,20
2020-06-08 15:10,-5,644944200,41,4.12,21.9,89.9,43.5,21.1,19.8
2020-06-08 15:20,-5,644944800,42.5,4.12,22,89.9,43.5,21.1,20
2020-06-08 15:30,-5,644945400,41.5,4.14,22,89.9,43.5,21.2,19.8
2020-06-08 15:40,-5,644946000,41.3,4.14,22,89.9,43.5,21.2,20
2020-06-08 15:50,-5,644946600,41.3,4.14,22,89.9,43.5,21.2,20
2020-06-08 16:00,-5,644947200,41.3,4.14,22.1,89.9,43.5,21.3,20
2020-06-08 16:10,-5,644947800,41.5,4.14,22.1,89.9,43.5,21.3,19.8
2020-06-08 16:20,-5,644948400,41,4.12,22.1,89.9,43.5,21.4,19.8
2020-06-08 16:30,-5,644949000,40.3,4.14,22.1,89.9,43.5,21.5,19.8
2020-06-08 16:40,-5,644949600,39.5,4.14,22.1,89.9,43.5,21.5,20
2020-06-08 16:50,-5,644950200,40,4.14,22.1,89.9,43.5,21.6,19.8
2020-06-08 17:00,-5,644950800,39.5,4.14,22.1,89.9,43.5,21.6,20
2020-06-08 17:10,-5,644951400,38.3,4.14,22.1,89.9,43.5,21.7,20.1
2020-06-08 17:20,-5,644952000,37.8,4.14,22.1,89.9,43.5,21.7,20.1
2020-06-08 17:30,-5,644952600,37.5,4.14,22.1,89.9,43.5,21.7,20.1
2020-06-08 17:40,-5,644953200,37,4.14,22.2,89.9,43.5,21.8,20
2020-06-08 17:50,-5,644953800,36.5,4.14,22.2,89.9,43.5,22,20.1
2020-06-08 18:00,-5,644954400,35.5,4.14,22.2,89.9,43.5,21.7,20
2020-06-08 18:10,-5,644955000,34.8,4.14,22.2,89.9,43.5,22,20.1
2020-06-08 18:20,-5,644955600,34.3,4.14,22.1,89.9,43.5,22.1,20.1
2020-06-08 18:30,-5,644956200,33.5,4.14,22.1,89.9,43.6,22.1,20.1
2020-06-08 18:40,-5,644956800,32.5,4.14,22.1,89.9,43.6,22.1,20
2020-06-08 18:50,-5,644957400,31.8,4.14,22.1,89.9,43.6,22.2,20.1
2020-06-08 19:00,-5,644958000,30,4.12,22.1,89.9,43.6,22.2,20.1
2020-06-08 19:10,-5,644958600,27.5,4.12,22.1,89.9,43.6,22.2,20.2
2020-06-08 19:20,-5,644959200,25.5,4.12,22,89.9,43.6,22.2,20.2
2020-06-08 19:30,-5,644959800,23,4.12,22,89.9,43.6,22.1,20.1
2020-06-08 19:40,-5,644960400,21.3,4.12,22,89.9,43.6,22.4,20.2
2020-06-08 19:50,-5,644961000,19.8,4.12,22,89.9,43.6,22.3,20.2
2020-06-08 20:00,-5,644961600,19,4.12,22,89.9,43.6,22.3,20.2
2020-06-08 20:10,-5,644962200,18.3,4.12,21.9,89.9,43.6,22.3,20.1
2020-06-08 20:20,-5,644962800,17.5,4.12,21.9,89.9,43.6,22.3,20.3
2020-06-08 20:30,-5,644963400,17,4.12,21.9,89.9,43.6,22.3,20.2
2020-06-08 20:40,-5,644964000,16.3,4.12,21.9,89.9,43.6,22.2,20.2
2020-06-08 20:50,-5,644964600,15.8,4.12,21.8,89.9,43.6,22.4,20.2
2020-06-08 21:00,-5,644965200,15.3,4.12,21.8,89.9,43.6,22.2,20.3
2020-06-08 21:10,-5,644965800,14.8,4.12,21.7,89.9,43.7,22.4,20.5
2020-06-08 21:20,-5,644966400,14.8,4.12,21.7,89.9,43.7,22.2,20.3
2020-06-08 21:30,-5,644967000,14.5,4.12,21.7,89.9,43.7,22.2,20.4
2020-06-08 21:40,-5,644967600,14,4.12,21.6,89.9,43.7,22.2,20.4
2020-06-08 21:50,-5,644968200,13.8,4.12,21.6,89.9,43.7,22.1,20.5
2020-06-08 22:00,-5,644968800,13.8,4.12,21.5,89.9,43.7,22.1,20.3
2020-06-08 22:10,-5,644969400,13.3,4.12,21.5,89.9,43.7,22.1,20.3
2020-06-08 22:20,-5,644970000,13.3,4.12,21.5,89.9,43.7,22,20.3
2020-06-08 22:30,-5,644970600,12.8,4.12,21.4,89.9,43.7,22.1,20.5
2020-06-08 22:40,-5,644971200,12.8,4.12,21.4,89.9,43.7,22.2,20.3
2020-06-08 22:50,-5,644971800,12.8,4.12,21.4,89.9,43.7,22.1,20.3
2020-06-08 23:00,-5,644972400,12.5,4.12,21.3,89.9,43.7,22.1,20.3
2020-06-08 23:10,-5,644973000,12.5,4.12,21.3,89.9,43.7,22,20.5
2020-06-08 23:20,-5,644973600,12.3,4.12,21.2,89.9,43.7,22.1,20.5
2020-06-08 23:30,-5,644974200,12,4.12,21.2,89.9,43.7,21.7,20.6
2020-06-08 23:40,-5,644974800,11.8,4.12,21.2,89.9,43.7,22.1,20.5
2020-06-08 23:50,-5,644975400,11.8,4.12,21.1,89.9,43.7,21.8,20.5
2020-06-09 0:00,-5,644976000,11.8,4.12,21.1,89.9,43.7,21.7,20.5
2020-06-09 0:10,-5,644976600,11.8,4.12,21.1,89.9,43.7,21.7,20.5
2020-06-09 0:20,-5,644977200,11.5,4.12,21,89.9,43.7,21.7,20.5
2020-06-09 0:30,-5,644977800,11.5,4.12,21,89.9,43.7,21.6,20.5
2020-06-09 0:40,-5,644978400,11.3,4.12,21,89.9,43.7,21.6,20.6
2020-06-09 0:50,-5,644979000,11.3,4.12,20.9,89.9,43.7,21.6,20.5
2020-06-09 1:00,-5,644979600,11.3,4.12,20.9,89.9,43.7,21.5,20.6
2020-06-09 1:10,-5,644980200,11.3,4.12,20.8,89.9,43.7,21.5,20.6
2020-06-09 1:20,-5,644980800,11.3,4.12,20.8,89.9,43.7,21.5,20.7
2020-06-09 1:30,-5,644981400,11.3,4.12,20.8,89.9,43.7,21.4,20.6
2020-06-09 1:40,-5,644982000,11,4.12,20.7,89.9,43.7,21.3,20.7
2020-06-09 1:50,-5,644982600,11.3,4.12,20.7,89.9,43.7,21.3,20.6
2020-06-09 2:00,-5,644983200,11,4.12,20.7,89.9,43.7,21.3,20.5
2020-06-09 2:10,-5,644983800,11,4.12,20.6,89.9,43.7,21.3,20.6
2020-06-09 2:20,-5,644984400,11,4.12,20.6,89.9,43.7,21.2,20.7
2020-06-09 2:30,-5,644985000,10.8,4.12,20.6,89.9,43.7,21.2,20.7
2020-06-09 2:40,-5,644985600,10.8,4.12,20.5,89.9,43.7,21.1,20.5
2020-06-09 2:50,-5,644986200,10.8,4.12,20.5,89.9,43.7,21.2,20.5
2020-06-09 3:00,-5,644986800,10.5,4.12,20.5,89.9,43.7,21.1,20.6
2020-06-09 3:10,-5,644987400,10.5,4.12,20.4,89.9,43.7,21.1,20.6
2020-06-09 3:20,-5,644988000,10.5,4.12,20.4,89.9,43.7,21.1,20.5
2020-06-09 3:30,-5,644988600,10.5,4.12,20.4,89.9,43.7,21,20.6
2020-06-09 3:40,-5,644989200,10.8,4.12,20.3,89.9,43.7,21.1,20.5
2020-06-09 3:50,-5,644989800,10.5,4.12,20.3,89.9,43.7,21.1,20.3
2020-06-09 4:00,-5,644990400,10.5,4.12,20.3,89.9,43.7,20.8,20.5
2020-06-09 4:10,-5,644991000,10.3,4.12,20.2,89.9,43.8,21.1,20.4
2020-06-09 4:20,-5,644991600,10.3,4.12,20.2,89.9,43.7,20.8,20.4
2020-06-09 4:30,-5,644992200,10,4.12,20.2,89.9,43.7,20.8,20.3
2020-06-09 4:40,-5,644992800,10.3,4.12,20.2,89.9,43.8,20.8,20.5
2020-06-09 4:50,-5,644993400,10.3,4.12,20.1,89.9,43.7,20.7,20.5
2020-06-09 5:00,-5,644994000,10.5,4.12,20.1,89.9,43.7,20.7,20.2
2020-06-09 5:10,-5,644994600,10.5,4.12,20.1,89.9,43.7,20.7,20.4
2020-06-09 5:20,-5,644995200,11.5,4.12,20.1,89.9,43.7,20.7,20.4
2020-06-09 5:30,-5,644995800,13,4.12,20,89.9,43.7,20.6,20.2
2020-06-09 5:40,-5,644996400,14.3,4.12,20,89.9,43.7,20.6,20.5
2020-06-09 5:50,-5,644997000,15.3,4.12,20,89.9,43.7,20.5,20.3
2020-06-09 6:00,-5,644997600,16.3,4.12,19.9,89.9,43.7,20.5,20.2
2020-06-09 6:10,-5,644998200,17.3,4.12,19.9,89.9,43.7,20.5,20.3
2020-06-09 6:20,-5,644998800,18.8,4.12,19.9,89.9,43.7,20.3,20.3
2020-06-09 6:30,-5,644999400,19.5,4.12,19.9,89.9,43.7,20.3,20.3
2020-06-09 6:40,-5,645000000,21,4.12,19.9,89.9,43.7,20.3,20.3
2020-06-09 6:50,-5,645000600,21.8,4.12,19.8,89.9,43.7,20.3,20.3
2020-06-09 7:00,-5,645001200,23.3,4.12,19.8,89.9,43.7,20.2,20.2
2020-06-09 7:10,-5,645001800,23.8,4.12,19.8,89.9,43.7,20.2,20.2
2020-06-09 7:20,-5,645002400,24.3,4.12,19.8,89.9,43.7,20.3,20.3
2020-06-09 7:30,-5,645003000,25,4.12,19.8,89.9,43.7,20.3,20.2
2020-06-09 7:40,-5,645003600,25.5,4.12,19.7,89.9,43.7,20.1,20.3
2020-06-09 7:50,-5,645004200,26.3,4.12,19.7,89.9,43.7,20.1,20.2
2020-06-09 8:00,-5,645004800,26.8,4.12,19.7,89.9,43.7,20.2,20.2
2020-06-09 8:10,-5,645005400,27.5,4.12,19.7,89.9,43.7,20.1,20.3
2020-06-09 8:20,-5,645006000,27.8,4.12,19.7,89.9,43.7,20.1,20.3
2020-06-09 8:30,-5,645006600,28.8,4.12,19.7,89.9,43.7,20.1,20.1
2020-06-09 8:40,-5,645007200,29,4.12,19.7,89.9,43.7,20,20.1
2020-06-09 8:50,-5,645007800,29.8,4.14,19.8,89.9,43.7,20.1,20.1
2020-06-09 9:00,-5,645008400,30,4.12,19.8,89.9,43.7,20,20
2020-06-09 9:10,-5,645009000,30.5,4.12,19.8,89.9,43.7,20,20.1
2020-06-09 9:20,-5,645009600,31.3,4.12,19.8,89.9,43.7,20,20.2
2020-06-09 9:30,-5,645010200,31.5,4.12,19.8,89.9,43.7,19.9,20.1
2020-06-09 9:40,-5,645010800,32.5,4.14,19.9,89.9,43.7,20,20.1
2020-06-09 9:50,-5,645011400,33,4.12,19.9,89.9,43.7,20,20.1
2020-06-09 10:00,-5,645012000,34,4.14,19.9,89.9,43.7,20,20
2020-06-09 10:10,-5,645012600,34.5,4.14,20,89.9,43.7,20,20.1
2020-06-09 10:20,-5,645013200,35,4.14,20,89.9,43.7,20.1,20
2020-06-09 10:30,-5,645013800,35.3,4.14,20.1,89.9,43.7,20.1,20.1
2020-06-09 10:40,-5,645014400,35.8,4.14,20.1,89.9,43.7,20,20.1
2020-06-09 10:50,-5,645015000,36.8,4.14,20.2,89.9,43.7,20.1,19.8
2020-06-09 11:00,-5,645015600,37.3,4.14,20.2,89.9,43.7,20.1,20
2020-06-09 11:10,-5,645016200,37.8,4.14,20.3,89.9,43.7,20.1,20
2020-06-09 11:20,-5,645016800,38.5,4.14,20.3,89.9,43.7,20.2,20
2020-06-09 11:30,-5,645017400,39.3,4.14,20.4,89.9,43.7,20.2,19.8
2020-06-09 11:40,-5,645018000,39.8,4.14,20.5,89.9,43.7,20.2,20
2020-06-09 11:50,-5,645018600,41.3,4.14,20.6,89.9,43.7,20.3,20
2020-06-09 12:00,-5,645019200,41.5,4.14,20.6,89.9,43.7,20.2,20.1
2020-06-09 12:10,-5,645019800,41.8,4.14,20.7,89.9,43.7,20.4,19.9
2020-06-09 12:20,-5,645020400,42.5,4.14,20.8,89.9,43.7,20.5,20
2020-06-09 12:30,-5,645021000,43.3,4.14,20.9,89.9,43.7,20.4,20
2020-06-09 12:40,-5,645021600,44.3,4.14,21,89.9,43.7,20.6,20
2020-06-09 12:50,-5,645022200,44.3,4.14,21,89.9,43.6,20.6,20
2020-06-09 13:00,-5,645022800,44.8,4.14,21.1,89.9,43.7,20.7,19.7
2020-06-09 13:10,-5,645023400,45.5,4.14,21.2,89.9,43.7,20.7,20
2020-06-09 13:20,-5,645024000,45.3,4.14,21.3,89.9,43.6,20.7,19.8
2020-06-09 13:30,-5,645024600,45,4.14,21.3,89.9,43.6,20.7,20
2020-06-09 13:40,-5,645025200,45,4.14,21.5,89.9,43.6,21,19.8
2020-06-09 13:50,-5,645025800,45.8,4.14,21.5,89.9,43.6,20.8,19.9
2020-06-09 14:00,-5,645026400,46.3,4.14,21.6,89.9,43.6,21,20
2020-06-09 14:10,-5,645027000,46,4.14,21.6,89.9,43.6,21.1,20
2020-06-09 14:20,-5,645027600,46.5,4.14,21.8,89.9,43.6,21.2,20
2020-06-09 14:30,-5,645028200,46.5,4.14,21.7,89.9,43.6,21.2,19.8
2020-06-09 14:40,-5,645028800,47.3,4.14,21.8,89.9,43.6,21.2,19.8
2020-06-09 14:50,-5,645029400,47.3,4.14,21.8,89.9,43.6,21.3,20.1
2020-06-09 15:00,-5,645030000,46.3,4.14,21.9,89.9,43.6,21.4,19.8
2020-06-09 15:10,-5,645030600,47,4.14,22,89.9,43.7,21.6,19.8
2020-06-09 15:20,-5,645031200,45.5,4.14,22.1,89.9,43.6,21.6,20.1
2020-06-09 15:30,-5,645031800,45.3,4.14,22.1,89.9,43.6,21.7,20
2020-06-09 15:40,-5,645032400,45.3,4.14,22.1,89.9,43.7,21.8,20
2020-06-09 15:50,-5,645033000,44.8,4.14,22.2,89.9,43.6,21.9,20
2020-06-09 16:00,-5,645033600,44.3,4.14,22.2,89.9,43.7,22.1,20
2020-06-09 16:10,-5,645034200,44.3,4.14,22.2,89.9,43.7,22,20
2020-06-09 16:20,-5,645034800,44.5,4.14,22.2,89.9,43.7,22.1,20
2020-06-09 16:30,-5,645035400,44,4.14,22.3,89.9,43.7,22.3,20.1
2020-06-09 16:40,-5,645036000,44,4.14,22.3,89.9,43.7,22.4,20.1
2020-06-09 16:50,-5,645036600,43.3,4.14,22.3,89.9,43.7,22.5,20
2020-06-09 17:00,-5,645037200,42.8,4.14,22.3,89.9,43.7,22.5,20.1
2020-06-09 17:10,-5,645037800,42.8,4.14,22.3,89.9,43.7,22.5,20.1
2020-06-09 17:20,-5,645038400,42,4.14,22.3,89.9,43.7,22.5,20.2
2020-06-09 17:30,-5,645039000,41.5,4.14,22.4,89.9,43.7,22.7,20.1
2020-06-09 17:40,-5,645039600,40.8,4.14,22.4,89.9,43.7,22.7,20.1
2020-06-09 17:50,-5,645040200,40.5,4.14,22.4,89.9,43.7,22.8,20.1
2020-06-09 18:00,-5,645040800,39.8,4.14,22.4,89.9,43.7,22.7,20.2
2020-06-09 18:10,-5,645041400,39.3,4.14,22.4,89.9,43.7,22.7,20.1
2020-06-09 18:20,-5,645042000,38.5,4.14,22.4,89.9,43.7,22.8,20.1
2020-06-09 18:30,-5,645042600,37.8,4.14,22.4,89.9,43.7,23.1,20.2
2020-06-09 18:40,-5,645043200,36,4.14,22.4,89.9,43.7,23.1,20.2
2020-06-09 18:50,-5,645043800,34,4.14,22.4,89.9,43.7,23.1,20.2
2020-06-09 19:00,-5,645044400,30.8,4.14,22.4,89.9,43.8,23.1,20.2
2020-06-09 19:10,-5,645045000,29.3,4.14,22.4,89.9,43.8,22.7,20.3
2020-06-09 19:20,-5,645045600,27.5,4.14,22.3,89.9,43.8,23.1,20.2
2020-06-09 19:30,-5,645046200,25.8,4.14,22.3,89.9,43.8,23,20.3
2020-06-09 19:40,-5,645046800,24.5,4.14,22.3,89.9,43.8,23,20.3
2020-06-09 19:50,-5,645047400,23.8,4.14,22.3,89.9,43.8,23.1,20.5
2020-06-09 20:00,-5,645048000,23.3,4.14,22.3,89.9,43.8,23.1,20.4
2020-06-09 20:10,-5,645048600,22.8,4.14,22.2,89.9,43.8,23.1,20.6
2020-06-09 20:20,-5,645049200,22.5,4.14,22.2,89.9,43.8,23.2,20.5
2020-06-09 20:30,-5,645049800,22,4.14,22.2,89.9,43.8,23.1,20.5
2020-06-09 20:40,-5,645050400,21.8,4.14,22.2,89.9,43.8,23.1,20.6
2020-06-09 20:50,-5,645051000,21.3,4.14,22.1,89.9,43.8,23.1,20.6
2020-06-09 21:00,-5,645051600,21.3,4.14,22.1,89.9,43.8,23.3,20.6
2020-06-09 21:10,-5,645052200,21,4.14,22.1,89.9,43.8,23.1,20.7
2020-06-09 21:20,-5,645052800,20.8,4.14,22.1,89.9,43.8,23.2,20.6
2020-06-09 21:30,-5,645053400,20.5,4.14,22,89.9,43.8,23.1,20.7
2020-06-09 21:40,-5,645054000,20.3,4.14,22,89.9,43.8,23,20.6
2020-06-09 21:50,-5,645054600,20,4.14,22,89.9,43.9,23.1,20.7
2020-06-09 22:00,-5,645055200,19.8,4.14,21.9,89.9,43.9,23.2,20.7
2020-06-09 22:10,-5,645055800,19.8,4.14,21.9,89.9,43.9,23,20.7
2020-06-09 22:20,-5,645056400,19.8,4.14,21.9,89.9,43.9,23,20.7
2020-06-09 22:30,-5,645057000,19.5,4.14,21.8,89.9,43.9,23.1,20.7
2020-06-09 22:40,-5,645057600,19.3,4.14,21.8,89.9,43.9,23.1,20.8
2020-06-09 22:50,-5,645058200,19,4.14,21.8,89.9,43.9,23.1,20.8
2020-06-09 23:00,-5,645058800,18.8,4.14,21.7,89.9,43.9,23,20.8
2020-06-09 23:10,-5,645059400,18.5,4.14,21.7,89.9,43.9,23.1,20.7
2020-06-09 23:20,-5,645060000,18.3,4.14,21.7,89.9,43.9,23.1,20.7
2020-06-09 23:30,-5,645060600,18,4.14,21.6,89.9,43.9,23.2,20.8
2020-06-09 23:40,-5,645061200,18,4.14,21.6,89.9,43.9,22.7,20.7
2020-06-09 23:50,-5,645061800,18,4.14,21.5,89.9,43.9,23.1,20.7
2020-06-10 0:00,-5,645062400,17.8,4.14,21.5,89.9,43.9,23,20.8
2020-06-10 0:10,-5,645063000,17.8,4.14,21.5,89.9,43.9,22.7,20.7
2020-06-10 0:20,-5,645063600,17.8,4.14,21.4,89.9,43.9,22.8,20.8
2020-06-10 0:30,-5,645064200,17.5,4.14,21.4,89.9,44,22.9,21
2020-06-10 0:40,-5,645064800,17.5,4.14,21.4,89.9,44,22.7,20.8
2020-06-10 0:50,-5,645065400,17.3,4.14,21.3,89.9,44,22.8,20.8
2020-06-10 1:00,-5,645066000,17.3,4.14,21.3,89.9,44,22.8,21
2020-06-10 1:10,-5,645066600,17.3,4.14,21.3,89.9,44,22.8,20.8
2020-06-10 1:20,-5,645067200,17,4.14,21.3,89.9,44,22.6,21
2020-06-10 1:30,-5,645067800,17,4.14,21.2,89.9,44,22.8,20.8
2020-06-10 1:40,-5,645068400,17,4.14,21.2,89.9,44,22.7,21
2020-06-10 1:50,-5,645069000,16.8,4.14,21.2,89.9,44.1,22.7,21
2020-06-10 2:00,-5,645069600,17,4.14,21.2,89.9,44,22.7,21.1
2020-06-10 2:10,-5,645070200,16.5,4.14,21.1,89.9,44,22.6,21
2020-06-10 2:20,-5,645070800,16.8,4.14,21.1,89.9,44,22.6,21.1
2020-06-10 2:30,-5,645071400,16.8,4.14,21.1,89.9,44.1,22.5,21.1
2020-06-10 2:40,-5,645072000,16.5,4.14,21,89.9,44.1,22.4,21
2020-06-10 2:50,-5,645072600,16.5,4.14,21,89.9,44.1,22.3,21
2020-06-10 3:00,-5,645073200,16.5,4.14,21,89.9,44.1,22.5,21
2020-06-10 3:10,-5,645073800,16.5,4.14,20.9,89.9,44.1,22.4,21
2020-06-10 3:20,-5,645074400,16.3,4.14,20.9,89.9,44.1,22.3,21.1
2020-06-10 3:30,-5,645075000,16.3,4.14,20.9,89.9,44,22.3,21
2020-06-10 3:40,-5,645075600,16,4.14,20.9,89.9,44.1,22.3,21.1
2020-06-10 3:50,-5,645076200,16,4.14,20.8,89.9,44.1,22.2,21
2020-06-10 4:00,-5,645076800,15.8,4.14,20.8,89.9,44.1,22.3,21
2020-06-10 4:10,-5,645077400,16,4.14,20.8,89.9,44.1,22.1,21
2020-06-10 4:20,-5,645078000,16.3,4.14,20.7,89.9,44.1,22.2,21
2020-06-10 4:30,-5,645078600,16.5,4.14,20.7,89.9,44.1,22.2,20.8
2020-06-10 4:40,-5,645079200,16.5,4.14,20.7,89.9,44.1,21.9,21
2020-06-10 4:50,-5,645079800,16.3,4.14,20.7,89.9,44.1,22,21
2020-06-10 5:00,-5,645080400,16,4.14,20.7,89.9,44.1,22,21
2020-06-10 5:10,-5,645081000,16,4.14,20.6,89.9,44.1,21.8,20.8
2020-06-10 5:20,-5,645081600,16.3,4.14,20.6,89.9,44.1,22,21
2020-06-10 5:30,-5,645082200,16.3,4.14,20.6,89.9,44.1,21.8,20.8
2020-06-10 5:40,-5,645082800,16.5,4.14,20.6,89.9,44.1,22.1,21
2020-06-10 5:50,-5,645083400,16.8,4.14,20.6,89.9,44.1,21.7,21
2020-06-10 6:00,-5,645084000,17,4.14,20.5,89.9,44.1,21.8,21
2020-06-10 6:10,-5,645084600,17.3,4.14,20.5,89.9,44.1,21.7,21
2020-06-10 6:20,-5,645085200,18.8,4.14,20.5,89.9,44,21.7,21
2020-06-10 6:30,-5,645085800,20.3,4.14,20.4,89.9,44.1,21.7,21
2020-06-10 6:40,-5,645086400,19.8,4.14,20.4,89.9,44.1,21.6,20.9
2020-06-10 6:50,-5,645087000,19.8,4.14,20.4,89.9,44.1,21.6,21
2020-06-10 7:00,-5,645087600,21.5,4.14,20.4,89.9,44.1,21.5,21
2020-06-10 7:10,-5,645088200,24,4.14,20.4,89.9,44.1,21.6,21
2020-06-10 7:20,-5,645088800,26,4.14,20.4,89.9,44.1,21.5,20.8
2020-06-10 7:30,-5,645089400,27.3,4.14,20.4,89.9,44.1,21.5,20.8
2020-06-10 7:40,-5,645090000,28.5,4.14,20.3,89.9,44.1,21.5,21
2020-06-10 7:50,-5,645090600,29.8,4.14,20.3,89.9,44,21.3,20.8
2020-06-10 8:00,-5,645091200,30.8,4.14,20.3,89.9,44,21.4,20.7
2020-06-10 8:10,-5,645091800,31.8,4.14,20.3,89.9,44,21.3,20.8
2020-06-10 8:20,-5,645092400,31.5,4.14,20.3,89.9,44,21.3,21
2020-06-10 8:30,-5,645093000,31,4.14,20.3,89.9,44,21.2,20.7
2020-06-10 8:40,-5,645093600,31.8,4.14,20.4,89.9,44,21.3,20.7
2020-06-10 8:50,-5,645094200,32.3,4.14,20.4,89.9,44,21.3,20.7
2020-06-10 9:00,-5,645094800,33.5,4.14,20.4,89.9,43.9,21.3,20.7
2020-06-10 9:10,-5,645095400,34,4.14,20.4,89.9,43.9,21.3,20.9
2020-06-10 9:20,-5,645096000,34.8,4.14,20.5,89.9,43.9,21.3,21
2020-06-10 9:30,-5,645096600,34.8,4.14,20.5,89.9,43.9,21.3,20.7
2020-06-10 9:40,-5,645097200,35.3,4.14,20.5,89.9,44,21.1,20.7
2020-06-10 9:50,-5,645097800,35.5,4.14,20.6,89.9,43.9,21.2,20.8
2020-06-10 10:00,-5,645098400,35.8,4.14,20.6,89.9,43.9,21.2,20.8
2020-06-10 10:10,-5,645099000,36.5,4.14,20.6,89.9,43.9,21.3,20.8
2020-06-10 10:20,-5,645099600,38,4.14,20.7,89.9,43.9,21.3,20.8
2020-06-10 10:30,-5,645100200,38.8,4.14,20.7,89.9,43.9,21.3,20.8
2020-06-10 10:40,-5,645100800,39.8,4.14,20.8,89.9,43.9,21.3,20.7
2020-06-10 10:50,-5,645101400,39.5,4.14,20.8,89.9,43.9,21.5,20.7
2020-06-10 11:00,-5,645102000,40.3,4.14,20.9,89.9,43.9,21.5,20.7
2020-06-10 11:10,-5,645102600,41,4.14,21.1,89.9,43.9,21.5,20.7
2020-06-10 11:20,-5,645103200,41,4.14,21.2,89.9,43.9,21.5,20.7
2020-06-10 11:30,-5,645103800,42,4.14,21.2,89.9,43.9,21.5,20.8
2020-06-10 11:40,-5,645104400,42.8,4.14,21.3,89.9,43.9,21.5,20.8
2020-06-10 11:50,-5,645105000,43.3,4.14,21.4,89.9,43.8,21.6,20.6
2020-06-10 12:00,-5,645105600,44.8,4.14,21.5,89.9,43.9,21.7,20.6
2020-06-10 12:10,-5,645106200,43,4.14,21.5,89.9,43.9,21.8,20.8
2020-06-10 12:20,-5,645106800,44.8,4.14,21.5,89.9,43.8,21.8,20.7
2020-06-10 12:30,-5,645107400,45.3,4.14,21.6,89.9,43.8,21.7,20.6
2020-06-10 12:40,-5,645108000,43.5,4.14,21.7,89.9,43.8,22.1,20.6
2020-06-10 12:50,-5,645108600,46,4.14,21.8,89.9,43.8,22.1,20.6
2020-06-10 13:00,-5,645109200,47.3,4.14,21.9,89.9,43.8,22.1,20.7
2020-06-10 13:10,-5,645109800,46,4.14,21.9,89.9,43.8,22.1,20.6
2020-06-10 13:20,-5,645110400,44,4.14,22,89.9,43.8,22.2,20.7
2020-06-10 13:30,-5,645111000,47,4.14,22.1,89.9,43.8,22.4,20.6
2020-06-10 13:40,-5,645111600,47.3,4.14,22.2,89.9,43.8,22.5,20.6
2020-06-10 13:50,-5,645112200,47.3,4.14,22.2,89.9,43.8,22.6,20.7
2020-06-10 14:00,-5,645112800,45.8,4.14,22.3,89.9,43.8,22.6,20.6
2020-06-10 14:10,-5,645113400,42.3,4.14,22.3,89.9,43.8,22.5,20.7
2020-06-10 14:20,-5,645114000,39.8,4.14,22.4,89.9,43.8,22.8,20.7
2020-06-10 14:30,-5,645114600,44.3,4.14,22.5,89.9,43.8,22.8,20.7
2020-06-10 14:40,-5,645115200,46,4.14,22.5,89.9,43.8,22.8,20.7
2020-06-10 14:50,-5,645115800,46,4.14,22.5,89.9,43.8,23,20.7
2020-06-10 15:00,-5,645116400,46.5,4.14,22.6,89.9,43.8,23.1,20.8
2020-06-10 15:10,-5,645117000,46.3,4.14,22.6,89.9,43.8,23.1,20.8
2020-06-10 15:20,-5,645117600,46.5,4.14,22.7,89.9,43.9,23,20.8
2020-06-10 15:30,-5,645118200,46.3,4.14,22.7,89.9,43.8,23.1,20.8
2020-06-10 15:40,-5,645118800,46.3,4.14,22.8,89.9,43.8,23.3,21
2020-06-10 15:50,-5,645119400,47.3,4.14,22.8,89.9,43.9,23.2,21
2020-06-10 16:00,-5,645120000,47.8,4.14,22.8,89.9,43.8,23.2,20.7
2020-06-10 16:10,-5,645120600,47.3,4.14,22.9,89.9,43.9,23.5,20.8
2020-06-10 16:20,-5,645121200,46.5,4.14,22.9,89.9,43.9,23.6,20.8
2020-06-10 16:30,-5,645121800,45.8,4.14,22.9,89.9,43.9,23.6,20.8
2020-06-10 16:40,-5,645122400,45.5,4.14,23,89.9,43.9,23.6,20.8
2020-06-10 16:50,-5,645123000,44.3,4.14,23,89.9,43.9,23.6,20.8
2020-06-10 17:00,-5,645123600,43.3,4.14,23,89.9,43.9,23.8,21
2020-06-10 17:10,-5,645124200,39.8,4.14,23,89.9,43.9,23.7,21
2020-06-10 17:20,-5,645124800,38.5,4.14,23,89.9,43.9,23.7,21
2020-06-10 17:30,-5,645125400,37,4.14,23,89.9,43.9,23.8,21
2020-06-10 17:40,-5,645126000,37.5,4.14,23,89.9,43.9,23.8,21
2020-06-10 17:50,-5,645126600,36.8,4.14,23,89.9,43.9,23.8,21.1
2020-06-10 18:00,-5,645127200,36,4.14,23,89.9,43.9,23.7,21
2020-06-10 18:10,-5,645127800,34,4.14,23,89.9,43.9,23.7,21
2020-06-10 18:20,-5,645128400,31.8,4.14,23,89.9,44,24.1,21.2
2020-06-10 18:30,-5,645129000,30.5,4.14,22.9,89.9,44,24,21.1
2020-06-10 18:40,-5,645129600,29.8,4.14,22.9,89.9,44,24,21.2
2020-06-10 18:50,-5,645130200,29,4.14,22.9,89.9,44,24.1,21.2
2020-06-10 19:00,-5,645130800,28.5,4.14,22.9,89.9,44,24,21.2
2020-06-10 19:10,-5,645131400,28,4.14,22.9,89.9,44,24.2,21.2
2020-06-10 19:20,-5,645132000,27.5,4.14,22.9,89.9,44,24,21.2
2020-06-10 19:30,-5,645132600,27.3,4.14,22.9,89.9,44,24.1,21.3
2020-06-10 19:40,-5,645133200,27,4.14,22.8,89.9,44,24.1,21.3
2020-06-10 19:50,-5,645133800,26.8,4.14,22.8,89.9,44,24.1,21.3
2020-06-10 20:00,-5,645134400,26.8,4.14,22.8,89.9,44,24.2,21.2
2020-06-10 20:10,-5,645135000,26.8,4.14,22.8,89.9,44,24.2,21.3
2020-06-10 20:20,-5,645135600,26.5,4.14,22.7,89.9,44,24.2,21.3
2020-06-10 20:30,-5,645136200,26.3,4.14,22.7,89.9,44,24.1,21.3
2020-06-10 20:40,-5,645136800,26.3,4.14,22.7,89.9,44,24.2,21.3
2020-06-10 20:50,-5,645137400,26.3,4.14,22.6,89.9,44.1,24.1,21.4
2020-06-10 21:00,-5,645138000,26.3,4.14,22.6,89.9,44.1,24.1,21.3
2020-06-10 21:10,-5,645138600,26.3,4.14,22.6,89.9,44.1,24.2,21.3
2020-06-10 21:20,-5,645139200,26,4.14,22.6,89.9,44.1,24.1,21.4
2020-06-10 21:30,-5,645139800,26,4.14,22.5,89.9,44.1,24.1,21.6
2020-06-10 21:40,-5,645140400,26,4.14,22.5,89.9,44.1,24.1,21.5
2020-06-10 21:50,-5,645141000,26,4.14,22.5,89.9,44.1,24.2,21.5
2020-06-10 22:00,-5,645141600,25.8,4.14,22.5,89.9,44.1,24.1,21.6
2020-06-10 22:10,-5,645142200,26,4.14,22.4,89.9,44.1,24.1,21.5
2020-06-10 22:20,-5,645142800,25.8,4.14,22.4,89.9,44.1,24.2,21.7
2020-06-10 22:30,-5,645143400,25.5,4.14,22.4,89.9,44.1,24.1,21.7
2020-06-10 22:40,-5,645144000,25.3,4.14,22.4,89.9,44.1,24.2,21.6
2020-06-10 22:50,-5,645144600,25.3,4.14,22.3,89.9,44.1,24.1,21.6
2020-06-10 23:00,-5,645145200,25.3,4.14,22.3,89.9,44.1,24.1,21.6
2020-06-10 23:10,-5,645145800,25.5,4.14,22.3,89.9,44.1,24.2,21.8
2020-06-10 23:20,-5,645146400,25.5,4.14,22.2,89.9,44.1,24.1,21.7
2020-06-10 23:30,-5,645147000,25.5,4.14,22.2,89.9,44.1,24.1,21.8
2020-06-10 23:40,-5,645147600,25.8,4.14,22.2,89.9,44.1,24.1,21.7
2020-06-10 23:50,-5,645148200,25.8,4.14,22.1,89.9,44.1,24.1,21.8
2020-06-11 0:00,-5,645148800,25.8,4.14,22.1,89.9,44.1,24.1,21.7
2020-06-11 0:10,-5,645149400,25.8,4.14,22.1,89.9,44.1,24.1,21.7
2020-06-11 0:20,-5,645150000,25.8,4.14,22.1,89.9,44.1,24,21.6
2020-06-11 0:30,-5,645150600,25.5,4.14,22.1,89.9,44.1,24.1,21.8
2020-06-11 0:40,-5,645151200,25.3,4.14,22,89.9,44.1,24,21.8
2020-06-11 0:50,-5,645151800,25.3,4.14,22,89.9,44.1,24.1,21.7
2020-06-11 1:00,-5,645152400,25.3,4.14,22,89.9,44.1,24.1,21.8
2020-06-11 1:10,-5,645153000,24.5,4.14,22,89.9,44.1,23.7,21.7
2020-06-11 1:20,-5,645153600,24,4.14,22,89.9,44.1,23.8,21.8
2020-06-11 1:30,-5,645154200,24.3,4.14,21.9,89.9,44.1,24.1,21.8
2020-06-11 1:40,-5,645154800,24.3,4.14,21.9,89.9,44.1,24,21.8
2020-06-11 1:50,-5,645155400,24.3,4.14,21.9,89.9,44.1,23.7,21.8
2020-06-11 2:00,-5,645156000,23.8,4.14,21.9,89.9,44.1,23.7,21.8
2020-06-11 2:10,-5,645156600,23.5,4.14,21.9,89.9,44.1,23.7,21.8
2020-06-11 2:20,-5,645157200,23.3,4.14,21.9,89.9,44.1,23.7,21.8
2020-06-11 2:30,-5,645157800,23.3,4.14,21.8,89.9,44.1,23.8,21.8
2020-06-11 2:40,-5,645158400,23.3,4.14,21.8,89.9,44.1,23.7,22
2020-06-11 2:50,-5,645159000,23,4.14,21.8,89.9,44.1,23.8,22
2020-06-11 3:00,-5,645159600,23,4.14,21.8,89.9,44.1,23.8,21.8
2020-06-11 3:10,-5,645160200,23,4.14,21.8,89.9,44.1,23.7,22
2020-06-11 3:20,-5,645160800,23,4.14,21.8,89.9,44.1,23.7,22
2020-06-11 3:30,-5,645161400,23,4.14,21.8,89.9,44.1,23.8,21.8
2020-06-11 3:40,-5,645162000,23,4.14,21.8,89.9,44.1,23.7,22
2020-06-11 3:50,-5,645162600,22.8,4.14,21.7,89.9,44.1,23.8,21.9
2020-06-11 4:00,-5,645163200,23,4.14,21.7,89.9,44.1,23.7,22
2020-06-11 4:10,-5,645163800,23,4.14,21.7,89.9,44.1,23.8,22.1
2020-06-11 4:20,-5,645164400,23,4.14,21.7,89.9,44.1,23.7,22
2020-06-11 4:30,-5,645165000,22.8,4.14,21.7,89.9,44.1,23.5,21.9
2020-06-11 4:40,-5,645165600,22.8,4.14,21.7,89.9,44.1,23.6,21.8
2020-06-11 4:50,-5,645166200,22.8,4.14,21.7,89.9,44.1,23.5,22.1
2020-06-11 5:00,-5,645166800,22.8,4.14,21.7,89.9,44.1,23.7,22
2020-06-11 5:10,-5,645167400,22.8,4.14,21.6,89.9,44.1,23.5,22
2020-06-11 5:20,-5,645168000,22.8,4.14,21.7,89.9,44.1,23.4,22.1
2020-06-11 5:30,-5,645168600,22.8,4.14,21.7,89.9,44.1,23.4,22.1
2020-06-11 5:40,-5,645169200,22.8,4.14,21.7,89.9,44.2,23.6,21.8
2020-06-11 5:50,-5,645169800,22.8,4.14,21.7,89.9,44.2,23.6,22
2020-06-11 6:00,-5,645170400,22.8,4.14,21.8,89.9,44.2,23.4,21.8
2020-06-11 6:10,-5,645171000,22.8,4.14,21.8,89.9,44.2,23.6,21.8
2020-06-11 6:20,-5,645171600,23,4.14,21.8,89.9,44.2,23.6,22
2020-06-11 6:30,-5,645172200,23,4.14,21.8,89.9,44.2,23.5,22.1
2020-06-11 6:40,-5,645172800,23,4.14,21.9,89.9,44.2,23.3,22
2020-06-11 6:50,-5,645173400,23,4.14,21.9,89.9,44.2,23.3,22
2020-06-11 7:00,-5,645174000,23.3,4.14,21.9,89.9,44.2,23.3,22
2020-06-11 7:10,-5,645174600,23.3,4.14,21.9,89.9,44.2,23.4,22
2020-06-11 7:20,-5,645175200,23.5,4.14,21.9,89.9,44.2,23.2,22
2020-06-11 7:30,-5,645175800,23.8,4.14,21.9,89.9,44.2,23.5,21.8
2020-06-11 7:40,-5,645176400,24.3,4.14,21.9,89.9,44.2,23.3,22
2020-06-11 7:50,-5,645177000,24.8,4.14,21.9,89.9,44.2,23.4,22
2020-06-11 8:00,-5,645177600,24.3,4.14,21.9,89.9,44.2,23.2,21.8
2020-06-11 8:10,-5,645178200,23.5,4.14,21.9,89.9,44.2,23.2,22.1
2020-06-11 8:20,-5,645178800,23,4.14,22,89.9,44.2,23.4,21.8
2020-06-11 8:30,-5,645179400,22.8,4.14,22.1,89.9,44.2,23.3,21.9
2020-06-11 8:40,-5,645180000,22.8,4.14,22.3,89.9,44.2,23.3,22
2020-06-11 8:50,-5,645180600,23.5,4.14,22.8,89.9,44.2,23.3,21.8
2020-06-11 9:00,-5,645181200,24,4.14,22.9,89.9,44.2,23.3,21.8
2020-06-11 9:10,-5,645181800,26.3,4.14,23,89.9,44.3,23.2,22
2020-06-11 9:20,-5,645182400,28.5,4.14,23.1,89.9,44.3,23.2,22.1
2020-06-11 9:30,-5,645183000,28.3,4.14,23.1,89.9,44.4,23.2,22
2020-06-11 9:40,-5,645183600,28.5,4.14,23.1,89.9,44.4,23.2,21.8
2020-06-11 9:50,-5,645184200,29.3,4.14,23.1,89.9,44.4,23.2,21.8
2020-06-11 10:00,-5,645184800,30.5,4.14,23.1,89.9,44.4,23.1,22
2020-06-11 10:10,-5,645185400,31.3,4.14,23.1,89.9,44.4,23.2,22
2020-06-11 10:20,-5,645186000,34.8,4.14,23.1,89.9,44.4,23.1,22
2020-06-11 10:30,-5,645186600,33.5,4.14,23.1,89.9,44.4,23.2,22
2020-06-11 10:40,-5,645187200,30.5,4.14,23.1,89.9,44.4,23.2,22
2020-06-11 10:50,-5,645187800,28.8,4.14,23.2,89.9,44.4,23.2,22
2020-06-11 11:00,-5,645188400,28.5,4.14,23.2,89.9,44.4,23.1,22
2020-06-11 11:10,-5,645189000,27.5,4.14,23.2,89.9,44.4,23.1,21.8
2020-06-11 11:20,-5,645189600,26.3,4.14,23.2,89.9,44.4,23.2,21.8
2020-06-11 11:30,-5,645190200,24.3,4.14,26.9,89.9,44.4,23.1,21.7
2020-06-11 11:40,-5,645190800,23.5,4.14,39.3,89.9,45.1,23,21.8
2020-06-11 11:50,-5,645191400,23,4.14,37.3,89.9,45.3,23.2,21.9
2020-06-11 12:00,-5,645192000,23.3,4.14,35.7,89.9,45.4,23.2,21.9
2020-06-11 12:10,-5,645192600,23.5,4.14,34.1,89.9,45.4,23.3,21.7
2020-06-11 12:20,-5,645193200,25.8,4.14,32.8,89.9,45.4,23.3,21.8
2020-06-11 12:30,-5,645193800,27.8,4.14,31.9,89.9,45.5,23.3,21.9
2020-06-11 12:40,-5,645194400,28.8,4.14,31.5,89.9,45.6,23.3,21.8
2020-06-11 12:50,-5,645195000,32,4.14,31.2,89.9,45.7,23.3,22
2020-06-11 13:00,-5,645195600,35.8,4.14,30.9,89.9,45.9,23.3,21.8
2020-06-11 13:10,-5,645196200,39,4.14,30.7,89.9,46,23.3,22
2020-06-11 13:20,-5,645196800,38.5,4.14,30.5,89.9,46.1,23.2,21.8
2020-06-11 13:30,-5,645197400,37.3,4.14,30.1,89.9,46.2,23.3,22
2020-06-11 13:40,-5,645198000,38.3,4.14,29.8,89.9,46.4,23.2,21.7
2020-06-11 13:50,-5,645198600,35.8,4.14,29.7,89.9,46.5,23.5,21.8
2020-06-11 14:00,-5,645199200,35.3,4.14,29.4,89.9,46.6,23.5,21.8
2020-06-11 14:10,-5,645199800,34.3,4.14,29.1,89.9,46.6,23.3,21.8
2020-06-11 14:20,-5,645200400,33,4.14,29,89.9,46.7,23.4,21.8
2020-06-11 14:30,-5,645201000,32.5,4.14,28.9,89.9,46.8,23.5,21.8
2020-06-11 14:40,-5,645201600,33.3,4.14,28.8,89.9,46.8,23.4,22
2020-06-11 14:50,-5,645202200,33,4.14,28.7,89.9,46.9,23.3,21.8
2020-06-11 15:00,-5,645202800,33.5,4.14,28.7,89.9,47,23.3,21.8
2020-06-11 15:10,-5,645203400,33,4.14,28.6,89.9,47,23.4,22
2020-06-11 15:20,-5,645204000,35,4.14,28.5,89.9,47,23.3,22
2020-06-11 15:30,-5,645204600,41.5,4.14,28.4,89.9,47.1,23.6,21.8
2020-06-11 15:40,-5,645205200,43.3,4.14,28.4,89.9,47.1,23.5,21.8
2020-06-11 15:50,-5,645205800,38.3,4.14,28.3,89.9,47.1,23.6,22
2020-06-11 16:00,-5,645206400,35.8,4.14,28.2,89.9,47.2,23.5,21.8
2020-06-11 16:10,-5,645207000,34.8,4.14,28.2,89.9,47.2,23.8,21.9
2020-06-11 16:20,-5,645207600,33.3,4.14,28.2,89.9,47.2,23.6,22
2020-06-11 16:30,-5,645208200,32.3,4.14,28.1,89.9,47.2,23.6,22
2020-06-11 16:40,-5,645208800,32.3,4.14,28.1,89.9,47.3,23.6,21.8
2020-06-11 16:50,-5,645209400,33,4.14,28,89.9,47.3,23.7,22
2020-06-11 17:00,-5,645210000,33.3,4.14,28,89.9,47.4,23.6,22
2020-06-11 17:10,-5,645210600,32,4.14,28,89.9,47.5,23.6,22
2020-06-11 17:20,-5,645211200,30.8,4.14,28,89.9,47.6,23.6,22
2020-06-11 17:30,-5,645211800,30,4.14,27.9,89.9,47.6,23.7,22
2020-06-11 17:40,-5,645212400,29.3,4.14,27.9,89.9,47.6,23.7,21.8
2020-06-11 17:50,-5,645213000,28.8,4.14,27.9,89.9,47.7,23.8,21.8
2020-06-11 18:00,-5,645213600,28,4.14,27.8,89.9,47.7,24.1,22
2020-06-11 18:10,-5,645214200,27.3,4.14,27.8,89.9,47.9,23.7,22.1
2020-06-11 18:20,-5,645214800,27,4.14,27.7,89.9,48,23.7,22
2020-06-11 18:30,-5,645215400,26.8,4.14,27.7,89.9,48.1,23.7,21.8
2020-06-11 18:40,-5,645216000,26.3,4.14,27.6,89.9,48.3,24,22
2020-06-11 18:50,-5,645216600,26.8,4.14,27.6,89.9,48.3,23.8,21.9
2020-06-11 19:00,-5,645217200,27,4.14,27.5,89.9,48.3,23.7,22
2020-06-11 19:10,-5,645217800,27.3,4.14,27.5,89.9,48.3,23.8,22
2020-06-11 19:20,-5,645218400,27.3,4.14,27.5,89.9,48.2,23.8,22.1
2020-06-11 19:30,-5,645219000,26.3,4.14,27.5,89.9,48.2,24.1,22.2
2020-06-11 19:40,-5,645219600,25.3,4.14,27.5,89.9,48.3,24.1,22
2020-06-11 19:50,-5,645220200,24.5,4.14,27.4,89.9,48.2,23.7,22
2020-06-11 20:00,-5,645220800,23.8,4.14,27.4,89.9,48.2,23.8,22
2020-06-11 20:10,-5,645221400,23.3,4.14,27.3,89.9,47.6,23.8,22
2020-06-11 20:20,-5,645222000,23,4.14,27.3,89.9,47.6,23.8,22.1
2020-06-11 20:30,-5,645222600,22.8,4.14,27.3,89.9,48.4,24.1,22.1
2020-06-11 20:40,-5,645223200,22.5,4.14,27.3,89.9,48.5,23.6,22.1
2020-06-11 20:50,-5,645223800,22.3,4.14,27.2,89.9,48.5,23.7,22.2
2020-06-11 21:00,-5,645224400,21.8,4.14,27.2,89.9,48.4,23.8,22
2020-06-11 21:10,-5,645225000,21.8,4.14,27.1,89.9,48.5,23.8,22
2020-06-11 21:20,-5,645225600,21.5,4.14,27.1,89.9,48.4,23.8,22
2020-06-11 21:30,-5,645226200,21.5,4.14,27.1,89.9,48.4,23.8,22.1
2020-06-11 21:40,-5,645226800,21.3,4.14,27,89.9,48.4,23.7,21.8
2020-06-11 21:50,-5,645227400,21,4.14,27,89.9,48.7,23.7,22.1
2020-06-11 22:00,-5,645228000,20.8,4.14,26.9,89.9,48.7,23.8,22.2
2020-06-11 22:10,-5,645228600,20.5,4.14,26.9,89.9,48.7,24.1,22.2
2020-06-11 22:20,-5,645229200,20.3,4.14,26.8,89.9,47.7,24.1,22.2
2020-06-11 22:30,-5,645229800,20,4.14,26.8,89.9,48.6,23.7,22.1
2020-06-11 22:40,-5,645230400,19.8,4.14,26.7,89.9,48.7,23.8,22.1
2020-06-11 22:50,-5,645231000,19.3,4.14,26.7,89.9,48.4,24.1,22.1
2020-06-11 23:00,-5,645231600,19,4.14,26.7,89.9,48.3,23.8,22.2
2020-06-11 23:10,-5,645232200,18.8,4.14,26.6,89.9,48.3,23.7,22.2
2020-06-11 23:20,-5,645232800,18.8,4.14,26.6,89.9,48.2,23.7,22.2
2020-06-11 23:30,-5,645233400,19.3,4.14,26.5,89.9,48.4,23.7,22.1
2020-06-11 23:40,-5,645234000,19.8,4.14,26.5,89.9,47.7,23.7,22.2
2020-06-11 23:50,-5,645234600,20,4.14,26.5,89.9,47.7,23.8,22.2
2020-06-12 0:00,-5,645235200,19.8,4.14,26.5,89.9,47.7,23.7,22.1
2020-06-12 0:10,-5,645235800,19.8,4.14,26.4,89.9,47.8,23.5,22.2
2020-06-12 0:20,-5,645236400,19.3,4.14,26.4,89.9,47.7,23.5,22.2
2020-06-12 0:30,-5,645237000,18.8,4.14,26.3,89.9,48,23.6,22.1
2020-06-12 0:40,-5,645237600,18.8,4.14,26.3,89.9,48,23.7,22.2
2020-06-12 0:50,-5,645238200,18.8,4.14,26.3,89.9,48,23.6,22.1
2020-06-12 1:00,-5,645238800,18.8,4.14,26.2,89.9,48.1,23.6,22.1
2020-06-12 1:10,-5,645239400,18.5,4.14,26.2,89.9,48.2,23.6,22.2
2020-06-12 1:20,-5,645240000,18.5,4.14,26.1,89.9,48.2,23.5,22.1
2020-06-12 1:30,-5,645240600,18.3,4.14,26.1,89.9,48.2,23.5,22.2
2020-06-12 1:40,-5,645241200,17.8,4.14,26,89.9,47.8,23.3,22.1
2020-06-12 1:50,-5,645241800,17.8,4.14,26,89.9,47.8,23.4,22.1
2020-06-12 2:00,-5,645242400,17.5,4.14,26,89.9,47.8,23.3,22.2
2020-06-12 2:10,-5,645243000,17.3,4.14,25.9,89.9,48.1,23.4,22.3
2020-06-12 2:20,-5,645243600,16.8,4.14,25.8,89.9,48.1,23.3,22.1
2020-06-12 2:30,-5,645244200,17,4.14,25.8,89.9,48.1,23.2,22.3
2020-06-12 2:40,-5,645244800,17,4.14,25.8,89.9,48.1,23.2,22.2
2020-06-12 2:50,-5,645245400,17,4.14,25.7,89.9,48.2,23.2,22.3
2020-06-12 3:00,-5,645246000,16.3,4.14,25.7,89.9,48.2,23.2,22.1
2020-06-12 3:10,-5,645246600,15.8,4.14,25.6,89.9,47.8,23.2,22.1
2020-06-12 3:20,-5,645247200,15.8,4.14,25.6,89.9,47.8,23.1,22.1
2020-06-12 3:30,-5,645247800,15.3,4.14,25.6,89.9,47.8,23,22.2
2020-06-12 3:40,-5,645248400,15,4.14,25.5,89.9,47.8,23.1,22.1
2020-06-12 3:50,-5,645249000,15,4.14,25.5,89.9,47.9,23,22.1
2020-06-12 4:00,-5,645249600,15,4.14,25.5,89.9,47.8,23.1,22.1
2020-06-12 4:10,-5,645250200,15.3,4.14,25.6,89.9,47.8,23.2,22.1
2020-06-12 4:20,-5,645250800,15.5,4.14,25.6,89.9,47.8,23,22.1
2020-06-12 4:30,-5,645251400,15.8,4.14,25.6,89.9,47.8,23.1,22.2
2020-06-12 4:40,-5,645252000,15.8,4.14,25.5,89.9,47.8,23.1,22.1
2020-06-12 4:50,-5,645252600,16,4.14,25.5,89.9,47.8,23.1,22.2
2020-06-12 5:00,-5,645253200,16.3,4.14,25.5,89.9,48.4,22.8,22.1
2020-06-12 5:10,-5,645253800,16.3,4.14,25.4,89.9,48.4,22.8,22.1
2020-06-12 5:20,-5,645254400,17.5,4.14,25.4,89.9,48.3,22.7,22.1
2020-06-12 5:30,-5,645255000,19,4.14,25.3,89.9,48.4,22.8,22.1
2020-06-12 5:40,-5,645255600,19.8,4.14,25.3,89.9,48.4,22.7,22
2020-06-12 5:50,-5,645256200,20.5,4.14,25.3,89.9,47.9,22.7,22.1
2020-06-12 6:00,-5,645256800,21.5,4.14,25.2,89.9,47.9,22.7,22.1
2020-06-12 6:10,-5,645257400,22.3,4.14,25.2,89.9,47.9,22.6,22.2
2020-06-12 6:20,-5,645258000,23,4.14,25.2,89.9,47.9,22.6,22
2020-06-12 6:30,-5,645258600,24.3,4.14,25.2,89.9,47.9,22.5,22.1
2020-06-12 6:40,-5,645259200,25,4.14,25.6,89.9,47.9,22.6,21.8
2020-06-12 6:50,-5,645259800,25.8,4.14,25.8,89.9,47.8,22.5,22.2
2020-06-12 7:00,-5,645260400,26.5,4.14,26.4,89.9,47.9,22.5,22.1
2020-06-12 7:10,-5,645261000,26.8,4.14,26.5,89.9,47.8,22.4,21.8
2020-06-12 7:20,-5,645261600,27.3,4.14,26.4,89.9,47.8,22.2,22
2020-06-12 7:30,-5,645262200,27.3,4.14,26.7,89.9,47.8,22.3,21.8
2020-06-12 7:40,-5,645262800,28,4.14,26.9,89.9,47.8,22.3,21.8
2020-06-12 7:50,-5,645263400,28.3,4.14,26.8,89.9,47.8,22.2,21.8
2020-06-12 8:00,-5,645264000,28.5,4.14,26.8,89.9,47.8,22.2,21.8
2020-06-12 8:10,-5,645264600,28.5,4.14,26.9,89.9,47.8,22.3,21.7
2020-06-12 8:20,-5,645265200,29,4.14,27,89.9,47.8,22.2,21.8
2020-06-12 8:30,-5,645265800,29.5,4.14,27.5,89.9,47.8,22.1,21.8
2020-06-12 8:40,-5,645266400,29.3,4.14,27,89.9,47.8,22.2,21.8
2020-06-12 8:50,-5,645267000,29.8,4.14,26.9,89.9,47.8,22.2,21.8
2020-06-12 9:00,-5,645267600,30,4.14,27.3,89.9,47.8,22.1,21.8
2020-06-12 9:10,-5,645268200,30.3,4.14,27.1,89.9,47.8,22,21.8
2020-06-12 9:20,-5,645268800,30.3,4.14,28.3,89.9,47.8,21.8,21.7
2020-06-12 9:30,-5,645269400,30.8,4.14,27.6,89.9,47.8,22,21.8
2020-06-12 9:40,-5,645270000,31.8,4.14,27.1,89.9,47.8,21.8,21.8
2020-06-12 9:50,-5,645270600,32.3,4.14,27.1,89.9,47.8,21.7,21.7
2020-06-12 10:00,-5,645271200,32.3,4.14,27.2,89.9,47.8,22,21.7
2020-06-12 10:10,-5,645271800,32.3,4.14,27.2,89.9,47.8,22.1,21.6
2020-06-12 10:20,-5,645272400,32.5,4.14,27.3,89.9,47.8,22,21.6
2020-06-12 10:30,-5,645273000,32.8,4.14,27.3,89.9,47.8,21.7,21.8
2020-06-12 10:40,-5,645273600,33.3,4.14,27.5,89.9,47.8,22,21.8
2020-06-12 10:50,-5,645274200,33.8,4.14,27.5,89.9,47.8,22,21.7
2020-06-12 11:00,-5,645274800,34.5,4.14,27.6,89.9,47.8,22,21.8
2020-06-12 11:10,-5,645275400,35.5,4.14,27.7,89.9,47.8,22,21.6
2020-06-12 11:20,-5,645276000,36.3,4.14,27.6,89.9,47.8,22.1,21.6
2020-06-12 11:30,-5,645276600,36,4.14,27.6,89.9,47.8,22.2,21.6