SL216 - Mayfly GPLP3 Logger
DateTime_EST,TZ-Offset,Loggertime,BoardTemp_C,Battery_V,Segment1_percent,Segment2_percent,Segment3_percent,T1_degC,T2_degC
2020-06-03 10:40:00,-5,644496000,33.5,4.06,5.3,14.1,15.6,25.1,0.0
2020-06-03 10:50:00,-5,644496600,33.3,4.15,3.8,11.6,15.3,21.5,19.6
2020-06-03 11:00:00,-5,644497200,31.0,4.14,11.1,15.3,0.0,20.1,18.8
2020-06-03 11:10:00,-5,644497800,29.3,4.14,3.4,11.0,15.3,19.5,18.6
2020-06-03 11:20:00,-5,644498400,24.5,4.14,3.5,11.0,15.4,19.3,18.6
2020-06-03 11:30:00,-5,644499000,21.3,4.12,9.0,11.2,15.4,19.3,18.2
2020-06-03 11:40:00,-5,644499600,20.5,4.14,11.0,11.7,15.5,19.2,18.3
2020-06-03 11:50:00,-5,644500200,20.3,4.14,11.1,12.1,15.6,19.3,18.2
2020-06-03 12:00:00,-5,644500800,20.3,4.14,11.0,12.4,15.9,19.3,18.2
2020-06-03 12:10:00,-5,644501400,20.5,4.14,12.5,16.0,0.0,19.3,18.3
2020-06-03 12:20:00,-5,644502000,21.8,4.14,12.5,16.2,0.0,19.3,18.1
2020-06-03 12:30:00,-5,644502600,23.5,4.15,12.6,16.2,0.0,19.5,18.1
2020-06-03 12:40:00,-5,644503200,25.5,4.15,12.7,16.3,0.0,19.4,18.2
2020-06-03 12:50:00,-5,644503800,29.3,4.15,12.8,16.4,0.0,19.3,18.1
2020-06-03 13:00:00,-5,644504400,32.5,4.15,10.3,12.9,16.4,19.5,18.1
2020-06-03 13:10:00,-5,644505000,34.5,4.15,10.2,12.9,16.5,19.5,18.1
2020-06-03 13:20:00,-5,644505600,35.3,4.15,10.1,13.0,16.5,19.5,18.1
2020-06-03 13:30:00,-5,644506200,36.5,4.15,13.1,16.6,0.0,19.5,18.1
2020-06-03 13:40:00,-5,644506800,38.5,4.15,13.1,16.6,0.0,19.5,18.2
2020-06-03 13:50:00,-5,644507400,39.5,4.15,13.2,16.6,0.0,19.5,18.1
2020-06-03 14:00:00,-5,644508000,40.5,4.15,10.0,13.3,16.6,19.7,18.1
2020-06-03 14:10:00,-5,644508600,40.3,4.15,10.0,13.3,16.6,19.6,18.2
2020-06-03 14:20:00,-5,644509200,40.8,4.15,13.4,16.7,0.0,19.8,18.2
2020-06-03 14:30:00,-5,644509800,41.8,4.15,13.4,16.7,0.0,19.6,18.2
2020-06-03 14:40:00,-5,644510400,42.5,4.15,13.5,16.7,0.0,19.8,18.1
2020-06-03 14:50:00,-5,644511000,43.5,4.15,10.0,13.6,16.7,19.7,18.1
2020-06-03 15:00:00,-5,644511600,42.5,4.15,13.6,16.8,0.0,19.8,18.1
2020-06-03 15:10:00,-5,644512200,42.8,4.15,13.7,16.8,0.0,18.1,0.0
2020-06-03 15:20:00,-5,644512800,44.8,4.15,13.7,16.8,0.0,20.1,18.1
2020-06-03 15:30:00,-5,644513400,45.8,4.15,10.1,13.7,16.8,20.2,18.2
2020-06-03 15:40:00,-5,644514000,43.5,4.15,13.8,16.8,0.0,20.3,18.2
2020-06-03 15:50:00,-5,644514600,39.0,4.15,10.2,13.8,16.9,18.1,0.0
2020-06-03 16:00:00,-5,644515200,41.5,4.15,13.9,16.9,0.0,18.1,0.0
2020-06-03 16:10:00,-5,644515800,45.3,4.15,10.2,13.9,16.9,20.4,18.2
2020-06-03 16:20:00,-5,644516400,46.8,4.15,13.9,16.9,0.0,20.5,18.2
2020-06-03 16:30:00,-5,644517000,48.0,4.15,10.3,14.0,16.9,20.6,18.2
2020-06-03 16:40:00,-5,644517600,47.3,4.15,10.3,14.0,16.9,20.6,18.3
2020-06-03 16:50:00,-5,644518200,45.8,4.15,11.2,14.3,17.0,20.6,18.2
2020-06-03 17:00:00,-5,644518800,40.3,4.15,14.6,17.1,0.0,18.1,0.0
2020-06-03 17:10:00,-5,644519400,41.8,4.15,14.6,17.3,0.0,20.8,18.2
2020-06-03 17:20:00,-5,644520000,45.3,4.15,14.6,17.5,0.0,18.3,0.0
2020-06-03 17:30:00,-5,644520600,45.3,4.15,14.7,17.6,0.0,20.8,18.3
2020-06-03 17:40:00,-5,644521200,40.0,4.15,11.1,14.8,17.6,21.0,18.3
2020-06-03 17:50:00,-5,644521800,35.5,4.15,11.1,14.8,17.7,21.3,18.2
2020-06-03 18:00:00,-5,644522400,32.8,4.15,11.1,14.8,17.8,21.0,18.3
2020-06-03 18:10:00,-5,644523000,25.8,4.15,15.3,17.9,0.0,21.3,18.3
2020-06-03 18:20:00,-5,644523600,21.3,4.15,15.0,15.8,18.2,21.3,18.3
2020-06-03 18:30:00,-5,644524200,20.3,4.15,31.5,34.7,0.0,22.6,19.4
2020-06-03 18:40:00,-5,644524800,20.3,4.15,26.8,26.7,0.0,22.1,18.8
2020-06-03 18:50:00,-5,644525400,19.8,4.15,25.9,26.2,0.0,22.0,18.7
2020-06-03 19:00:00,-5,644526000,19.5,4.15,25.2,26.1,0.0,21.7,18.6
2020-06-03 19:10:00,-5,644526600,19.3,4.15,17.1,25.0,26.1,21.7,18.5
2020-06-03 19:20:00,-5,644527200,19.0,4.15,25.0,26.2,0.0,21.7,18.6
2020-06-03 19:30:00,-5,644527800,19.0,4.15,16.6,25.0,26.2,21.6,18.6
2020-06-03 19:40:00,-5,644528400,19.3,4.15,16.5,24.9,26.2,21.7,18.6
2020-06-03 19:50:00,-5,644529000,19.0,4.15,24.9,26.3,0.0,21.6,18.7
2020-06-03 20:00:00,-5,644529600,19.0,4.15,24.8,26.3,0.0,18.7,0.0
2020-06-03 20:10:00,-5,644530200,19.3,4.15,24.7,26.4,0.0,21.6,18.7
2020-06-03 20:20:00,-5,644530800,19.0,4.15,24.6,26.4,0.0,18.7,0.0
2020-06-03 20:30:00,-5,644531400,19.0,4.15,16.0,24.5,26.5,21.8,18.7
2020-06-03 20:40:00,-5,644532000,19.3,4.15,24.5,26.5,0.0,21.6,18.6
2020-06-03 20:50:00,-5,644532600,19.3,4.15,24.4,26.6,0.0,21.6,18.8
2020-06-03 21:00:00,-5,644533200,19.3,4.15,15.9,24.3,26.6,21.6,18.8
2020-06-03 21:10:00,-5,644533800,19.3,4.15,15.9,24.3,26.7,21.6,18.8
2020-06-03 21:20:00,-5,644534400,19.5,4.15,24.3,26.7,0.0,21.7,18.8
2020-06-03 21:30:00,-5,644535000,19.3,4.15,24.2,26.7,0.0,21.6,18.8
2020-06-03 21:40:00,-5,644535600,19.3,4.15,24.1,26.8,0.0,21.4,18.8
2020-06-03 21:50:00,-5,644536200,19.3,4.15,15.7,24.1,26.8,21.4,19.0
2020-06-03 22:00:00,-5,644536800,19.3,4.15,15.6,24.0,26.8,21.5,18.8
2020-06-03 22:10:00,-5,644537400,19.3,4.15,24.0,26.8,0.0,21.6,18.8
2020-06-03 22:20:00,-5,644538000,19.3,4.15,24.0,26.9,0.0,21.4,19.0
2020-06-03 22:30:00,-5,644538600,19.3,4.14,15.5,24.0,26.9,21.5,19.0
2020-06-03 22:40:00,-5,644539200,19.5,4.15,23.9,26.9,0.0,21.3,19.0
2020-06-03 22:50:00,-5,644539800,19.5,4.14,15.5,23.9,26.9,21.3,19.0
2020-06-03 23:00:00,-5,644540400,19.5,4.14,15.4,23.9,27.0,21.2,19.0
2020-06-03 23:10:00,-5,644541000,19.3,4.14,23.9,27.0,0.0,21.4,19.0
2020-06-03 23:20:00,-5,644541600,19.5,4.15,23.9,27.0,0.0,21.3,19.0
2020-06-03 23:30:00,-5,644542200,19.3,4.14,15.3,23.8,27.0,21.3,19.0
2020-06-03 23:40:00,-5,644542800,19.3,4.14,23.8,27.0,0.0,21.2,19.2
2020-06-03 23:50:00,-5,644543400,18.8,4.14,23.8,27.0,0.0,21.4,19.0
2020-06-04 00:00:00,-5,644544000,18.8,4.14,15.3,23.8,27.0,21.4,19.2
2020-06-04 00:10:00,-5,644544600,18.8,4.14,15.2,23.8,27.1,21.2,19.1
2020-06-04 00:20:00,-5,644545200,18.8,4.14,15.2,23.8,27.1,21.2,19.0
2020-06-04 00:30:00,-5,644545800,18.8,4.14,15.2,23.8,27.1,21.4,19.1
2020-06-04 00:40:00,-5,644546400,18.8,4.14,15.2,23.7,27.1,21.1,19.1
2020-06-04 00:50:00,-5,644547000,18.3,4.14,15.2,23.8,27.1,21.1,19.0
2020-06-04 01:00:00,-5,644547600,18.3,4.14,23.7,27.1,0.0,21.1,19.1
2020-06-04 01:10:00,-5,644548200,18.3,4.14,15.1,23.7,27.2,21.1,19.1
2020-06-04 01:20:00,-5,644548800,18.3,4.14,15.1,23.7,27.2,21.2,19.2
2020-06-04 01:30:00,-5,644549400,18.3,4.14,15.1,23.7,27.2,21.0,19.1
2020-06-04 01:40:00,-5,644550000,18.0,4.14,15.1,23.7,27.2,21.1,19.1
2020-06-04 01:50:00,-5,644550600,17.8,4.14,15.1,23.7,27.2,21.1,19.2
2020-06-04 02:00:00,-5,644551200,17.5,4.14,15.1,23.7,27.2,21.1,19.3
2020-06-04 02:10:00,-5,644551800,17.5,4.14,23.7,27.2,0.0,21.1,19.2
2020-06-04 02:20:00,-5,644552400,17.8,4.14,15.0,23.7,27.2,21.3,19.2
2020-06-04 02:30:00,-5,644553000,17.5,4.14,15.0,23.7,27.2,21.1,19.1
2020-06-04 02:40:00,-5,644553600,17.5,4.14,15.0,23.7,27.2,21.1,19.2
2020-06-04 02:50:00,-5,644554200,17.3,4.14,15.0,23.6,27.3,20.7,19.2
2020-06-04 03:00:00,-5,644554800,17.3,4.14,15.0,23.6,27.3,20.7,19.1
2020-06-04 03:10:00,-5,644555400,17.5,4.14,15.0,23.6,27.3,21.0,19.3
2020-06-04 03:20:00,-5,644556000,17.3,4.14,14.9,23.6,27.3,20.7,19.2
2020-06-04 03:30:00,-5,644556600,17.0,4.14,14.9,23.6,27.3,20.8,19.2
2020-06-04 03:40:00,-5,644557200,17.0,4.14,14.9,23.6,27.3,21.1,19.1
2020-06-04 03:50:00,-5,644557800,16.8,4.14,14.9,23.6,27.3,21.0,19.2
2020-06-04 04:00:00,-5,644558400,16.8,4.14,14.9,23.6,27.3,20.8,19.1
2020-06-04 04:10:00,-5,644559000,16.8,4.14,14.9,23.6,27.3,20.7,19.2
2020-06-04 04:20:00,-5,644559600,16.5,4.14,14.9,23.6,27.3,20.6,19.2
2020-06-04 04:30:00,-5,644560200,16.3,4.14,14.8,23.6,27.3,21.1,19.2
2020-06-04 04:40:00,-5,644560800,16.3,4.14,14.8,23.6,27.3,20.7,19.2
2020-06-04 04:50:00,-5,644561400,16.3,4.14,14.8,23.6,27.3,20.7,19.1
2020-06-04 05:00:00,-5,644562000,16.5,4.14,14.8,23.5,27.3,20.7,19.3
2020-06-04 05:10:00,-5,644562600,16.5,4.14,14.8,23.5,27.4,20.6,19.2
2020-06-04 05:20:00,-5,644563200,16.5,4.14,14.8,23.5,27.4,20.5,19.1
2020-06-04 05:30:00,-5,644563800,17.3,4.14,14.8,23.5,27.4,20.5,19.2
2020-06-04 05:40:00,-5,644564400,18.0,4.14,14.8,23.5,27.4,20.5,19.1
2020-06-04 05:50:00,-5,644565000,19.5,4.14,14.8,23.5,27.4,20.5,19.2
2020-06-04 06:00:00,-5,644565600,20.8,4.15,14.8,23.5,27.4,20.5,19.2
2020-06-04 06:10:00,-5,644566200,21.5,4.15,14.8,23.5,27.4,20.5,19.3
2020-06-04 06:20:00,-5,644566800,21.5,4.15,14.7,23.5,27.4,20.5,19.2
2020-06-04 06:30:00,-5,644567400,22.0,4.15,14.7,23.5,27.4,20.5,19.2
2020-06-04 06:40:00,-5,644568000,23.8,4.15,14.7,23.5,27.4,20.5,19.2
2020-06-04 06:50:00,-5,644568600,25.5,4.15,14.7,23.5,27.4,20.3,19.2
2020-06-04 07:00:00,-5,644569200,25.0,4.15,14.7,23.5,27.4,20.5,19.2
2020-06-04 07:10:00,-5,644569800,25.5,4.15,14.7,23.5,27.4,20.4,19.1
2020-06-04 07:20:00,-5,644570400,27.0,4.15,14.7,23.5,27.4,20.4,19.1
2020-06-04 07:30:00,-5,644571000,28.0,4.15,14.7,23.5,27.4,20.4,19.2
2020-06-04 07:40:00,-5,644571600,29.8,4.15,14.7,23.5,27.4,20.4,19.2
2020-06-04 07:50:00,-5,644572200,30.3,4.15,14.7,23.5,27.4,20.3,19.2
2020-06-04 08:00:00,-5,644572800,31.3,4.15,14.7,23.5,27.4,20.2,19.2
2020-06-04 08:10:00,-5,644573400,31.3,4.15,14.7,23.5,27.4,20.3,19.1
2020-06-04 08:20:00,-5,644574000,31.3,4.15,14.7,23.5,27.4,20.2,19.2
2020-06-04 08:30:00,-5,644574600,32.8,4.15,14.7,23.4,27.5,20.2,19.2
2020-06-04 08:40:00,-5,644575200,34.3,4.15,14.8,23.4,27.5,20.2,19.2
2020-06-04 08:50:00,-5,644575800,34.8,4.15,14.8,23.4,27.5,20.3,19.2
2020-06-04 09:00:00,-5,644576400,35.3,4.15,14.8,23.4,27.5,20.3,19.2
2020-06-04 09:10:00,-5,644577000,34.5,4.15,14.8,23.4,27.5,20.3,19.2
2020-06-04 09:20:00,-5,644577600,33.0,4.15,14.8,23.4,27.5,19.2,0.0
2020-06-04 09:30:00,-5,644578200,34.0,4.15,14.8,23.4,27.5,20.3,19.1
2020-06-04 09:40:00,-5,644578800,34.5,4.15,14.8,23.4,27.5,20.3,19.2
2020-06-04 09:50:00,-5,644579400,35.0,4.15,14.8,23.5,27.5,20.5,19.2
2020-06-04 10:00:00,-5,644580000,35.0,4.15,14.9,23.5,27.5,20.3,19.1
2020-06-04 10:10:00,-5,644580600,35.5,4.15,23.4,27.5,0.0,19.0,0.0
2020-06-04 10:20:00,-5,644581200,36.3,4.15,14.9,23.5,27.5,20.5,19.2
2020-06-04 10:30:00,-5,644581800,36.8,4.15,23.5,27.5,0.0,19.1,0.0
2020-06-04 10:40:00,-5,644582400,37.0,4.15,23.5,27.5,0.0,19.2,0.0
2020-06-04 10:50:00,-5,644583000,37.3,4.15,14.9,23.5,27.5,20.4,19.1
2020-06-04 11:00:00,-5,644583600,38.3,4.15,23.5,27.5,0.0,20.5,19.1
2020-06-04 11:10:00,-5,644584200,38.8,4.15,15.0,23.5,27.5,20.6,19.2
2020-06-04 11:20:00,-5,644584800,39.8,4.15,15.0,23.5,27.5,20.7,19.1
2020-06-04 11:30:00,-5,644585400,38.8,4.15,23.5,27.6,0.0,20.6,19.2
2020-06-04 11:40:00,-5,644586000,39.5,4.15,15.1,23.6,27.6,20.7,19.2
2020-06-04 11:50:00,-5,644586600,40.5,4.15,23.6,27.6,0.0,19.1,0.0
2020-06-04 12:00:00,-5,644587200,41.3,4.15,23.6,27.6,0.0,19.1,0.0
2020-06-04 12:10:00,-5,644587800,42.8,4.15,23.6,27.6,0.0,20.8,19.1
2020-06-04 12:20:00,-5,644588400,43.3,4.15,23.6,27.6,0.0,19.2,0.0
2020-06-04 12:30:00,-5,644589000,43.3,4.15,23.6,27.6,0.0,19.1,0.0
2020-06-04 12:40:00,-5,644589600,43.8,4.15,23.7,27.6,0.0,21.0,19.1
2020-06-04 12:50:00,-5,644590200,45.0,4.15,23.7,27.6,0.0,19.1,0.0
2020-06-04 13:00:00,-5,644590800,44.3,4.15,15.5,23.7,27.6,21.3,19.2
2020-06-04 13:10:00,-5,644591400,45.0,4.15,23.7,27.6,0.0,19.2,0.0
2020-06-04 13:20:00,-5,644592000,45.8,4.15,23.8,27.6,0.0,21.2,19.1
2020-06-04 13:30:00,-5,644592600,47.0,4.15,23.8,27.6,0.0,21.3,19.1
2020-06-04 13:40:00,-5,644593200,47.0,4.15,23.8,27.6,0.0,21.4,19.2
2020-06-04 13:50:00,-5,644593800,47.3,4.15,15.7,23.8,27.6,21.4,19.1
2020-06-04 14:00:00,-5,644594400,47.8,4.15,23.9,27.6,0.0,21.6,19.1
2020-06-04 14:10:00,-5,644595000,48.5,4.15,16.4,24.2,27.7,21.6,19.1
2020-06-04 14:20:00,-5,644595600,44.8,4.15,24.6,27.9,0.0,19.1,0.0
2020-06-04 14:30:00,-5,644596200,45.5,4.15,24.5,27.9,0.0,21.8,19.1
2020-06-04 14:40:00,-5,644596800,42.8,4.15,24.5,27.9,0.0,21.7,19.1
2020-06-04 14:50:00,-5,644597400,42.5,4.15,16.7,24.5,27.9,19.2,0.0
2020-06-04 15:00:00,-5,644598000,46.5,4.15,24.5,27.9,0.0,19.2,0.0
2020-06-04 15:10:00,-5,644598600,47.8,4.15,24.6,27.9,0.0,21.8,19.3
2020-06-04 15:20:00,-5,644599200,48.0,4.15,24.6,27.9,0.0,22.2,19.2
2020-06-04 15:30:00,-5,644599800,48.8,4.15,24.6,27.9,0.0,19.1,0.0
2020-06-04 15:40:00,-5,644600400,49.3,4.15,24.6,27.9,0.0,22.3,19.1
2020-06-04 15:50:00,-5,644601000,49.0,4.15,24.6,27.9,0.0,19.3,0.0
2020-06-04 16:00:00,-5,644601600,48.8,4.15,24.7,27.9,0.0,19.3,0.0
2020-06-04 16:10:00,-5,644602200,48.5,4.15,24.7,27.9,0.0,19.3,0.0
2020-06-04 16:20:00,-5,644602800,45.3,4.15,16.9,24.7,27.9,19.2,0.0
2020-06-04 16:30:00,-5,644603400,45.0,4.15,24.7,27.9,0.0,22.7,19.2
2020-06-04 16:40:00,-5,644604000,45.0,4.15,16.9,24.7,27.9,19.3,0.0
2020-06-04 16:50:00,-5,644604600,41.0,4.15,24.8,27.9,0.0,19.3,0.0
2020-06-04 17:00:00,-5,644605200,36.8,4.15,16.9,24.8,27.9,19.3,0.0
2020-06-04 17:10:00,-5,644605800,35.0,4.15,16.9,24.8,27.9,19.5,0.0
2020-06-04 17:20:00,-5,644606400,34.5,4.15,16.9,24.8,27.9,19.3,0.0
2020-06-04 17:30:00,-5,644607000,33.0,4.15,24.8,27.9,0.0,23.2,19.3
2020-06-04 17:40:00,-5,644607600,31.8,4.15,24.9,27.9,0.0,19.5,0.0
2020-06-04 17:50:00,-5,644608200,30.8,4.15,16.8,24.9,27.9,23.2,19.6
2020-06-04 18:00:00,-5,644608800,30.3,4.15,24.9,27.9,0.0,19.4,0.0
2020-06-04 18:10:00,-5,644609400,29.3,4.15,24.9,27.9,0.0,23.3,19.5
2020-06-04 18:20:00,-5,644610000,28.8,4.15,16.7,25.0,27.9,23.3,19.3
2020-06-04 18:30:00,-5,644610600,28.0,4.15,16.7,25.0,27.9,23.4,19.5
2020-06-04 18:40:00,-5,644611200,27.0,4.15,25.0,27.9,0.0,19.6,0.0
2020-06-04 18:50:00,-5,644611800,26.5,4.15,25.0,28.0,0.0,23.4,19.6
2020-06-04 19:00:00,-5,644612400,26.3,4.15,16.6,25.0,27.9,23.4,19.6
2020-06-04 19:10:00,-5,644613000,25.5,4.15,16.6,25.0,28.0,23.4,19.6
2020-06-04 19:20:00,-5,644613600,25.3,4.15,16.6,25.0,28.0,23.5,19.6
2020-06-04 19:30:00,-5,644614200,24.8,4.15,16.6,25.0,28.0,23.4,19.6
2020-06-04 19:40:00,-5,644614800,24.5,4.15,16.6,25.0,28.0,23.5,19.6
2020-06-04 19:50:00,-5,644615400,24.3,4.15,25.0,28.0,0.0,19.6,0.0
2020-06-04 20:00:00,-5,644616000,24.5,4.15,25.0,28.0,0.0,23.5,19.6
2020-06-04 20:10:00,-5,644616600,24.3,4.15,25.0,28.0,0.0,23.5,19.7
2020-06-04 20:20:00,-5,644617200,24.3,4.15,16.6,25.0,28.0,23.5,19.7
2020-06-04 20:30:00,-5,644617800,24.5,4.15,16.6,25.0,28.0,23.4,19.7
2020-06-04 20:40:00,-5,644618400,24.3,4.15,16.5,25.0,28.0,23.5,19.7
2020-06-04 20:50:00,-5,644619000,23.8,4.15,25.0,28.0,0.0,23.4,19.7
2020-06-04 21:00:00,-5,644619600,23.8,4.15,16.5,25.0,28.0,23.5,19.7
2020-06-04 21:10:00,-5,644620200,23.8,4.15,16.5,25.0,28.0,23.5,19.7
2020-06-04 21:20:00,-5,644620800,23.8,4.15,25.0,28.0,0.0,23.4,19.8
2020-06-04 21:30:00,-5,644621400,21.8,4.15,23.6,31.9,29.9,23.6,19.8
2020-06-04 21:40:00,-5,644622000,21.0,4.15,26.9,28.6,0.0,23.5,20.0
2020-06-04 21:50:00,-5,644622600,20.8,4.15,20.6,27.0,28.7,23.5,20.1
2020-06-04 22:00:00,-5,644623200,20.5,4.15,20.1,27.1,28.7,23.5,19.8
2020-06-04 22:10:00,-5,644623800,20.5,4.15,19.8,27.2,28.8,23.4,20.0
2020-06-04 22:20:00,-5,644624400,20.3,4.15,19.5,27.2,28.9,23.4,20.0
2020-06-04 22:30:00,-5,644625000,20.3,4.15,27.1,29.0,0.0,23.4,20.0
2020-06-04 22:40:00,-5,644625600,20.3,4.15,27.1,29.1,0.0,23.4,20.0
2020-06-04 22:50:00,-5,644626200,20.3,4.15,19.0,27.1,29.1,23.3,20.0
2020-06-04 23:00:00,-5,644626800,20.5,4.15,18.9,27.0,29.2,23.4,20.1
2020-06-04 23:10:00,-5,644627400,20.3,4.15,18.8,27.0,29.2,23.3,20.0
2020-06-04 23:20:00,-5,644628000,20.3,4.15,18.8,26.9,29.3,23.3,20.1
2020-06-04 23:30:00,-5,644628600,20.5,4.15,18.7,26.9,29.3,23.2,20.1
2020-06-04 23:40:00,-5,644629200,20.5,4.15,26.8,29.3,0.0,23.3,20.1
2020-06-04 23:50:00,-5,644629800,20.5,4.15,26.8,29.3,0.0,23.2,20.0
2020-06-05 00:00:00,-5,644630400,20.3,4.15,26.7,29.3,0.0,23.1,20.0
2020-06-05 00:10:00,-5,644631000,20.3,4.15,26.7,29.3,0.0,23.1,20.1
2020-06-05 00:20:00,-5,644631600,20.0,4.15,26.7,29.3,0.0,23.1,20.1
2020-06-05 00:30:00,-5,644632200,20.3,4.15,26.6,29.3,0.0,20.1,0.0
2020-06-05 00:40:00,-5,644632800,20.3,4.15,18.3,26.6,29.3,23.0,20.0
2020-06-05 00:50:00,-5,644633400,20.3,4.15,18.4,26.6,29.3,23.0,20.1
2020-06-05 01:00:00,-5,644634000,20.3,4.15,26.6,29.3,0.0,23.0,20.1
2020-06-05 01:10:00,-5,644634600,20.3,4.15,26.6,29.3,0.0,20.3,0.0
2020-06-05 01:20:00,-5,644635200,20.3,4.15,18.5,26.6,29.3,22.8,20.2
2020-06-05 01:30:00,-5,644635800,20.3,4.15,18.6,26.7,29.4,23.1,20.2
2020-06-05 01:40:00,-5,644636400,20.3,4.15,18.7,26.8,29.4,23.1,20.2
2020-06-05 01:50:00,-5,644637000,20.0,4.15,26.8,29.5,0.0,20.2,0.0
2020-06-05 02:00:00,-5,644637600,20.0,4.15,19.1,27.1,29.7,20.2,0.0
2020-06-05 02:10:00,-5,644638200,20.0,4.15,27.2,29.8,0.0,22.8,20.3
2020-06-05 02:20:00,-5,644638800,19.8,4.15,19.1,27.2,29.9,20.3,0.0
2020-06-05 02:30:00,-5,644639400,19.8,4.15,19.1,27.3,30.0,22.8,20.3
2020-06-05 02:40:00,-5,644640000,19.8,4.15,19.1,27.3,30.1,22.7,20.2
2020-06-05 02:50:00,-5,644640600,19.8,4.15,19.0,27.3,30.1,22.7,20.2
2020-06-05 03:00:00,-5,644641200,19.8,4.15,27.3,30.2,0.0,20.3,0.0
2020-06-05 03:10:00,-5,644641800,19.5,4.15,27.3,30.2,0.0,20.3,0.0
2020-06-05 03:20:00,-5,644642400,19.5,4.15,27.2,30.2,0.0,22.6,20.3
2020-06-05 03:30:00,-5,644643000,19.5,4.15,18.8,27.2,30.2,20.3,0.0
2020-06-05 03:40:00,-5,644643600,19.5,4.15,27.2,30.2,0.0,20.4,0.0
2020-06-05 03:50:00,-5,644644200,19.5,4.15,18.7,27.1,30.1,20.3,0.0
2020-06-05 04:00:00,-5,644644800,19.5,4.15,18.7,27.1,30.1,22.6,20.3
2020-06-05 04:10:00,-5,644645400,19.5,4.15,18.6,27.1,30.1,20.5,0.0
2020-06-05 04:20:00,-5,644646000,19.5,4.15,18.6,27.0,30.1,22.6,20.5
2020-06-05 04:30:00,-5,644646600,19.5,4.15,18.5,27.0,30.0,20.3,0.0
2020-06-05 04:40:00,-5,644647200,19.5,4.15,18.5,27.0,30.0,20.3,0.0
2020-06-05 04:50:00,-5,644647800,19.5,4.15,18.5,26.9,30.0,20.3,0.0
2020-06-05 05:00:00,-5,644648400,19.8,4.15,26.9,30.0,0.0,20.4,0.0
2020-06-05 05:10:00,-5,644649000,19.8,4.15,26.9,30.0,0.0,20.3,0.0
2020-06-05 05:20:00,-5,644649600,19.8,4.15,26.8,29.9,0.0,20.3,0.0
2020-06-05 05:30:00,-5,644650200,20.0,4.15,18.4,26.8,29.9,22.2,20.3
2020-06-05 05:40:00,-5,644650800,20.0,4.15,18.4,26.8,29.9,20.5,0.0
2020-06-05 05:50:00,-5,644651400,20.3,4.15,26.8,29.9,0.0,20.3,0.0
2020-06-05 06:00:00,-5,644652000,20.5,4.15,26.7,29.9,0.0,20.4,0.0
2020-06-05 06:10:00,-5,644652600,20.8,4.15,18.3,26.7,29.8,20.2,0.0
2020-06-05 06:20:00,-5,644653200,21.3,4.15,18.3,26.7,29.8,20.5,0.0
2020-06-05 06:30:00,-5,644653800,21.5,4.15,18.3,26.7,29.8,20.3,0.0
2020-06-05 06:40:00,-5,644654400,21.5,4.15,18.3,26.7,29.8,20.3,0.0
2020-06-05 06:50:00,-5,644655000,21.8,4.15,26.6,29.8,0.0,20.5,0.0
2020-06-05 07:00:00,-5,644655600,22.3,4.15,26.6,29.8,0.0,20.3,0.0
2020-06-05 07:10:00,-5,644656200,22.8,4.15,26.6,29.8,0.0,20.3,0.0
2020-06-05 07:20:00,-5,644656800,23.3,4.15,18.2,26.6,29.7,20.5,0.0
2020-06-05 07:30:00,-5,644657400,23.3,4.15,18.2,26.6,29.7,22.0,20.3
2020-06-05 07:40:00,-5,644658000,24.3,4.15,18.2,26.5,29.7,20.3,0.0
2020-06-05 07:50:00,-5,644658600,25.0,4.15,18.2,26.5,29.7,20.2,0.0
2020-06-05 08:00:00,-5,644659200,25.0,4.15,26.5,29.7,0.0,21.8,20.3
2020-06-05 08:10:00,-5,644659800,26.0,4.15,18.2,26.5,29.7,20.5,0.0
2020-06-05 08:20:00,-5,644660400,27.3,4.15,26.5,29.7,0.0,20.3,0.0
2020-06-05 08:30:00,-5,644661000,28.5,4.15,26.5,29.7,0.0,20.3,0.0
2020-06-05 08:40:00,-5,644661600,29.0,4.15,18.2,26.5,29.7,20.3,0.0
2020-06-05 08:50:00,-5,644662200,30.0,4.15,18.2,26.5,29.6,22.0,20.3
2020-06-05 09:00:00,-5,644662800,30.3,4.15,18.2,26.4,29.6,22.1,20.3
2020-06-05 09:10:00,-5,644663400,30.0,4.15,26.4,29.6,0.0,20.3,0.0
2020-06-05 09:20:00,-5,644664000,30.8,4.15,18.2,26.4,29.6,22.2,20.3
2020-06-05 09:30:00,-5,644664600,30.8,4.15,18.2,26.4,29.6,22.0,20.5
2020-06-05 09:40:00,-5,644665200,31.5,4.15,26.4,29.6,0.0,20.3,0.0
2020-06-05 09:50:00,-5,644665800,31.0,4.15,26.4,29.6,0.0,20.3,0.0
2020-06-05 10:00:00,-5,644666400,31.5,4.15,26.4,29.6,0.0,22.0,20.4
2020-06-05 10:10:00,-5,644667000,31.8,4.15,18.2,26.4,29.6,22.0,20.2
2020-06-05 10:20:00,-5,644667600,32.3,4.15,26.4,29.6,0.0,21.8,20.2
2020-06-05 10:30:00,-5,644668200,31.5,4.15,26.4,29.6,0.0,21.8,20.3
2020-06-05 10:40:00,-5,644668800,31.5,4.15,18.2,26.4,29.6,22.1,20.2
2020-06-05 10:50:00,-5,644669400,33.0,4.15,26.4,29.6,0.0,22.1,20.3
2020-06-05 11:00:00,-5,644670000,34.3,4.15,26.4,29.6,0.0,22.0,20.3
2020-06-05 11:10:00,-5,644670600,35.0,4.15,26.4,29.6,0.0,22.1,20.3
2020-06-05 11:20:00,-5,644671200,36.0,4.15,18.3,26.4,29.6,22.3,20.3
2020-06-05 11:30:00,-5,644671800,36.8,4.15,18.3,26.4,29.6,22.1,20.3
2020-06-05 11:40:00,-5,644672400,37.8,4.15,18.4,26.4,29.6,22.1,20.5
2020-06-05 11:50:00,-5,644673000,36.0,4.15,26.4,29.6,0.0,20.2,0.0
2020-06-05 12:00:00,-5,644673600,37.8,4.15,26.4,29.6,0.0,20.3,0.0
2020-06-05 12:10:00,-5,644674200,37.8,4.15,18.4,26.4,29.6,20.3,0.0
2020-06-05 12:20:00,-5,644674800,36.8,4.15,18.5,26.4,29.6,22.5,20.3
2020-06-05 12:30:00,-5,644675400,38.8,4.15,26.4,29.6,0.0,20.2,0.0
2020-06-05 12:40:00,-5,644676000,35.8,4.15,26.4,29.6,0.0,22.5,20.3
2020-06-05 12:50:00,-5,644676600,34.8,4.15,26.4,29.6,0.0,20.3,0.0
2020-06-05 13:00:00,-5,644677200,32.8,4.15,26.4,29.6,0.0,20.3,0.0
2020-06-05 13:10:00,-5,644677800,30.5,4.15,18.5,26.4,29.6,20.2,0.0
2020-06-05 13:20:00,-5,644678400,30.8,4.15,18.5,26.5,29.6,20.3,0.0
2020-06-05 13:30:00,-5,644679000,30.0,4.15,18.5,26.5,29.5,20.2,0.0
2020-06-05 13:40:00,-5,644679600,29.3,4.15,26.5,29.6,0.0,23.0,20.2
2020-06-05 13:50:00,-5,644680200,28.3,4.15,26.5,29.5,0.0,20.3,0.0
2020-06-05 14:00:00,-5,644680800,26.3,4.15,26.5,29.6,0.0,20.3,0.0
2020-06-05 14:10:00,-5,644681400,25.0,4.15,26.5,29.5,0.0,23.0,20.3
2020-06-05 14:20:00,-5,644682000,24.8,4.15,26.5,29.5,0.0,23.0,20.3
2020-06-05 14:30:00,-5,644682600,24.8,4.15,26.5,29.5,0.0,20.2,0.0
2020-06-05 14:40:00,-5,644683200,25.3,4.15,18.6,26.5,29.6,23.0,20.3
2020-06-05 14:50:00,-5,644683800,25.3,4.15,18.6,26.6,29.6,20.3,0.0
2020-06-05 15:00:00,-5,644684400,25.5,4.15,26.6,29.6,0.0,20.3,0.0
2020-06-05 15:10:00,-5,644685000,26.0,4.15,26.6,29.6,0.0,20.3,0.0
2020-06-05 15:20:00,-5,644685600,27.0,4.15,26.6,29.6,0.0,23.1,20.3
2020-06-05 15:30:00,-5,644686200,26.8,4.15,18.6,26.6,29.6,20.2,0.0
2020-06-05 15:40:00,-5,644686800,26.3,4.15,18.6,26.6,29.6,20.2,0.0
2020-06-05 15:50:00,-5,644687400,25.8,4.15,18.6,26.6,29.6,20.4,0.0
2020-06-05 16:00:00,-5,644688000,25.3,4.15,18.6,26.6,29.6,20.3,0.0
2020-06-05 16:10:00,-5,644688600,24.8,4.15,26.6,29.6,0.0,20.5,0.0
2020-06-05 16:20:00,-5,644689200,24.0,4.15,26.6,29.6,0.0,20.3,0.0
2020-06-05 16:30:00,-5,644689800,23.8,4.15,18.6,26.6,29.6,23.2,20.5
2020-06-05 16:40:00,-5,644690400,23.5,4.15,26.7,29.6,0.0,20.5,0.0
2020-06-05 16:50:00,-5,644691000,23.3,4.15,18.6,26.7,29.6,20.4,0.0
2020-06-05 17:00:00,-5,644691600,23.0,4.15,26.7,29.6,0.0,23.3,20.5
2020-06-05 17:10:00,-5,644692200,23.0,4.15,26.7,29.6,0.0,20.5,0.0
2020-06-05 17:20:00,-5,644692800,22.8,4.15,18.6,26.7,29.6,20.5,0.0
2020-06-05 17:30:00,-5,644693400,22.8,4.15,26.7,29.6,0.0,20.5,0.0
2020-06-05 17:40:00,-5,644694000,22.8,4.15,18.8,26.8,29.6,23.4,20.5
2020-06-05 17:50:00,-5,644694600,22.8,4.15,18.9,26.8,29.7,20.5,0.0
2020-06-05 18:00:00,-5,644695200,22.8,4.15,26.9,29.7,0.0,20.5,0.0
2020-06-05 18:10:00,-5,644695800,22.8,4.15,19.1,26.9,29.7,23.3,20.6
2020-06-05 18:20:00,-5,644696400,22.8,4.15,27.0,29.8,0.0,23.3,20.6
2020-06-05 18:30:00,-5,644697000,22.5,4.15,19.2,27.1,29.8,23.4,20.6
2020-06-05 18:40:00,-5,644697600,22.5,4.15,27.1,29.8,0.0,20.6,0.0
2020-06-05 18:50:00,-5,644698200,22.8,4.15,19.3,27.2,29.9,23.4,20.5
2020-06-05 19:00:00,-5,644698800,22.5,4.15,27.3,29.9,0.0,20.6,0.0
2020-06-05 19:10:00,-5,644699400,22.5,4.15,27.3,30.0,0.0,23.5,20.6
2020-06-05 19:20:00,-5,644700000,22.5,4.15,19.2,27.3,30.0,20.7,0.0
2020-06-05 19:30:00,-5,644700600,22.3,4.15,19.2,27.4,30.1,23.4,20.6
2020-06-05 19:40:00,-5,644701200,22.3,4.15,27.4,30.1,0.0,23.4,20.6
2020-06-05 19:50:00,-5,644701800,22.3,4.15,19.1,27.4,30.1,23.2,20.6
2020-06-05 20:00:00,-5,644702400,22.3,4.15,19.1,27.4,30.2,23.3,20.7
2020-06-05 20:10:00,-5,644703000,22.3,4.15,19.1,27.4,30.2,20.6,0.0
2020-06-05 20:20:00,-5,644703600,22.0,4.15,19.0,27.4,30.2,23.3,20.7
2020-06-05 20:30:00,-5,644704200,22.0,4.15,19.0,27.4,30.2,23.3,20.7
2020-06-05 20:40:00,-5,644704800,22.0,4.15,19.0,27.4,30.2,23.3,20.6
2020-06-05 20:50:00,-5,644705400,21.8,4.15,19.0,27.4,30.3,23.3,20.6
2020-06-05 21:00:00,-5,644706000,22.0,4.15,19.0,27.4,30.3,23.2,20.7
2020-06-05 21:10:00,-5,644706600,21.8,4.15,19.0,27.4,30.3,23.2,20.7
2020-06-05 21:20:00,-5,644707200,21.8,4.15,18.9,27.4,30.3,23.2,20.6
2020-06-05 21:30:00,-5,644707800,21.8,4.15,18.9,27.4,30.3,23.2,20.6
2020-06-05 21:40:00,-5,644708400,21.8,4.15,27.4,30.3,0.0,23.3,20.7
2020-06-05 21:50:00,-5,644709000,21.8,4.15,18.9,27.4,30.3,23.3,20.7
2020-06-05 22:00:00,-5,644709600,21.8,4.15,18.9,27.4,30.3,23.2,20.7
2020-06-05 22:10:00,-5,644710200,21.8,4.15,18.9,27.4,30.3,23.2,20.8
2020-06-05 22:20:00,-5,644710800,21.8,4.15,18.9,27.3,30.3,23.1,20.7
2020-06-05 22:30:00,-5,644711400,21.5,4.15,18.8,27.3,30.3,23.1,20.7
2020-06-05 22:40:00,-5,644712000,21.5,4.15,27.3,30.3,0.0,23.3,20.8
2020-06-05 22:50:00,-5,644712600,21.5,4.15,18.8,27.3,30.3,23.2,20.7
2020-06-05 23:00:00,-5,644713200,21.5,4.15,18.8,27.3,30.3,23.1,20.8
2020-06-05 23:10:00,-5,644713800,21.3,4.15,27.3,30.3,0.0,23.1,20.7
2020-06-05 23:20:00,-5,644714400,21.0,4.15,27.3,30.3,0.0,20.8,0.0
2020-06-05 23:30:00,-5,644715000,21.0,4.15,18.8,27.3,30.3,23.0,20.7
2020-06-05 23:40:00,-5,644715600,21.0,4.15,27.3,30.3,0.0,23.1,20.7
2020-06-05 23:50:00,-5,644716200,20.8,4.15,18.8,27.3,30.3,23.0,20.7
2020-06-06 00:00:00,-5,644716800,20.8,4.15,18.7,27.3,30.3,20.7,0.0
2020-06-06 00:10:00,-5,644717400,20.8,4.15,18.7,27.3,30.3,22.7,20.8
2020-06-06 00:20:00,-5,644718000,20.5,4.15,18.7,27.3,30.3,22.7,20.8
2020-06-06 00:30:00,-5,644718600,20.5,4.15,27.2,30.3,0.0,23.0,20.8
2020-06-06 00:40:00,-5,644719200,20.3,4.15,18.7,27.2,30.3,22.7,20.8
2020-06-06 00:50:00,-5,644719800,20.3,4.15,18.7,27.2,30.2,23.0,20.7
2020-06-06 01:00:00,-5,644720400,20.3,4.15,27.2,30.2,0.0,20.8,0.0
2020-06-06 01:10:00,-5,644721000,20.3,4.15,27.2,30.2,0.0,22.8,20.8
2020-06-06 01:20:00,-5,644721600,20.0,4.15,18.7,27.2,30.3,22.7,20.8
2020-06-06 01:30:00,-5,644722200,19.8,4.15,18.7,27.2,30.3,23.1,20.7
2020-06-06 01:40:00,-5,644722800,19.8,4.15,18.6,27.2,30.3,23.0,20.7
2020-06-06 01:50:00,-5,644723400,19.5,4.15,18.6,27.2,30.3,22.7,20.7
2020-06-06 02:00:00,-5,644724000,19.5,4.15,18.6,27.1,30.3,22.7,20.8
2020-06-06 02:10:00,-5,644724600,19.5,4.15,18.6,27.1,30.3,22.6,20.8
2020-06-06 02:20:00,-5,644725200,19.3,4.15,27.1,30.3,0.0,22.6,20.7
2020-06-06 02:30:00,-5,644725800,19.3,4.15,27.1,30.2,0.0,22.8,20.8
2020-06-06 02:40:00,-5,644726400,19.3,4.15,27.1,30.3,0.0,20.8,0.0
2020-06-06 02:50:00,-5,644727000,19.0,4.15,18.6,27.1,30.2,21.1,0.0
2020-06-06 03:00:00,-5,644727600,19.0,4.15,18.6,27.1,30.2,22.5,20.8
2020-06-06 03:10:00,-5,644728200,19.3,4.15,27.1,30.2,0.0,20.8,0.0
2020-06-06 03:20:00,-5,644728800,19.3,4.15,27.1,30.2,0.0,22.6,20.8
2020-06-06 03:30:00,-5,644729400,19.0,4.15,18.5,27.1,30.2,22.7,20.8
2020-06-06 03:40:00,-5,644730000,19.3,4.15,18.5,27.1,30.2,22.6,20.7
2020-06-06 03:50:00,-5,644730600,19.0,4.15,18.5,27.0,30.2,22.6,20.8
2020-06-06 04:00:00,-5,644731200,18.5,4.15,18.5,27.0,30.2,22.6,20.8
2020-06-06 04:10:00,-5,644731800,18.5,4.15,27.0,30.2,0.0,22.5,20.7
2020-06-06 04:20:00,-5,644732400,18.5,4.15,18.5,27.0,30.2,22.3,20.7
2020-06-06 04:30:00,-5,644733000,18.8,4.15,18.5,27.0,30.2,20.8,0.0
2020-06-06 04:40:00,-5,644733600,18.5,4.15,27.0,30.2,0.0,20.8,0.0
2020-06-06 04:50:00,-5,644734200,18.0,4.15,27.0,30.2,0.0,22.3,20.8
2020-06-06 05:00:00,-5,644734800,18.8,4.15,18.4,27.0,30.2,20.8,0.0
2020-06-06 05:10:00,-5,644735400,19.3,4.15,26.9,30.2,0.0,20.8,0.0
2020-06-06 05:20:00,-5,644736000,19.5,4.15,26.9,30.2,0.0,20.8,0.0
2020-06-06 05:30:00,-5,644736600,19.8,4.15,26.9,30.2,0.0,20.8,0.0
2020-06-06 05:40:00,-5,644737200,20.3,4.15,18.4,26.9,30.2,20.7,0.0
2020-06-06 05:50:00,-5,644737800,20.5,4.15,18.4,26.9,30.2,22.1,20.7
2020-06-06 06:00:00,-5,644738400,20.8,4.15,18.4,26.9,30.2,20.7,0.0
2020-06-06 06:10:00,-5,644739000,21.0,4.15,18.4,26.9,30.2,22.0,20.7
2020-06-06 06:20:00,-5,644739600,21.3,4.15,18.4,26.9,30.2,22.0,20.7
2020-06-06 06:30:00,-5,644740200,21.8,4.15,26.9,30.2,0.0,20.8,0.0
2020-06-06 06:40:00,-5,644740800,22.3,4.15,18.4,26.9,30.2,20.8,0.0
2020-06-06 06:50:00,-5,644741400,23.0,4.15,26.9,30.2,0.0,22.1,20.7
2020-06-06 07:00:00,-5,644742000,23.3,4.15,18.4,26.9,30.2,20.7,0.0
2020-06-06 07:10:00,-5,644742600,24.0,4.15,26.8,30.2,0.0,20.7,0.0
2020-06-06 07:20:00,-5,644743200,24.5,4.15,18.4,26.8,30.2,20.8,0.0
2020-06-06 07:30:00,-5,644743800,24.8,4.15,18.4,26.8,30.2,22.1,20.7
2020-06-06 07:40:00,-5,644744400,25.5,4.15,18.4,26.8,30.2,21.8,20.7
2020-06-06 07:50:00,-5,644745000,27.0,4.15,18.4,26.8,30.2,20.8,0.0
2020-06-06 08:00:00,-5,644745600,27.8,4.15,26.8,30.2,0.0,22.0,20.7
2020-06-06 08:10:00,-5,644746200,27.5,4.15,18.4,26.8,30.2,20.8,0.0
2020-06-06 08:20:00,-5,644746800,27.8,4.15,18.4,26.8,30.2,20.7,0.0
2020-06-06 08:30:00,-5,644747400,29.0,4.15,18.4,26.8,30.2,20.6,0.0
2020-06-06 08:40:00,-5,644748000,29.5,4.15,18.4,26.8,30.2,20.8,0.0
2020-06-06 08:50:00,-5,644748600,30.3,4.15,26.8,30.2,0.0,22.1,20.6
2020-06-06 09:00:00,-5,644749200,29.8,4.15,26.8,30.2,0.0,21.8,20.7
2020-06-06 09:10:00,-5,644749800,29.8,4.15,18.5,26.8,30.2,22.0,20.6
2020-06-06 09:20:00,-5,644750400,30.5,4.15,18.5,26.8,30.2,21.8,20.6
2020-06-06 09:30:00,-5,644751000,30.8,4.15,26.7,30.2,0.0,22.0,20.7
2020-06-06 09:40:00,-5,644751600,30.5,4.15,26.8,30.2,0.0,22.0,20.6
2020-06-06 09:50:00,-5,644752200,30.0,4.15,18.5,26.8,30.2,22.0,20.6
2020-06-06 10:00:00,-5,644752800,31.5,4.15,18.5,26.8,30.2,22.0,20.7
2020-06-06 10:10:00,-5,644753400,32.0,4.15,18.5,26.8,30.2,21.8,20.7
2020-06-06 10:20:00,-5,644754000,31.8,4.15,18.5,26.8,30.2,22.1,20.7
2020-06-06 10:30:00,-5,644754600,32.0,4.15,18.5,26.8,30.2,22.0,20.6
2020-06-06 10:40:00,-5,644755200,33.3,4.15,26.8,30.2,0.0,22.1,20.6
2020-06-06 10:50:00,-5,644755800,33.3,4.15,18.6,26.8,30.2,22.2,20.7
2020-06-06 11:00:00,-5,644756400,34.3,4.15,18.6,26.8,30.2,22.0,20.7
2020-06-06 11:10:00,-5,644757000,35.0,4.15,18.6,26.8,30.2,22.0,20.6
2020-06-06 11:20:00,-5,644757600,35.8,4.15,18.7,26.8,30.2,22.4,20.6
2020-06-06 11:30:00,-5,644758200,35.8,4.15,18.7,26.8,30.2,20.7,0.0
2020-06-06 11:40:00,-5,644758800,35.0,4.15,18.7,26.8,30.2,20.6,0.0
2020-06-06 11:50:00,-5,644759400,35.0,4.15,18.8,26.8,30.2,22.2,20.5
2020-06-06 12:00:00,-5,644760000,35.3,4.15,18.8,26.8,30.2,20.7,0.0
2020-06-06 12:10:00,-5,644760600,35.5,4.15,18.8,26.8,30.2,20.6,0.0
2020-06-06 12:20:00,-5,644761200,36.8,4.15,18.8,26.8,30.2,20.6,0.0
2020-06-06 12:30:00,-5,644761800,37.5,4.15,26.8,30.2,0.0,20.6,0.0
2020-06-06 12:40:00,-5,644762400,37.5,4.15,18.9,26.9,30.2,20.6,0.0
2020-06-06 12:50:00,-5,644763000,37.8,4.15,18.9,26.9,30.2,20.6,0.0
2020-06-06 13:00:00,-5,644763600,40.5,4.15,19.0,26.9,30.2,20.6,0.0
2020-06-06 13:10:00,-5,644764200,41.0,4.15,26.9,30.2,0.0,20.6,0.0
2020-06-06 13:20:00,-5,644764800,41.5,4.15,19.1,26.9,30.2,20.7,0.0
2020-06-06 13:30:00,-5,644765400,39.5,4.15,26.9,30.3,0.0,20.6,0.0
2020-06-06 13:40:00,-5,644766000,40.8,4.15,19.1,26.9,30.3,20.5,0.0
2020-06-06 13:50:00,-5,644766600,40.5,4.15,26.9,30.2,0.0,20.6,0.0
2020-06-06 14:00:00,-5,644767200,41.8,4.15,19.2,27.0,30.3,20.6,0.0
2020-06-06 14:10:00,-5,644767800,40.8,4.15,19.2,27.0,30.3,20.6,0.0
2020-06-06 14:20:00,-5,644768400,42.5,4.15,19.2,27.0,30.3,20.6,0.0
2020-06-06 14:30:00,-5,644769000,42.3,4.15,19.3,27.0,30.3,20.7,0.0
2020-06-06 14:40:00,-5,644769600,42.8,4.15,19.3,27.0,30.3,20.7,0.0
2020-06-06 14:50:00,-5,644770200,43.0,4.15,19.4,27.0,30.3,20.7,0.0
2020-06-06 15:00:00,-5,644770800,41.3,4.15,19.4,27.1,30.3,20.7,0.0
2020-06-06 15:10:00,-5,644771400,42.3,4.15,19.4,27.1,30.3,20.6,0.0
2020-06-06 15:20:00,-5,644772000,42.8,4.15,19.4,27.1,30.3,20.7,0.0
2020-06-06 15:30:00,-5,644772600,42.3,4.15,27.1,30.3,0.0,20.6,0.0
2020-06-06 15:40:00,-5,644773200,42.0,4.15,19.4,27.1,30.3,20.8,0.0
2020-06-06 15:50:00,-5,644773800,40.5,4.15,19.4,27.1,30.3,20.8,0.0
2020-06-06 16:00:00,-5,644774400,41.5,4.15,27.2,30.3,0.0,20.7,0.0
2020-06-06 16:10:00,-5,644775000,40.3,4.15,27.2,30.3,0.0,20.8,0.0
2020-06-06 16:20:00,-5,644775600,39.8,4.15,19.4,27.2,30.3,20.7,0.0
2020-06-06 16:30:00,-5,644776200,39.3,4.15,19.4,27.2,30.3,20.8,0.0
2020-06-06 16:40:00,-5,644776800,34.5,4.15,27.2,30.3,0.0,20.8,0.0
2020-06-06 16:50:00,-5,644777400,38.0,4.15,19.4,27.3,30.3,20.7,0.0
2020-06-06 17:00:00,-5,644778000,39.8,4.15,19.4,27.3,30.3,20.8,0.0
2020-06-06 17:10:00,-5,644778600,39.5,4.15,27.3,30.3,0.0,20.8,0.0
2020-06-06 17:20:00,-5,644779200,37.0,4.15,19.4,27.3,30.3,20.7,0.0
2020-06-06 17:30:00,-5,644779800,38.3,4.15,27.3,30.3,0.0,20.8,0.0
2020-06-06 17:40:00,-5,644780400,39.0,4.15,27.3,30.3,0.0,20.8,0.0
2020-06-06 17:50:00,-5,644781000,36.8,4.15,19.3,27.3,30.3,20.8,0.0
2020-06-06 18:00:00,-5,644781600,34.8,4.15,27.3,30.3,0.0,20.8,0.0
2020-06-06 18:10:00,-5,644782200,33.5,4.15,19.3,27.4,30.3,20.7,0.0
2020-06-06 18:20:00,-5,644782800,34.3,4.15,19.2,27.4,30.3,21.0,0.0
2020-06-06 18:30:00,-5,644783400,33.0,4.15,27.3,30.3,0.0,20.8,0.0
2020-06-06 18:40:00,-5,644784000,32.3,4.15,27.4,30.3,0.0,21.0,0.0
2020-06-06 18:50:00,-5,644784600,30.0,4.15,19.2,27.4,30.3,21.0,0.0
2020-06-06 19:00:00,-5,644785200,29.0,4.15,19.2,27.4,30.3,21.0,0.0
2020-06-06 19:10:00,-5,644785800,28.5,4.15,27.4,30.3,0.0,21.0,0.0
2020-06-06 19:20:00,-5,644786400,27.3,4.15,19.1,27.4,30.3,24.0,21.1
2020-06-06 19:30:00,-5,644787000,26.0,4.15,19.1,27.4,30.3,21.0,0.0
2020-06-06 19:40:00,-5,644787600,25.0,4.15,19.0,27.4,30.3,21.0,0.0
2020-06-06 19:50:00,-5,644788200,24.0,4.15,19.0,27.4,30.3,21.0,0.0
2020-06-06 20:00:00,-5,644788800,23.0,4.15,19.0,27.4,30.3,21.0,0.0
2020-06-06 20:10:00,-5,644789400,22.3,4.15,19.0,27.4,30.3,24.0,21.1
2020-06-06 20:20:00,-5,644790000,21.8,4.15,27.4,30.3,0.0,21.0,0.0
2020-06-06 20:30:00,-5,644790600,21.3,4.15,18.9,27.4,30.3,24.0,21.1
2020-06-06 20:40:00,-5,644791200,21.0,4.15,27.4,30.3,0.0,21.1,0.0
2020-06-06 20:50:00,-5,644791800,20.8,4.15,18.9,27.4,30.3,21.0,0.0
2020-06-06 21:00:00,-5,644792400,20.0,4.15,18.9,27.4,30.3,21.0,0.0
2020-06-06 21:10:00,-5,644793000,19.5,4.15,18.9,27.4,30.3,24.1,21.2
2020-06-06 21:20:00,-5,644793600,19.5,4.15,18.8,27.4,30.3,21.0,0.0
2020-06-06 21:30:00,-5,644794200,19.8,4.15,18.8,27.4,30.3,23.8,21.1
2020-06-06 21:40:00,-5,644794800,19.8,4.15,18.8,27.4,30.4,23.8,21.1
2020-06-06 21:50:00,-5,644795400,20.0,4.15,27.4,30.4,0.0,24.0,21.1
2020-06-06 22:00:00,-5,644796000,20.0,4.15,18.8,27.4,30.4,23.7,21.1
2020-06-06 22:10:00,-5,644796600,19.8,4.15,18.7,27.4,30.4,23.8,21.2
2020-06-06 22:20:00,-5,644797200,19.3,4.15,18.7,27.4,30.4,23.7,21.2
2020-06-06 22:30:00,-5,644797800,19.0,4.15,18.7,27.4,30.4,23.8,21.2
2020-06-06 22:40:00,-5,644798400,18.8,4.15,27.4,30.4,0.0,23.7,21.2
2020-06-06 22:50:00,-5,644799000,18.5,4.15,27.4,30.4,0.0,23.5,21.3
2020-06-06 23:00:00,-5,644799600,18.5,4.15,18.7,27.4,30.4,23.5,21.2
2020-06-06 23:10:00,-5,644800200,18.3,4.15,18.6,27.3,30.4,23.6,21.2
2020-06-06 23:20:00,-5,644800800,17.8,4.15,18.7,27.3,30.4,23.5,21.1
2020-06-06 23:30:00,-5,644801400,17.3,4.15,18.7,27.3,30.4,23.5,21.2
2020-06-06 23:40:00,-5,644802000,16.8,4.15,18.6,27.3,30.4,23.5,21.2
2020-06-06 23:50:00,-5,644802600,16.3,4.15,18.6,27.3,30.4,23.5,21.2
2020-06-07 00:00:00,-5,644803200,16.5,4.15,18.6,27.3,30.4,23.5,21.2
2020-06-07 00:10:00,-5,644803800,17.0,4.15,18.6,27.3,30.4,23.3,21.2
2020-06-07 00:20:00,-5,644804400,17.0,4.15,27.3,30.4,0.0,23.3,21.3
2020-06-07 00:30:00,-5,644805000,16.8,4.15,18.5,27.3,30.4,23.3,21.2
2020-06-07 00:40:00,-5,644805600,17.0,4.15,27.2,30.4,0.0,21.2,0.0
2020-06-07 00:50:00,-5,644806200,17.3,4.15,27.3,30.4,0.0,23.2,21.3
2020-06-07 01:00:00,-5,644806800,17.3,4.15,27.2,30.4,0.0,23.3,21.2
2020-06-07 01:10:00,-5,644807400,17.0,4.15,27.2,30.4,0.0,23.3,21.2
2020-06-07 01:20:00,-5,644808000,16.8,4.15,18.5,27.2,30.4,23.3,21.2
2020-06-07 01:30:00,-5,644808600,16.3,4.15,18.4,27.2,30.4,23.2,21.1
2020-06-07 01:40:00,-5,644809200,16.3,4.15,18.4,27.2,30.4,23.2,21.2
2020-06-07 01:50:00,-5,644809800,15.8,4.15,27.2,30.4,0.0,23.1,21.2
2020-06-07 02:00:00,-5,644810400,15.8,4.15,18.4,27.2,30.4,23.0,21.1
2020-06-07 02:10:00,-5,644811000,15.3,4.15,18.4,27.2,30.4,23.0,21.3
2020-06-07 02:20:00,-5,644811600,14.8,4.15,18.3,27.1,30.4,22.8,21.2
2020-06-07 02:30:00,-5,644812200,14.3,4.15,18.3,27.1,30.4,23.0,21.2
2020-06-07 02:40:00,-5,644812800,14.0,4.15,27.1,30.4,0.0,22.8,21.2
2020-06-07 02:50:00,-5,644813400,13.5,4.15,18.3,27.1,30.4,22.8,21.3
2020-06-07 03:00:00,-5,644814000,13.3,4.15,18.3,27.1,30.4,23.0,21.2
2020-06-07 03:10:00,-5,644814600,13.3,4.15,27.1,30.4,0.0,22.7,21.1
2020-06-07 03:20:00,-5,644815200,13.5,4.15,18.3,27.1,30.4,22.7,21.2
2020-06-07 03:30:00,-5,644815800,13.3,4.15,18.3,27.0,30.4,22.7,21.2
2020-06-07 03:40:00,-5,644816400,13.0,4.15,27.0,30.5,0.0,22.7,21.2
2020-06-07 03:50:00,-5,644817000,12.3,4.15,18.2,27.0,30.5,22.5,21.2
2020-06-07 04:00:00,-5,644817600,11.8,4.15,18.2,27.0,30.4,22.5,21.2
2020-06-07 04:10:00,-5,644818200,11.5,4.15,18.2,27.0,30.4,22.5,21.1
2020-06-07 04:20:00,-5,644818800,11.5,4.15,27.0,30.4,0.0,22.4,21.1
2020-06-07 04:30:00,-5,644819400,11.8,4.15,18.2,27.0,30.5,22.2,21.2
2020-06-07 04:40:00,-5,644820000,12.0,4.15,18.2,26.9,30.5,22.1,21.1
2020-06-07 04:50:00,-5,644820600,12.0,4.15,26.9,30.5,0.0,22.3,21.1
2020-06-07 05:00:00,-5,644821200,12.3,4.15,26.9,30.5,0.0,22.2,21.1
2020-06-07 05:10:00,-5,644821800,12.3,4.15,18.2,26.9,30.5,22.2,21.1
2020-06-07 05:20:00,-5,644822400,12.5,4.15,26.9,30.5,0.0,22.1,21.1
2020-06-07 05:30:00,-5,644823000,14.3,4.15,18.1,26.9,30.5,21.8,21.0
2020-06-07 05:40:00,-5,644823600,16.0,4.15,26.9,30.5,0.0,21.8,21.1
2020-06-07 05:50:00,-5,644824200,17.0,4.15,18.1,26.8,30.5,22.1,21.1
2020-06-07 06:00:00,-5,644824800,18.3,4.15,18.1,26.8,30.5,22.0,21.0
2020-06-07 06:10:00,-5,644825400,19.3,4.15,26.8,30.5,0.0,22.0,21.1
2020-06-07 06:20:00,-5,644826000,20.3,4.15,18.1,26.8,30.5,21.8,21.1
2020-06-07 06:30:00,-5,644826600,20.8,4.15,18.1,26.8,30.5,21.8,21.2
2020-06-07 06:40:00,-5,644827200,21.5,4.15,18.1,26.8,30.5,21.7,21.1
2020-06-07 06:50:00,-5,644827800,22.3,4.15,26.7,30.5,0.0,21.7,21.0
2020-06-07 07:00:00,-5,644828400,22.5,4.15,18.0,26.7,30.5,21.6,21.0
2020-06-07 07:10:00,-5,644829000,22.8,4.15,18.0,26.7,30.5,21.5,21.0
2020-06-07 07:20:00,-5,644829600,22.8,4.15,18.0,26.7,30.5,21.6,21.0
2020-06-07 07:30:00,-5,644830200,23.0,4.15,18.0,26.7,30.5,21.6,21.0
2020-06-07 07:40:00,-5,644830800,23.3,4.15,18.0,26.7,30.5,21.6,21.0
2020-06-07 07:50:00,-5,644831400,24.0,4.15,18.0,26.7,30.5,21.5,21.0
2020-06-07 08:00:00,-5,644832000,24.3,4.15,26.6,30.5,0.0,21.4,21.0
2020-06-07 08:10:00,-5,644832600,25.3,4.15,18.0,26.6,30.5,21.3,21.1
2020-06-07 08:20:00,-5,644833200,25.3,4.15,18.0,26.6,30.5,21.4,21.2
2020-06-07 08:30:00,-5,644833800,25.0,4.15,18.0,26.6,30.5,21.5,21.0
2020-06-07 08:40:00,-5,644834400,24.8,4.15,26.6,30.5,0.0,21.5,21.0
2020-06-07 08:50:00,-5,644835000,25.0,4.15,18.1,26.6,30.5,21.4,21.1
2020-06-07 09:00:00,-5,644835600,26.3,4.15,18.1,26.6,30.5,21.4,21.1
2020-06-07 09:10:00,-5,644836200,25.8,4.15,18.1,26.6,30.5,21.3,21.0
2020-06-07 09:20:00,-5,644836800,26.0,4.15,18.1,26.6,30.5,21.3,20.7
2020-06-07 09:30:00,-5,644837400,25.5,4.15,18.1,26.6,30.5,21.2,20.7
2020-06-07 09:40:00,-5,644838000,26.3,4.15,26.5,30.5,0.0,20.8,0.0
2020-06-07 09:50:00,-5,644838600,26.3,4.15,18.1,26.5,30.5,21.4,20.8
2020-06-07 10:00:00,-5,644839200,26.8,4.15,26.5,30.5,0.0,21.4,20.8
2020-06-07 10:10:00,-5,644839800,27.3,4.15,18.2,26.5,30.5,21.4,20.8
2020-06-07 10:20:00,-5,644840400,27.8,4.15,18.2,26.5,30.5,21.6,20.7
2020-06-07 10:30:00,-5,644841000,28.0,4.15,26.5,30.5,0.0,21.3,20.7
2020-06-07 10:40:00,-5,644841600,28.8,4.15,18.2,26.5,30.5,20.8,0.0
2020-06-07 10:50:00,-5,644842200,27.0,4.15,26.5,30.5,0.0,20.8,0.0
2020-06-07 11:00:00,-5,644842800,28.8,4.15,18.3,26.5,30.5,20.7,0.0
2020-06-07 11:10:00,-5,644843400,29.0,4.15,18.3,26.5,30.5,20.7,0.0
2020-06-07 11:20:00,-5,644844000,28.0,4.15,18.3,26.5,30.5,21.4,20.8
2020-06-07 11:30:00,-5,644844600,28.8,4.15,18.3,26.5,30.5,20.7,0.0
2020-06-07 11:40:00,-5,644845200,27.5,4.15,18.3,26.5,30.5,20.7,0.0
2020-06-07 11:50:00,-5,644845800,29.3,4.15,26.5,30.5,0.0,20.8,0.0
2020-06-07 12:00:00,-5,644846400,31.3,4.15,18.4,26.5,30.5,21.5,20.7
2020-06-07 12:10:00,-5,644847000,30.0,4.15,26.5,30.5,0.0,21.6,20.6
2020-06-07 12:20:00,-5,644847600,32.3,4.15,18.4,26.5,30.5,21.5,20.8
2020-06-07 12:30:00,-5,644848200,34.0,4.15,18.5,26.5,30.5,21.6,20.7
2020-06-07 12:40:00,-5,644848800,34.8,4.15,18.5,26.5,30.5,21.7,20.7
2020-06-07 12:50:00,-5,644849400,34.0,4.15,18.5,26.5,30.5,21.6,20.6
2020-06-07 13:00:00,-5,644850000,34.0,4.15,26.5,30.5,0.0,21.8,20.6
2020-06-07 13:10:00,-5,644850600,34.0,4.15,26.6,30.5,0.0,21.6,20.6
2020-06-07 13:20:00,-5,644851200,34.5,4.15,18.5,26.6,30.5,22.0,20.6
2020-06-07 13:30:00,-5,644851800,34.0,4.15,26.6,30.5,0.0,21.8,20.6
2020-06-07 13:40:00,-5,644852400,34.0,4.15,18.6,26.6,30.5,22.0,20.5
2020-06-07 13:50:00,-5,644853000,35.0,4.15,18.6,26.6,30.5,20.6,0.0
2020-06-07 14:00:00,-5,644853600,35.5,4.15,26.6,30.5,0.0,21.8,20.5
2020-06-07 14:10:00,-5,644854200,34.0,4.15,18.7,26.6,30.5,22.0,20.6
2020-06-07 14:20:00,-5,644854800,35.8,4.15,18.6,26.6,30.5,20.6,0.0
2020-06-07 14:30:00,-5,644855400,37.3,4.17,18.7,26.7,30.5,20.5,0.0
2020-06-07 14:40:00,-5,644856000,38.5,4.17,18.7,26.7,30.5,22.2,20.6
2020-06-07 14:50:00,-5,644856600,34.8,4.15,18.7,26.7,30.5,20.6,0.0
2020-06-07 15:00:00,-5,644857200,35.8,4.17,18.7,26.7,30.5,20.5,0.0
2020-06-07 15:10:00,-5,644857800,33.8,4.15,18.7,26.7,30.5,20.6,0.0
2020-06-07 15:20:00,-5,644858400,35.8,4.17,18.7,26.7,30.5,20.6,0.0
2020-06-07 15:30:00,-5,644859000,38.0,4.17,26.8,30.5,0.0,20.6,0.0
2020-06-07 15:40:00,-5,644859600,35.8,4.17,26.8,30.5,0.0,20.6,0.0
2020-06-07 15:50:00,-5,644860200,34.5,4.17,26.8,30.5,0.0,20.5,0.0
2020-06-07 16:00:00,-5,644860800,36.5,4.17,18.8,26.8,30.5,22.6,20.6
2020-06-07 16:10:00,-5,644861400,34.0,4.17,18.8,26.8,30.5,20.7,0.0
2020-06-07 16:20:00,-5,644862000,30.5,4.17,18.7,26.8,30.5,20.7,0.0
2020-06-07 16:30:00,-5,644862600,35.8,4.17,18.8,26.8,30.6,20.6,0.0
2020-06-07 16:40:00,-5,644863200,36.0,4.17,26.9,30.6,0.0,23.0,20.6
2020-06-07 16:50:00,-5,644863800,34.8,4.17,18.8,26.9,30.5,23.1,20.7
2020-06-07 17:00:00,-5,644864400,31.8,4.17,18.7,26.9,30.6,23.1,20.6
2020-06-07 17:10:00,-5,644865000,28.5,4.17,18.7,26.9,30.6,23.1,20.6
2020-06-07 17:20:00,-5,644865600,33.8,4.17,18.7,26.9,30.6,22.7,20.7
2020-06-07 17:30:00,-5,644866200,34.8,4.17,26.9,30.6,0.0,23.0,20.6
2020-06-07 17:40:00,-5,644866800,34.5,4.17,18.7,26.9,30.6,23.1,20.6
2020-06-07 17:50:00,-5,644867400,35.3,4.17,27.0,30.6,0.0,23.0,20.8
2020-06-07 18:00:00,-5,644868000,34.8,4.17,26.9,30.6,0.0,23.0,20.7
2020-06-07 18:10:00,-5,644868600,34.3,4.17,18.6,27.0,30.6,20.7,0.0
2020-06-07 18:20:00,-5,644869200,33.0,4.17,27.0,30.6,0.0,23.1,20.8
2020-06-07 18:30:00,-5,644869800,32.3,4.17,18.6,27.0,30.6,23.0,20.6
2020-06-07 18:40:00,-5,644870400,31.3,4.17,27.0,30.6,0.0,20.6,0.0
2020-06-07 18:50:00,-5,644871000,30.5,4.17,18.5,27.0,30.6,23.1,20.6
2020-06-07 19:00:00,-5,644871600,29.3,4.17,18.5,27.0,30.6,23.1,20.7
2020-06-07 19:10:00,-5,644872200,27.3,4.17,27.0,30.6,0.0,23.1,20.8
2020-06-07 19:20:00,-5,644872800,25.0,4.15,18.4,27.0,30.6,23.2,20.7
2020-06-07 19:30:00,-5,644873400,22.8,4.15,18.4,27.0,30.6,23.1,20.7
2020-06-07 19:40:00,-5,644874000,21.0,4.15,18.4,27.0,30.6,22.7,20.8
2020-06-07 19:50:00,-5,644874600,19.8,4.15,27.0,30.6,0.0,23.0,20.8
2020-06-07 20:00:00,-5,644875200,18.8,4.15,27.0,30.6,0.0,20.8,0.0
2020-06-07 20:10:00,-5,644875800,17.8,4.15,18.4,27.1,30.6,23.0,20.8
2020-06-07 20:20:00,-5,644876400,16.8,4.15,18.3,27.0,30.6,23.0,20.8
2020-06-07 20:30:00,-5,644877000,16.5,4.15,27.1,30.6,0.0,23.0,20.8
2020-06-07 20:40:00,-5,644877600,16.5,4.15,18.3,27.0,30.6,20.8,0.0
2020-06-07 20:50:00,-5,644878200,16.3,4.15,18.3,27.1,30.6,20.8,0.0
2020-06-07 21:00:00,-5,644878800,16.0,4.15,18.3,27.0,30.6,20.8,0.0
2020-06-07 21:10:00,-5,644879400,15.8,4.15,18.3,27.0,30.6,20.8,0.0
2020-06-07 21:20:00,-5,644880000,15.3,4.15,18.2,27.0,30.6,22.6,20.8
2020-06-07 21:30:00,-5,644880600,15.0,4.15,18.2,27.0,30.6,22.7,21.0
2020-06-07 21:40:00,-5,644881200,14.8,4.15,18.2,27.0,30.6,20.8,0.0
2020-06-07 21:50:00,-5,644881800,14.8,4.15,27.0,30.6,0.0,20.8,0.0
2020-06-07 22:00:00,-5,644882400,15.0,4.15,27.0,30.6,0.0,22.7,20.7
2020-06-07 22:10:00,-5,644883000,14.8,4.15,18.1,27.0,30.6,22.5,20.8
2020-06-07 22:20:00,-5,644883600,14.3,4.15,27.0,30.6,0.0,22.6,20.7
2020-06-07 22:30:00,-5,644884200,14.3,4.15,18.1,27.0,30.6,20.6,0.0
2020-06-07 22:40:00,-5,644884800,14.3,4.15,18.1,27.0,30.6,22.6,20.6
2020-06-07 22:50:00,-5,644885400,14.3,4.15,27.0,30.6,0.0,22.4,20.8
2020-06-07 23:00:00,-5,644886000,14.0,4.15,27.0,30.6,0.0,22.3,21.0
2020-06-07 23:10:00,-5,644886600,14.0,4.15,18.1,27.0,30.6,22.5,20.8
2020-06-07 23:20:00,-5,644887200,13.3,4.15,27.0,30.6,0.0,22.4,20.7
2020-06-07 23:30:00,-5,644887800,13.0,4.15,26.9,30.6,0.0,22.2,20.8
2020-06-07 23:40:00,-5,644888400,12.8,4.15,18.0,26.9,30.7,22.3,21.1
2020-06-07 23:50:00,-5,644889000,12.0,4.15,18.0,26.9,30.7,22.2,21.1
2020-06-08 00:00:00,-5,644889600,11.8,4.15,18.0,26.9,30.7,22.2,20.8
2020-06-08 00:10:00,-5,644890200,11.8,4.15,18.0,26.9,30.7,22.0,20.8
2020-06-08 00:20:00,-5,644890800,11.5,4.15,26.9,30.7,0.0,22.1,21.0
2020-06-08 00:30:00,-5,644891400,11.5,4.15,17.9,26.9,30.7,21.8,20.8
2020-06-08 00:40:00,-5,644892000,11.8,4.15,17.9,26.9,30.7,22.1,21.0
2020-06-08 00:50:00,-5,644892600,11.5,4.15,26.9,30.7,0.0,21.8,21.0
2020-06-08 01:00:00,-5,644893200,11.0,4.15,17.9,26.8,30.7,22.0,20.7
2020-06-08 01:10:00,-5,644893800,10.8,4.15,17.8,26.8,30.7,21.7,20.8
2020-06-08 01:20:00,-5,644894400,10.5,4.15,17.8,26.8,30.7,21.6,20.7
2020-06-08 01:30:00,-5,644895000,10.5,4.15,17.8,26.8,30.7,21.7,21.0
2020-06-08 01:40:00,-5,644895600,10.3,4.15,17.9,26.8,30.7,20.8,0.0
2020-06-08 01:50:00,-5,644896200,10.0,4.15,17.8,26.8,30.7,21.5,20.7
2020-06-08 02:00:00,-5,644896800,10.0,4.15,26.8,30.7,0.0,21.8,20.8
2020-06-08 02:10:00,-5,644897400,10.3,4.15,17.8,26.8,30.7,21.6,20.8
2020-06-08 02:20:00,-5,644898000,9.8,4.15,17.8,26.8,30.7,21.6,20.8
2020-06-08 02:30:00,-5,644898600,9.8,4.15,26.7,30.7,0.0,21.7,20.8
2020-06-08 02:40:00,-5,644899200,9.8,4.15,26.7,30.7,0.0,20.8,0.0
2020-06-08 02:50:00,-5,644899800,9.5,4.15,17.7,26.7,30.7,21.5,20.8
2020-06-08 03:00:00,-5,644900400,9.3,4.15,26.7,30.7,0.0,21.5,20.8
2020-06-08 03:10:00,-5,644901000,9.0,4.15,17.7,26.7,30.7,21.4,20.7
2020-06-08 03:20:00,-5,644901600,9.3,4.15,17.7,26.7,30.7,21.3,20.7
2020-06-08 03:30:00,-5,644902200,9.3,4.15,26.7,30.7,0.0,20.6,0.0
2020-06-08 03:40:00,-5,644902800,9.0,4.15,17.6,26.6,30.7,21.2,20.8
2020-06-08 03:50:00,-5,644903400,8.8,4.15,17.6,26.6,30.7,21.5,20.7
2020-06-08 04:00:00,-5,644904000,8.8,4.15,26.6,30.7,0.0,21.2,20.7
2020-06-08 04:10:00,-5,644904600,8.8,4.15,17.6,26.6,30.7,21.2,20.8
2020-06-08 04:20:00,-5,644905200,9.0,4.15,17.6,26.6,30.7,21.2,20.7
2020-06-08 04:30:00,-5,644905800,9.0,4.15,26.6,30.7,0.0,21.1,20.6
2020-06-08 04:40:00,-5,644906400,9.3,4.15,17.6,26.6,30.7,21.1,20.6
2020-06-08 04:50:00,-5,644907000,9.3,4.15,17.5,26.5,30.7,20.6,0.0
2020-06-08 05:00:00,-5,644907600,9.0,4.15,17.5,26.5,30.7,21.0,20.6
2020-06-08 05:10:00,-5,644908200,9.0,4.15,17.5,26.5,30.7,20.7,20.6
2020-06-08 05:20:00,-5,644908800,9.3,4.15,17.5,26.5,30.7,20.8,20.7
2020-06-08 05:30:00,-5,644909400,11.0,4.15,17.5,26.5,30.7,21.1,20.7
2020-06-08 05:40:00,-5,644910000,13.5,4.15,26.5,30.7,0.0,20.8,20.6
2020-06-08 05:50:00,-5,644910600,15.0,4.15,17.5,26.5,30.7,20.7,20.6
2020-06-08 06:00:00,-5,644911200,16.3,4.15,17.5,26.4,30.7,20.8,20.6
2020-06-08 06:10:00,-5,644911800,17.0,4.15,17.4,26.4,30.7,20.6,20.6
2020-06-08 06:20:00,-5,644912400,18.0,4.15,17.4,26.4,30.7,20.6,20.6
2020-06-08 06:30:00,-5,644913000,18.8,4.15,17.4,26.4,30.7,20.7,20.6
2020-06-08 06:40:00,-5,644913600,19.3,4.15,17.4,26.4,30.7,20.7,20.6
2020-06-08 06:50:00,-5,644914200,20.0,4.15,26.4,30.7,0.0,20.6,20.5
2020-06-08 07:00:00,-5,644914800,20.8,4.15,17.5,26.4,30.7,20.5,20.6
2020-06-08 07:10:00,-5,644915400,21.5,4.15,17.5,26.4,30.7,20.6,20.5
2020-06-08 07:20:00,-5,644916000,21.8,4.15,17.5,26.4,30.7,20.5,20.4
2020-06-08 07:30:00,-5,644916600,22.3,4.15,17.5,26.3,30.7,20.5,20.4
2020-06-08 07:40:00,-5,644917200,23.0,4.15,17.4,26.3,30.7,20.5,20.5
2020-06-08 07:50:00,-5,644917800,23.0,4.15,17.4,26.3,30.7,20.3,20.3
2020-06-08 08:00:00,-5,644918400,23.8,4.15,17.4,26.3,30.7,20.3,20.5
2020-06-08 08:10:00,-5,644919000,24.5,4.15,17.4,26.3,30.7,20.4,20.3
2020-06-08 08:20:00,-5,644919600,24.5,4.15,17.5,26.3,30.7,20.5,20.4
2020-06-08 08:30:00,-5,644920200,25.0,4.15,17.4,26.3,30.7,20.2,20.4
2020-06-08 08:40:00,-5,644920800,25.0,4.15,26.2,30.7,0.0,20.3,20.3
2020-06-08 08:50:00,-5,644921400,25.5,4.15,17.5,26.2,30.7,20.3,20.4
2020-06-08 09:00:00,-5,644922000,25.8,4.15,17.5,26.2,30.7,20.3,20.3
2020-06-08 09:10:00,-5,644922600,25.8,4.15,17.5,26.2,30.7,20.3,20.3
2020-06-08 09:20:00,-5,644923200,26.0,4.15,26.2,30.7,0.0,20.3,20.3
2020-06-08 09:30:00,-5,644923800,26.3,4.15,17.5,26.2,30.7,20.2,20.3
2020-06-08 09:40:00,-5,644924400,26.5,4.15,17.5,26.2,30.7,20.3,20.3
2020-06-08 09:50:00,-5,644925000,26.3,4.15,17.5,26.2,30.7,20.3,20.2
2020-06-08 10:00:00,-5,644925600,26.3,4.15,17.5,26.2,30.7,20.3,0.0
2020-06-08 10:10:00,-5,644926200,26.8,4.15,26.2,30.7,0.0,20.2,0.0
2020-06-08 10:20:00,-5,644926800,27.0,4.15,26.2,30.7,0.0,20.3,0.0
2020-06-08 10:30:00,-5,644927400,28.0,4.15,17.6,26.2,30.7,20.2,0.0
2020-06-08 10:40:00,-5,644928000,28.3,4.15,26.1,30.7,0.0,20.2,0.0
2020-06-08 10:50:00,-5,644928600,29.3,4.17,17.7,26.1,30.7,20.2,0.0
2020-06-08 11:00:00,-5,644929200,29.5,4.17,26.1,30.7,0.0,20.1,0.0
2020-06-08 11:10:00,-5,644929800,30.0,4.17,26.1,30.7,0.0,20.0,0.0
2020-06-08 11:20:00,-5,644930400,29.8,4.17,17.8,26.1,30.7,20.2,0.0
2020-06-08 11:30:00,-5,644931000,30.8,4.17,17.8,26.2,30.7,20.2,0.0
2020-06-08 11:40:00,-5,644931600,31.8,4.17,17.8,26.2,30.7,20.1,0.0
2020-06-08 11:50:00,-5,644932200,31.5,4.17,17.8,26.2,30.7,20.1,0.0
2020-06-08 12:00:00,-5,644932800,32.3,4.17,17.9,26.2,30.7,20.5,20.1
2020-06-08 12:10:00,-5,644933400,33.3,4.17,26.2,30.7,0.0,20.1,0.0
2020-06-08 12:20:00,-5,644934000,34.3,4.17,26.2,30.7,0.0,20.6,20.2
2020-06-08 12:30:00,-5,644934600,34.5,4.17,26.2,30.7,0.0,20.7,20.1
2020-06-08 12:40:00,-5,644935200,35.5,4.17,26.2,30.7,0.0,20.0,0.0
2020-06-08 12:50:00,-5,644935800,36.5,4.17,18.1,26.2,30.7,20.7,20.0
2020-06-08 13:00:00,-5,644936400,36.8,4.17,18.1,26.3,30.7,20.7,20.1
2020-06-08 13:10:00,-5,644937000,37.0,4.17,18.1,26.3,30.7,21.1,20.2
2020-06-08 13:20:00,-5,644937600,37.5,4.17,26.3,30.7,0.0,20.8,20.0
2020-06-08 13:30:00,-5,644938200,38.0,4.17,26.3,30.7,0.0,21.0,20.0
2020-06-08 13:40:00,-5,644938800,38.0,4.17,18.3,26.3,30.7,21.1,20.1
2020-06-08 13:50:00,-5,644939400,38.8,4.17,18.3,26.3,30.7,21.1,20.1
2020-06-08 14:00:00,-5,644940000,39.0,4.17,18.3,26.3,30.7,21.1,20.0
2020-06-08 14:10:00,-5,644940600,39.3,4.17,18.4,26.4,30.7,21.4,20.0
2020-06-08 14:20:00,-5,644941200,41.5,4.17,18.4,26.4,30.7,21.2,20.2
2020-06-08 14:30:00,-5,644941800,41.0,4.17,18.5,26.4,30.7,21.4,20.0
2020-06-08 14:40:00,-5,644942400,40.5,4.17,18.5,26.4,30.7,21.4,20.0
2020-06-08 14:50:00,-5,644943000,40.5,4.17,26.4,30.7,0.0,20.0,0.0
2020-06-08 15:00:00,-5,644943600,40.5,4.17,18.6,26.5,30.7,21.6,20.0
2020-06-08 15:10:00,-5,644944200,40.0,4.17,18.6,26.5,30.7,21.6,20.0
2020-06-08 15:20:00,-5,644944800,41.8,4.17,18.7,26.5,30.7,20.1,0.0
2020-06-08 15:30:00,-5,644945400,40.5,4.17,18.7,26.5,30.7,20.1,0.0
2020-06-08 15:40:00,-5,644946000,40.5,4.17,18.7,26.6,30.7,20.1,0.0
2020-06-08 15:50:00,-5,644946600,40.8,4.17,26.6,30.8,0.0,20.0,0.0
2020-06-08 16:00:00,-5,644947200,41.3,4.17,18.8,26.6,30.8,22.1,20.0
2020-06-08 16:10:00,-5,644947800,41.5,4.17,18.8,26.6,30.8,20.2,0.0
2020-06-08 16:20:00,-5,644948400,41.3,4.17,18.8,26.6,30.8,22.0,20.0
2020-06-08 16:30:00,-5,644949000,41.0,4.17,18.8,26.7,30.8,20.1,0.0
2020-06-08 16:40:00,-5,644949600,40.8,4.17,18.8,26.7,30.8,20.1,0.0
2020-06-08 16:50:00,-5,644950200,41.5,4.17,18.8,26.7,30.8,20.1,0.0
2020-06-08 17:00:00,-5,644950800,41.3,4.17,18.8,26.8,30.8,20.1,0.0
2020-06-08 17:10:00,-5,644951400,40.3,4.17,18.8,26.8,30.8,20.1,0.0
2020-06-08 17:20:00,-5,644952000,39.5,4.17,18.8,26.8,30.8,20.1,0.0
2020-06-08 17:30:00,-5,644952600,39.3,4.17,18.8,26.8,30.8,20.1,0.0
2020-06-08 17:40:00,-5,644953200,38.8,4.17,18.8,26.8,30.8,20.1,0.0
2020-06-08 17:50:00,-5,644953800,38.0,4.17,18.8,26.9,30.8,20.1,0.0
2020-06-08 18:00:00,-5,644954400,37.0,4.17,18.7,26.9,30.8,20.2,0.0
2020-06-08 18:10:00,-5,644955000,36.3,4.17,26.9,30.8,0.0,20.1,0.0
2020-06-08 18:20:00,-5,644955600,35.8,4.17,26.9,30.8,0.0,22.6,20.1
2020-06-08 18:30:00,-5,644956200,34.5,4.17,18.7,26.9,30.8,20.3,0.0
2020-06-08 18:40:00,-5,644956800,33.3,4.17,18.6,26.9,30.8,20.2,0.0
2020-06-08 18:50:00,-5,644957400,32.5,4.17,18.6,27.0,30.8,22.8,20.2
2020-06-08 19:00:00,-5,644958000,30.8,4.17,18.6,27.0,30.8,22.7,20.2
2020-06-08 19:10:00,-5,644958600,28.3,4.17,27.0,30.8,0.0,23.0,20.3
2020-06-08 19:20:00,-5,644959200,25.8,4.17,27.0,30.8,0.0,23.0,20.2
2020-06-08 19:30:00,-5,644959800,23.0,4.17,18.5,27.0,30.8,22.8,20.2
2020-06-08 19:40:00,-5,644960400,21.3,4.17,18.5,27.0,30.8,23.0,20.3
2020-06-08 19:50:00,-5,644961000,20.0,4.17,27.0,30.8,0.0,22.7,20.3
2020-06-08 20:00:00,-5,644961600,19.0,4.17,18.5,27.1,30.8,22.8,20.4
2020-06-08 20:10:00,-5,644962200,18.0,4.17,27.1,30.8,0.0,22.8,20.4
2020-06-08 20:20:00,-5,644962800,17.3,4.15,18.4,27.1,30.8,22.8,20.3
2020-06-08 20:30:00,-5,644963400,16.8,4.15,18.4,27.1,30.8,22.6,20.3
2020-06-08 20:40:00,-5,644964000,16.3,4.15,27.1,30.8,0.0,23.0,20.4
2020-06-08 20:50:00,-5,644964600,15.8,4.15,27.1,30.8,0.0,22.8,20.3
2020-06-08 21:00:00,-5,644965200,15.3,4.15,18.3,27.1,30.8,20.3,0.0
2020-06-08 21:10:00,-5,644965800,15.0,4.15,18.3,27.1,30.8,20.3,0.0
2020-06-08 21:20:00,-5,644966400,14.8,4.15,18.3,27.1,30.8,22.7,20.5
2020-06-08 21:30:00,-5,644967000,14.5,4.15,18.3,27.1,30.8,22.7,20.3
2020-06-08 21:40:00,-5,644967600,14.3,4.15,18.2,27.1,30.8,22.6,20.3
2020-06-08 21:50:00,-5,644968200,14.0,4.15,18.2,27.1,30.8,20.5,0.0
2020-06-08 22:00:00,-5,644968800,13.8,4.15,18.2,27.1,30.9,22.6,20.6
2020-06-08 22:10:00,-5,644969400,13.3,4.15,27.1,30.9,0.0,20.5,0.0
2020-06-08 22:20:00,-5,644970000,13.0,4.15,27.1,30.9,0.0,20.5,0.0
2020-06-08 22:30:00,-5,644970600,12.8,4.15,18.1,27.1,30.8,20.5,0.0
2020-06-08 22:40:00,-5,644971200,12.8,4.15,27.1,30.9,0.0,22.5,20.5
2020-06-08 22:50:00,-5,644971800,12.5,4.15,18.1,27.1,30.9,20.6,0.0
2020-06-08 23:00:00,-5,644972400,12.5,4.15,27.1,30.9,0.0,22.3,20.6
2020-06-08 23:10:00,-5,644973000,12.5,4.15,27.1,30.9,0.0,20.5,0.0
2020-06-08 23:20:00,-5,644973600,12.3,4.15,18.0,27.0,30.9,22.2,20.6
2020-06-08 23:30:00,-5,644974200,12.0,4.15,18.0,27.0,30.9,22.0,20.6
2020-06-08 23:40:00,-5,644974800,11.8,4.15,18.0,27.0,30.9,22.1,20.6
2020-06-08 23:50:00,-5,644975400,11.5,4.15,27.0,30.9,0.0,20.5,0.0
2020-06-09 00:00:00,-5,644976000,11.8,4.15,18.0,27.0,30.9,22.0,20.6
2020-06-09 00:10:00,-5,644976600,11.8,4.15,17.9,27.0,30.9,20.7,0.0
2020-06-09 00:20:00,-5,644977200,11.5,4.15,18.0,27.0,30.9,22.1,20.5
2020-06-09 00:30:00,-5,644977800,11.5,4.15,27.0,30.9,0.0,22.1,20.5
2020-06-09 00:40:00,-5,644978400,11.3,4.15,27.0,30.9,0.0,22.1,20.6
2020-06-09 00:50:00,-5,644979000,11.3,4.15,17.8,27.0,30.9,20.5,0.0
2020-06-09 01:00:00,-5,644979600,11.3,4.15,17.8,27.0,30.9,20.7,0.0
2020-06-09 01:10:00,-5,644980200,11.3,4.15,17.8,27.0,30.9,21.8,20.5
2020-06-09 01:20:00,-5,644980800,11.3,4.15,17.8,26.9,30.9,20.6,0.0
2020-06-09 01:30:00,-5,644981400,11.3,4.15,17.8,26.9,30.9,21.6,20.6
2020-06-09 01:40:00,-5,644982000,11.0,4.15,26.9,30.9,0.0,21.6,20.6
2020-06-09 01:50:00,-5,644982600,11.0,4.15,17.8,26.9,30.9,21.7,20.7
2020-06-09 02:00:00,-5,644983200,11.0,4.15,26.9,30.9,0.0,21.5,20.6
2020-06-09 02:10:00,-5,644983800,11.0,4.15,17.7,26.9,30.9,21.8,20.6
2020-06-09 02:20:00,-5,644984400,10.8,4.15,17.7,26.8,30.9,21.5,20.6
2020-06-09 02:30:00,-5,644985000,10.8,4.15,17.7,26.9,30.9,20.6,0.0
2020-06-09 02:40:00,-5,644985600,10.8,4.15,17.7,26.8,30.9,20.6,0.0
2020-06-09 02:50:00,-5,644986200,10.5,4.15,17.6,26.8,30.9,21.4,20.6
2020-06-09 03:00:00,-5,644986800,10.5,4.15,17.6,26.8,30.9,21.4,20.6
2020-06-09 03:10:00,-5,644987400,10.5,4.15,17.6,26.8,30.9,21.4,20.5
2020-06-09 03:20:00,-5,644988000,10.5,4.15,26.8,30.9,0.0,21.3,20.5
2020-06-09 03:30:00,-5,644988600,10.8,4.15,17.6,26.8,30.9,21.3,20.6
2020-06-09 03:40:00,-5,644989200,10.5,4.15,17.6,26.8,30.9,21.3,20.4
2020-06-09 03:50:00,-5,644989800,10.5,4.15,17.5,26.8,30.9,21.1,20.6
2020-06-09 04:00:00,-5,644990400,10.5,4.15,17.5,26.7,30.9,21.3,20.5
2020-06-09 04:10:00,-5,644991000,10.3,4.15,17.5,26.7,30.9,21.2,20.5
2020-06-09 04:20:00,-5,644991600,10.3,4.15,17.5,26.7,30.9,21.1,20.6
2020-06-09 04:30:00,-5,644992200,10.3,4.15,26.7,30.9,0.0,21.0,20.5
2020-06-09 04:40:00,-5,644992800,10.3,4.15,17.5,26.7,30.9,21.2,20.6
2020-06-09 04:50:00,-5,644993400,10.3,4.15,17.5,26.6,30.9,21.0,20.5
2020-06-09 05:00:00,-5,644994000,10.3,4.15,17.5,26.7,30.9,21.0,20.5
2020-06-09 05:10:00,-5,644994600,10.5,4.15,17.4,26.6,30.9,20.8,20.5
2020-06-09 05:20:00,-5,644995200,10.8,4.15,17.4,26.6,30.9,21.1,20.3
2020-06-09 05:30:00,-5,644995800,12.0,4.15,17.4,26.6,30.9,20.7,20.5
2020-06-09 05:40:00,-5,644996400,14.3,4.15,17.4,26.6,30.9,21.1,20.4
2020-06-09 05:50:00,-5,644997000,15.3,4.15,26.6,30.9,0.0,20.8,20.3
2020-06-09 06:00:00,-5,644997600,16.5,4.15,17.4,26.6,30.9,20.7,20.3
2020-06-09 06:10:00,-5,644998200,18.3,4.15,26.5,30.9,0.0,20.8,20.5
2020-06-09 06:20:00,-5,644998800,19.5,4.17,17.4,26.5,30.9,20.7,20.4
2020-06-09 06:30:00,-5,644999400,20.0,4.17,17.4,26.5,30.9,20.7,20.3
2020-06-09 06:40:00,-5,645000000,21.8,4.17,17.4,26.5,30.9,20.6,20.3
2020-06-09 06:50:00,-5,645000600,22.0,4.17,17.4,26.5,30.9,20.7,20.3
2020-06-09 07:00:00,-5,645001200,23.8,4.17,17.4,26.5,30.9,20.7,20.2
2020-06-09 07:10:00,-5,645001800,24.3,4.17,17.4,26.5,30.9,20.6,20.3
2020-06-09 07:20:00,-5,645002400,24.5,4.17,17.4,26.5,30.9,20.6,20.3
2020-06-09 07:30:00,-5,645003000,24.8,4.17,17.4,26.4,30.9,20.6,20.3
2020-06-09 07:40:00,-5,645003600,25.5,4.17,17.4,26.4,30.9,20.6,20.2
2020-06-09 07:50:00,-5,645004200,26.3,4.17,17.4,26.4,30.9,20.3,20.3
2020-06-09 08:00:00,-5,645004800,27.0,4.17,17.4,26.4,30.9,20.3,20.3
2020-06-09 08:10:00,-5,645005400,28.0,4.17,17.4,26.4,30.9,20.5,20.3
2020-06-09 08:20:00,-5,645006000,28.0,4.17,17.4,26.4,31.0,20.5,20.2
2020-06-09 08:30:00,-5,645006600,28.5,4.17,17.4,26.4,30.9,20.3,20.3
2020-06-09 08:40:00,-5,645007200,29.3,4.17,17.4,26.4,30.9,20.2,0.0
2020-06-09 08:50:00,-5,645007800,29.8,4.17,17.4,26.4,30.9,20.2,0.0
2020-06-09 09:00:00,-5,645008400,30.0,4.17,17.4,26.4,30.9,20.3,20.2
2020-06-09 09:10:00,-5,645009000,30.3,4.17,17.5,26.4,30.9,20.5,20.1
2020-06-09 09:20:00,-5,645009600,30.5,4.17,17.5,26.3,30.9,20.1,0.0
2020-06-09 09:30:00,-5,645010200,30.8,4.17,17.5,26.3,30.9,20.1,0.0
2020-06-09 09:40:00,-5,645010800,31.8,4.17,17.5,26.3,30.9,20.1,0.0
2020-06-09 09:50:00,-5,645011400,32.0,4.17,17.5,26.3,30.9,20.1,0.0
2020-06-09 10:00:00,-5,645012000,32.5,4.17,17.6,26.3,30.9,20.1,0.0
2020-06-09 10:10:00,-5,645012600,32.5,4.17,17.6,26.3,30.9,20.1,0.0
2020-06-09 10:20:00,-5,645013200,33.0,4.17,17.6,26.3,30.9,20.1,0.0
2020-06-09 10:30:00,-5,645013800,33.3,4.17,17.7,26.3,30.9,20.0,0.0
2020-06-09 10:40:00,-5,645014400,33.5,4.17,26.3,30.9,0.0,20.1,0.0
2020-06-09 10:50:00,-5,645015000,34.5,4.17,26.3,30.9,0.0,20.1,0.0
2020-06-09 11:00:00,-5,645015600,34.5,4.17,17.8,26.3,30.9,20.1,0.0
2020-06-09 11:10:00,-5,645016200,35.0,4.17,17.8,26.3,30.9,20.5,20.1
2020-06-09 11:20:00,-5,645016800,35.5,4.17,17.8,26.3,30.9,20.6,20.1
2020-06-09 11:30:00,-5,645017400,36.0,4.17,26.4,30.9,0.0,20.6,20.1
2020-06-09 11:40:00,-5,645018000,36.3,4.17,17.9,26.4,30.9,20.6,20.1
2020-06-09 11:50:00,-5,645018600,37.3,4.17,26.4,30.9,0.0,20.7,20.0
2020-06-09 12:00:00,-5,645019200,38.0,4.17,18.0,26.4,30.9,20.8,20.1
2020-06-09 12:10:00,-5,645019800,38.5,4.17,18.0,26.4,30.9,20.7,20.0
2020-06-09 12:20:00,-5,645020400,39.3,4.17,18.1,26.4,30.9,20.7,20.0
2020-06-09 12:30:00,-5,645021000,40.0,4.17,18.1,26.4,31.0,20.8,20.1
2020-06-09 12:40:00,-5,645021600,41.0,4.17,26.5,30.9,0.0,21.0,19.7
2020-06-09 12:50:00,-5,645022200,41.3,4.17,26.5,30.9,0.0,21.1,20.0
2020-06-09 13:00:00,-5,645022800,42.3,4.17,18.3,26.5,30.9,21.3,20.0
2020-06-09 13:10:00,-5,645023400,43.3,4.17,26.5,30.9,0.0,20.0,0.0
2020-06-09 13:20:00,-5,645024000,42.8,4.17,26.5,30.9,0.0,21.5,20.0
2020-06-09 13:30:00,-5,645024600,43.3,4.17,26.5,30.9,0.0,20.0,0.0
2020-06-09 13:40:00,-5,645025200,43.3,4.17,18.5,26.6,30.9,20.1,0.0
2020-06-09 13:50:00,-5,645025800,43.8,4.17,18.6,26.6,30.9,20.0,0.0
2020-06-09 14:00:00,-5,645026400,44.3,4.17,18.6,26.6,30.9,20.0,0.0
2020-06-09 14:10:00,-5,645027000,43.8,4.17,26.6,30.9,0.0,20.1,0.0
2020-06-09 14:20:00,-5,645027600,44.8,4.17,26.7,31.0,0.0,20.0,0.0
2020-06-09 14:30:00,-5,645028200,44.8,4.17,18.8,26.7,31.0,20.0,0.0
2020-06-09 14:40:00,-5,645028800,45.0,4.17,18.8,26.7,30.9,20.1,0.0
2020-06-09 14:50:00,-5,645029400,45.0,4.17,18.9,26.8,30.9,20.0,0.0
2020-06-09 15:00:00,-5,645030000,44.5,4.17,18.9,26.8,30.9,20.1,0.0
2020-06-09 15:10:00,-5,645030600,45.0,4.17,19.0,26.8,30.9,20.2,0.0
2020-06-09 15:20:00,-5,645031200,44.3,4.17,26.8,31.0,0.0,20.1,0.0
2020-06-09 15:30:00,-5,645031800,44.5,4.17,19.0,26.9,30.9,20.0,0.0
2020-06-09 15:40:00,-5,645032400,45.0,4.17,26.9,31.0,0.0,20.2,0.0
2020-06-09 15:50:00,-5,645033000,44.3,4.17,19.1,26.9,31.0,20.2,0.0
2020-06-09 16:00:00,-5,645033600,44.0,4.17,27.0,31.0,0.0,20.1,0.0
2020-06-09 16:10:00,-5,645034200,44.8,4.17,19.1,27.0,31.0,20.1,0.0
2020-06-09 16:20:00,-5,645034800,44.8,4.17,19.2,27.0,31.0,20.1,0.0
2020-06-09 16:30:00,-5,645035400,44.8,4.17,27.0,31.0,0.0,20.1,0.0
2020-06-09 16:40:00,-5,645036000,45.3,4.17,27.1,30.9,0.0,20.0,0.0
2020-06-09 16:50:00,-5,645036600,44.8,4.17,19.2,27.1,30.9,20.1,0.0
2020-06-09 17:00:00,-5,645037200,45.0,4.17,27.1,31.0,0.0,20.1,0.0
2020-06-09 17:10:00,-5,645037800,44.5,4.17,19.1,27.2,31.0,20.1,0.0
2020-06-09 17:20:00,-5,645038400,43.8,4.17,19.2,27.2,31.0,20.2,0.0
2020-06-09 17:30:00,-5,645039000,42.8,4.17,19.1,27.2,30.9,20.2,0.0
2020-06-09 17:40:00,-5,645039600,42.0,4.17,19.1,27.2,31.0,20.3,0.0
2020-06-09 17:50:00,-5,645040200,42.0,4.17,27.3,31.0,0.0,20.2,0.0
2020-06-09 18:00:00,-5,645040800,41.0,4.17,27.3,31.0,0.0,20.2,0.0
2020-06-09 18:10:00,-5,645041400,40.5,4.17,27.3,31.0,0.0,20.3,0.0
2020-06-09 18:20:00,-5,645042000,39.8,4.17,19.0,27.3,31.0,20.3,0.0
2020-06-09 18:30:00,-5,645042600,38.5,4.17,27.4,31.0,0.0,20.3,0.0
2020-06-09 18:40:00,-5,645043200,36.8,4.17,19.0,27.4,31.0,20.3,0.0
2020-06-09 18:50:00,-5,645043800,34.3,4.17,19.0,27.4,31.0,20.4,0.0
2020-06-09 19:00:00,-5,645044400,31.0,4.17,19.0,27.4,31.0,20.3,0.0
2020-06-09 19:10:00,-5,645045000,29.8,4.17,27.4,31.0,0.0,20.3,0.0
2020-06-09 19:20:00,-5,645045600,27.8,4.17,27.4,31.0,0.0,20.4,0.0
2020-06-09 19:30:00,-5,645046200,26.0,4.17,18.9,27.5,31.0,20.3,0.0
2020-06-09 19:40:00,-5,645046800,24.8,4.17,18.9,27.5,31.0,20.3,0.0
2020-06-09 19:50:00,-5,645047400,24.0,4.17,18.8,27.5,31.0,20.5,0.0
2020-06-09 20:00:00,-5,645048000,23.3,4.17,18.8,27.5,31.0,20.5,0.0
2020-06-09 20:10:00,-5,645048600,23.0,4.17,18.8,27.5,31.0,20.5,0.0
2020-06-09 20:20:00,-5,645049200,22.5,4.17,18.8,27.5,31.0,20.6,0.0
2020-06-09 20:30:00,-5,645049800,22.3,4.17,18.7,27.5,31.0,20.6,0.0
2020-06-09 20:40:00,-5,645050400,22.0,4.17,27.5,31.0,0.0,23.5,20.5
2020-06-09 20:50:00,-5,645051000,21.8,4.17,27.5,31.0,0.0,20.6,0.0
2020-06-09 21:00:00,-5,645051600,21.5,4.17,18.7,27.5,31.0,20.6,0.0
2020-06-09 21:10:00,-5,645052200,21.3,4.17,18.7,27.5,31.0,20.6,0.0
2020-06-09 21:20:00,-5,645052800,20.8,4.17,18.6,27.5,31.0,20.6,0.0
2020-06-09 21:30:00,-5,645053400,20.8,4.17,18.6,27.6,31.0,20.7,0.0
2020-06-09 21:40:00,-5,645054000,20.5,4.17,27.6,31.0,0.0,20.6,0.0
2020-06-09 21:50:00,-5,645054600,20.0,4.17,27.6,31.0,0.0,20.7,0.0
2020-06-09 22:00:00,-5,645055200,19.8,4.17,27.6,31.0,0.0,20.6,0.0
2020-06-09 22:10:00,-5,645055800,20.0,4.17,18.5,27.6,31.0,23.5,20.7
2020-06-09 22:20:00,-5,645056400,20.0,4.17,27.6,31.0,0.0,23.5,20.8
2020-06-09 22:30:00,-5,645057000,19.5,4.17,27.6,31.0,0.0,20.8,0.0
2020-06-09 22:40:00,-5,645057600,19.3,4.17,18.5,27.6,31.1,23.5,20.7
2020-06-09 22:50:00,-5,645058200,19.0,4.17,27.6,31.1,0.0,23.5,20.8
2020-06-09 23:00:00,-5,645058800,18.8,4.17,18.4,27.6,31.1,23.6,20.7
2020-06-09 23:10:00,-5,645059400,18.5,4.17,27.6,31.1,0.0,20.8,0.0
2020-06-09 23:20:00,-5,645060000,18.3,4.17,27.6,31.1,0.0,23.5,20.8
2020-06-09 23:30:00,-5,645060600,18.0,4.17,27.6,31.1,0.0,23.4,20.8
2020-06-09 23:40:00,-5,645061200,18.0,4.17,27.6,31.1,0.0,23.3,21.0
2020-06-09 23:50:00,-5,645061800,18.0,4.17,27.5,31.1,0.0,23.4,20.8
2020-06-10 00:00:00,-5,645062400,17.8,4.17,27.6,31.1,0.0,23.2,20.7
2020-06-10 00:10:00,-5,645063000,17.8,4.17,27.6,31.1,0.0,23.3,20.8
2020-06-10 00:20:00,-5,645063600,17.5,4.17,27.5,31.1,0.0,23.3,20.7
2020-06-10 00:30:00,-5,645064200,17.5,4.17,27.5,31.1,0.0,23.2,20.8
2020-06-10 00:40:00,-5,645064800,17.5,4.17,27.5,31.1,0.0,21.0,0.0
2020-06-10 00:50:00,-5,645065400,17.3,4.17,27.5,31.1,0.0,23.2,20.8
2020-06-10 01:00:00,-5,645066000,17.0,4.17,27.5,31.1,0.0,23.2,20.7
2020-06-10 01:10:00,-5,645066600,17.0,4.17,27.5,31.1,0.0,23.2,20.7
2020-06-10 01:20:00,-5,645067200,17.3,4.17,27.5,31.1,0.0,20.7,0.0
2020-06-10 01:30:00,-5,645067800,16.8,4.17,18.2,27.5,31.1,23.0,21.0
2020-06-10 01:40:00,-5,645068400,17.0,4.17,18.2,27.5,31.1,23.0,21.1
2020-06-10 01:50:00,-5,645069000,16.8,4.17,18.1,27.5,31.1,20.8,0.0
2020-06-10 02:00:00,-5,645069600,16.8,4.17,18.2,27.5,31.1,22.7,21.1
2020-06-10 02:10:00,-5,645070200,16.5,4.17,27.5,31.1,0.0,23.0,21.0
2020-06-10 02:20:00,-5,645070800,16.5,4.17,27.4,31.1,0.0,20.7,0.0
2020-06-10 02:30:00,-5,645071400,16.5,4.17,18.0,27.4,31.1,22.7,21.0
2020-06-10 02:40:00,-5,645072000,16.3,4.17,18.1,27.4,31.1,22.7,21.1
2020-06-10 02:50:00,-5,645072600,16.5,4.17,27.4,31.1,0.0,22.8,21.0
2020-06-10 03:00:00,-5,645073200,16.5,4.17,27.4,31.1,0.0,22.8,21.0
2020-06-10 03:10:00,-5,645073800,16.3,4.17,27.4,31.1,0.0,22.6,20.7
2020-06-10 03:20:00,-5,645074400,16.3,4.17,18.0,27.4,31.1,22.6,21.1
2020-06-10 03:30:00,-5,645075000,16.0,4.17,17.9,27.4,31.1,22.5,21.0
2020-06-10 03:40:00,-5,645075600,16.0,4.17,17.9,27.4,31.1,22.6,21.0
2020-06-10 03:50:00,-5,645076200,15.8,4.17,17.9,27.4,31.1,22.7,21.2
2020-06-10 04:00:00,-5,645076800,15.8,4.17,17.9,27.4,31.1,22.5,21.0
2020-06-10 04:10:00,-5,645077400,16.0,4.17,27.3,31.1,0.0,22.3,21.0
2020-06-10 04:20:00,-5,645078000,16.5,4.17,17.9,27.3,31.1,22.3,21.0
2020-06-10 04:30:00,-5,645078600,16.3,4.17,17.9,27.3,31.2,22.2,21.0
2020-06-10 04:40:00,-5,645079200,16.3,4.17,17.9,27.3,31.1,22.1,21.1
2020-06-10 04:50:00,-5,645079800,16.0,4.17,17.9,27.3,31.1,20.8,0.0
2020-06-10 05:00:00,-5,645080400,16.0,4.17,17.9,27.3,31.1,22.1,21.0
2020-06-10 05:10:00,-5,645081000,16.0,4.17,17.9,27.3,31.2,22.3,21.0
2020-06-10 05:20:00,-5,645081600,16.0,4.17,17.8,27.3,31.1,22.0,21.1
2020-06-10 05:30:00,-5,645082200,16.5,4.17,27.3,31.1,0.0,20.7,0.0
2020-06-10 05:40:00,-5,645082800,16.5,4.17,17.7,27.3,31.1,22.0,21.0
2020-06-10 05:50:00,-5,645083400,16.8,4.17,17.7,27.2,31.1,21.8,21.0
2020-06-10 06:00:00,-5,645084000,16.8,4.17,27.2,31.1,0.0,20.7,0.0
2020-06-10 06:10:00,-5,645084600,17.3,4.17,27.2,31.2,0.0,22.1,21.0
2020-06-10 06:20:00,-5,645085200,19.3,4.17,17.7,27.2,31.2,22.1,21.0
2020-06-10 06:30:00,-5,645085800,20.5,4.17,27.2,31.1,0.0,21.8,21.0
2020-06-10 06:40:00,-5,645086400,19.8,4.17,17.7,27.2,31.1,22.0,20.7
2020-06-10 06:50:00,-5,645087000,20.0,4.17,17.6,27.2,31.2,21.7,21.1
2020-06-10 07:00:00,-5,645087600,22.0,4.17,27.2,31.1,0.0,22.0,20.7
2020-06-10 07:10:00,-5,645088200,24.5,4.17,27.1,31.2,0.0,21.8,21.0
2020-06-10 07:20:00,-5,645088800,26.5,4.17,27.1,31.2,0.0,21.0,0.0
2020-06-10 07:30:00,-5,645089400,27.8,4.17,17.6,27.1,31.2,21.6,21.1
2020-06-10 07:40:00,-5,645090000,28.8,4.17,27.1,31.2,0.0,20.7,0.0
2020-06-10 07:50:00,-5,645090600,30.3,4.17,17.6,27.1,31.2,20.8,0.0
2020-06-10 08:00:00,-5,645091200,30.5,4.17,17.6,27.1,31.2,20.8,0.0
2020-06-10 08:10:00,-5,645091800,31.5,4.17,27.1,31.2,0.0,21.7,20.8
2020-06-10 08:20:00,-5,645092400,31.0,4.17,17.7,27.1,31.2,20.8,0.0
2020-06-10 08:30:00,-5,645093000,30.5,4.17,27.1,31.2,0.0,21.7,20.8
2020-06-10 08:40:00,-5,645093600,31.0,4.17,27.1,31.2,0.0,20.8,0.0
2020-06-10 08:50:00,-5,645094200,32.0,4.17,27.1,31.2,0.0,21.5,21.0
2020-06-10 09:00:00,-5,645094800,33.0,4.17,17.7,27.0,31.2,21.7,20.8
2020-06-10 09:10:00,-5,645095400,33.5,4.17,27.0,31.2,0.0,20.8,0.0
2020-06-10 09:20:00,-5,645096000,34.0,4.17,17.8,27.0,31.2,20.7,0.0
2020-06-10 09:30:00,-5,645096600,34.0,4.17,27.0,31.2,0.0,21.8,20.8
2020-06-10 09:40:00,-5,645097200,33.8,4.17,27.0,31.2,0.0,20.8,0.0
2020-06-10 09:50:00,-5,645097800,34.3,4.17,17.8,27.0,31.2,20.7,0.0
2020-06-10 10:00:00,-5,645098400,34.3,4.17,17.9,27.0,31.2,21.7,20.7
2020-06-10 10:10:00,-5,645099000,35.0,4.17,17.9,27.0,31.2,21.7,20.8
2020-06-10 10:20:00,-5,645099600,36.5,4.17,27.0,31.2,0.0,21.7,20.7
2020-06-10 10:30:00,-5,645100200,37.3,4.17,18.0,27.0,31.2,22.0,20.7
2020-06-10 10:40:00,-5,645100800,37.5,4.17,18.1,27.0,31.2,21.6,20.7
2020-06-10 10:50:00,-5,645101400,38.0,4.17,18.1,27.0,31.2,22.0,20.8
2020-06-10 11:00:00,-5,645102000,38.3,4.17,18.2,27.1,31.2,20.8,0.0
2020-06-10 11:10:00,-5,645102600,38.8,4.17,27.1,31.2,0.0,20.7,0.0
2020-06-10 11:20:00,-5,645103200,39.0,4.17,18.3,27.1,31.2,20.6,0.0
2020-06-10 11:30:00,-5,645103800,39.3,4.17,27.1,31.2,0.0,20.6,0.0
2020-06-10 11:40:00,-5,645104400,40.0,4.17,27.1,31.2,0.0,20.7,0.0
2020-06-10 11:50:00,-5,645105000,40.8,4.17,27.1,31.2,0.0,20.6,0.0
2020-06-10 12:00:00,-5,645105600,41.5,4.17,27.1,31.2,0.0,20.8,0.0
2020-06-10 12:10:00,-5,645106200,40.5,4.17,27.1,31.2,0.0,20.7,0.0
2020-06-10 12:20:00,-5,645106800,41.8,4.17,27.2,31.2,0.0,20.7,0.0
2020-06-10 12:30:00,-5,645107400,42.3,4.17,18.7,27.2,31.1,20.7,0.0
2020-06-10 12:40:00,-5,645108000,41.3,4.17,27.2,31.1,0.0,20.7,0.0
2020-06-10 12:50:00,-5,645108600,43.3,4.17,27.2,31.2,0.0,20.8,0.0
2020-06-10 13:00:00,-5,645109200,43.5,4.17,27.3,31.2,0.0,20.7,0.0
2020-06-10 13:10:00,-5,645109800,43.0,4.17,27.3,31.2,0.0,20.6,0.0
2020-06-10 13:20:00,-5,645110400,42.3,4.17,27.3,31.2,0.0,20.7,0.0
2020-06-10 13:30:00,-5,645111000,45.3,4.17,27.3,31.2,0.0,20.7,0.0
2020-06-10 13:40:00,-5,645111600,45.3,4.17,27.4,31.2,0.0,20.7,0.0
2020-06-10 13:50:00,-5,645112200,45.5,4.17,19.0,27.4,31.2,20.8,0.0
2020-06-10 14:00:00,-5,645112800,43.3,4.17,19.1,27.4,31.2,20.7,0.0
2020-06-10 14:10:00,-5,645113400,41.3,4.17,19.1,27.4,31.2,20.7,0.0
2020-06-10 14:20:00,-5,645114000,38.5,4.17,27.5,31.2,0.0,20.7,0.0
2020-06-10 14:30:00,-5,645114600,43.8,4.17,27.5,31.2,0.0,20.8,0.0
2020-06-10 14:40:00,-5,645115200,44.5,4.17,27.5,31.2,0.0,20.8,0.0
2020-06-10 14:50:00,-5,645115800,44.8,4.17,27.5,31.2,0.0,20.8,0.0
2020-06-10 15:00:00,-5,645116400,45.5,4.17,19.3,27.6,31.2,20.7,0.0
2020-06-10 15:10:00,-5,645117000,45.0,4.17,27.6,31.2,0.0,21.0,0.0
2020-06-10 15:20:00,-5,645117600,44.8,4.17,19.3,27.6,31.2,20.7,0.0
2020-06-10 15:30:00,-5,645118200,45.8,4.17,19.4,27.7,31.2,23.7,20.8
2020-06-10 15:40:00,-5,645118800,45.5,4.17,27.7,31.2,0.0,20.8,0.0
2020-06-10 15:50:00,-5,645119400,46.5,4.18,19.4,27.7,31.2,24.0,20.8
2020-06-10 16:00:00,-5,645120000,47.0,4.17,27.7,31.2,0.0,24.0,21.0
2020-06-10 16:10:00,-5,645120600,47.3,4.18,27.8,31.2,0.0,20.8,0.0
2020-06-10 16:20:00,-5,645121200,47.3,4.18,27.8,31.2,0.0,20.8,0.0
2020-06-10 16:30:00,-5,645121800,46.8,4.18,27.8,31.2,0.0,24.1,21.0
2020-06-10 16:40:00,-5,645122400,46.8,4.18,27.8,31.2,0.0,21.0,0.0
2020-06-10 16:50:00,-5,645123000,46.0,4.17,19.6,27.9,31.2,20.7,0.0
2020-06-10 17:00:00,-5,645123600,44.3,4.17,27.9,31.2,0.0,21.0,0.0
2020-06-10 17:10:00,-5,645124200,40.3,4.17,19.5,27.9,31.2,21.1,0.0
2020-06-10 17:20:00,-5,645124800,38.8,4.17,27.9,31.2,0.0,21.0,0.0
2020-06-10 17:30:00,-5,645125400,36.8,4.17,28.0,31.2,0.0,21.0,0.0
2020-06-10 17:40:00,-5,645126000,38.8,4.17,28.0,31.2,0.0,21.0,0.0
2020-06-10 17:50:00,-5,645126600,37.8,4.17,28.0,31.2,0.0,21.0,0.0
2020-06-10 18:00:00,-5,645127200,36.8,4.17,28.0,31.2,0.0,24.5,21.1
2020-06-10 18:10:00,-5,645127800,34.0,4.17,28.0,31.2,0.0,21.0,0.0
2020-06-10 18:20:00,-5,645128400,32.0,4.17,28.1,31.2,0.0,21.1,0.0
2020-06-10 18:30:00,-5,645129000,30.8,4.17,28.1,31.2,0.0,21.1,0.0
2020-06-10 18:40:00,-5,645129600,29.8,4.17,28.1,31.2,0.0,21.1,0.0
2020-06-10 18:50:00,-5,645130200,29.0,4.17,28.1,31.2,0.0,21.2,0.0
2020-06-10 19:00:00,-5,645130800,28.5,4.17,19.3,28.2,31.2,21.2,0.0
2020-06-10 19:10:00,-5,645131400,28.0,4.17,28.2,31.2,0.0,21.1,0.0
2020-06-10 19:20:00,-5,645132000,27.5,4.17,28.2,31.2,0.0,21.1,0.0
2020-06-10 19:30:00,-5,645132600,27.3,4.17,28.2,31.2,0.0,21.3,0.0
2020-06-10 19:40:00,-5,645133200,27.0,4.17,19.2,28.2,31.2,21.2,0.0
2020-06-10 19:50:00,-5,645133800,26.8,4.17,28.2,31.3,0.0,21.3,0.0
2020-06-10 20:00:00,-5,645134400,27.0,4.17,28.2,31.3,0.0,24.7,21.3
2020-06-10 20:10:00,-5,645135000,26.8,4.17,19.1,28.3,31.3,24.7,21.3
2020-06-10 20:20:00,-5,645135600,26.5,4.17,28.3,31.3,0.0,24.6,21.3
2020-06-10 20:30:00,-5,645136200,26.3,4.17,19.1,28.3,31.3,21.2,0.0
2020-06-10 20:40:00,-5,645136800,26.3,4.17,28.3,31.3,0.0,24.7,21.3
2020-06-10 20:50:00,-5,645137400,26.3,4.17,28.3,31.3,0.0,21.3,0.0
2020-06-10 21:00:00,-5,645138000,26.3,4.17,19.0,28.3,31.3,24.6,21.3
2020-06-10 21:10:00,-5,645138600,26.3,4.17,19.0,28.3,31.3,21.3,0.0
2020-06-10 21:20:00,-5,645139200,26.3,4.17,28.3,31.3,0.0,21.5,0.0
2020-06-10 21:30:00,-5,645139800,26.0,4.17,28.3,31.3,0.0,21.5,0.0
2020-06-10 21:40:00,-5,645140400,26.0,4.17,28.3,31.3,0.0,24.6,21.5
2020-06-10 21:50:00,-5,645141000,26.0,4.17,28.3,31.3,0.0,24.5,21.6
2020-06-10 22:00:00,-5,645141600,26.0,4.17,28.3,31.3,0.0,21.4,0.0
2020-06-10 22:10:00,-5,645142200,26.0,4.17,28.4,31.3,0.0,24.5,21.5
2020-06-10 22:20:00,-5,645142800,25.8,4.17,18.9,28.3,31.3,24.6,21.6
2020-06-10 22:30:00,-5,645143400,25.5,4.17,18.8,28.3,31.3,24.4,21.6
2020-06-10 22:40:00,-5,645144000,25.5,4.17,18.9,28.3,31.3,24.5,21.6
2020-06-10 22:50:00,-5,645144600,25.5,4.17,18.8,28.3,31.3,24.3,21.5
2020-06-10 23:00:00,-5,645145200,25.5,4.17,19.0,28.4,31.3,24.3,21.6
2020-06-10 23:10:00,-5,645145800,25.5,4.17,28.3,31.3,0.0,24.5,21.6
2020-06-10 23:20:00,-5,645146400,25.5,4.17,28.3,31.4,0.0,24.3,21.6
2020-06-10 23:30:00,-5,645147000,25.5,4.17,18.8,28.3,31.4,24.3,21.7
2020-06-10 23:40:00,-5,645147600,25.8,4.17,28.3,31.4,0.0,24.4,21.6
2020-06-10 23:50:00,-5,645148200,25.8,4.17,28.4,31.4,0.0,24.4,21.6
2020-06-11 00:00:00,-5,645148800,26.0,4.17,18.7,28.3,31.4,24.3,21.5
2020-06-11 00:10:00,-5,645149400,25.8,4.17,18.7,28.3,31.4,24.4,21.7
2020-06-11 00:20:00,-5,645150000,25.8,4.17,28.3,31.4,0.0,21.6,0.0
2020-06-11 00:30:00,-5,645150600,25.5,4.17,18.7,28.3,31.4,24.3,21.5
2020-06-11 00:40:00,-5,645151200,25.3,4.17,28.3,31.4,0.0,24.3,21.7
2020-06-11 00:50:00,-5,645151800,25.3,4.17,28.3,31.4,0.0,24.2,21.6
2020-06-11 01:00:00,-5,645152400,25.0,4.17,28.3,31.4,0.0,24.2,21.7
2020-06-11 01:10:00,-5,645153000,24.3,4.17,28.3,31.4,0.0,24.2,21.7
2020-06-11 01:20:00,-5,645153600,24.3,4.17,28.3,31.4,0.0,24.2,21.7
2020-06-11 01:30:00,-5,645154200,24.3,4.17,28.3,31.4,0.0,24.2,21.8
2020-06-11 01:40:00,-5,645154800,24.3,4.17,28.3,31.4,0.0,24.2,21.7
2020-06-11 01:50:00,-5,645155400,24.0,4.17,28.3,31.4,0.0,24.1,21.7
2020-06-11 02:00:00,-5,645156000,23.5,4.17,28.3,31.4,0.0,24.2,21.8
2020-06-11 02:10:00,-5,645156600,23.3,4.17,18.6,28.3,31.4,24.2,21.7
2020-06-11 02:20:00,-5,645157200,23.3,4.17,28.3,31.4,0.0,21.8,0.0
2020-06-11 02:30:00,-5,645157800,23.0,4.17,28.3,31.4,0.0,24.1,21.6
2020-06-11 02:40:00,-5,645158400,23.0,4.17,28.3,31.4,0.0,21.7,0.0
2020-06-11 02:50:00,-5,645159000,23.0,4.17,28.3,31.5,0.0,24.1,21.7
2020-06-11 03:00:00,-5,645159600,23.0,4.17,18.5,28.3,31.5,24.2,21.7
2020-06-11 03:10:00,-5,645160200,22.8,4.17,18.5,28.3,31.5,24.1,21.7
2020-06-11 03:20:00,-5,645160800,22.8,4.17,28.3,31.5,0.0,24.0,21.8
2020-06-11 03:30:00,-5,645161400,22.8,4.17,18.5,28.2,31.5,21.8,0.0
2020-06-11 03:40:00,-5,645162000,22.8,4.17,18.5,28.3,31.5,21.8,0.0
2020-06-11 03:50:00,-5,645162600,22.8,4.17,18.5,28.2,31.5,21.8,0.0
2020-06-11 04:00:00,-5,645163200,22.8,4.17,28.2,31.5,0.0,21.7,0.0
2020-06-11 04:10:00,-5,645163800,22.8,4.17,18.5,28.2,31.5,21.7,0.0
2020-06-11 04:20:00,-5,645164400,22.8,4.17,18.5,28.2,31.5,24.1,21.8
2020-06-11 04:30:00,-5,645165000,22.8,4.17,28.2,31.5,0.0,23.8,21.8
2020-06-11 04:40:00,-5,645165600,22.8,4.17,28.2,31.5,0.0,24.0,21.8
2020-06-11 04:50:00,-5,645166200,22.5,4.17,18.5,28.2,31.5,24.0,21.8
2020-06-11 05:00:00,-5,645166800,22.5,4.17,18.5,28.2,31.5,24.0,21.8
2020-06-11 05:10:00,-5,645167400,22.5,4.17,18.5,28.2,31.5,23.7,21.8
2020-06-11 05:20:00,-5,645168000,22.5,4.17,28.2,31.5,0.0,23.8,21.7
2020-06-11 05:30:00,-5,645168600,22.8,4.17,28.2,31.5,0.0,24.0,21.7
2020-06-11 05:40:00,-5,645169200,22.5,4.17,28.2,31.5,0.0,24.0,21.7
2020-06-11 05:50:00,-5,645169800,22.5,4.17,28.2,31.5,0.0,21.7,0.0
2020-06-11 06:00:00,-5,645170400,22.8,4.17,18.5,28.2,31.5,23.7,21.8
2020-06-11 06:10:00,-5,645171000,22.8,4.17,18.5,28.2,31.5,23.8,21.8
2020-06-11 06:20:00,-5,645171600,23.0,4.17,28.2,31.5,0.0,23.8,21.8
2020-06-11 06:30:00,-5,645172200,23.0,4.17,28.2,31.5,0.0,23.7,21.8
2020-06-11 06:40:00,-5,645172800,23.0,4.17,18.5,28.2,31.5,23.8,21.7
2020-06-11 06:50:00,-5,645173400,23.0,4.17,28.2,31.5,0.0,23.8,21.8
2020-06-11 07:00:00,-5,645174000,23.0,4.17,28.2,31.5,0.0,23.8,21.7
2020-06-11 07:10:00,-5,645174600,23.3,4.17,18.5,28.2,31.5,23.7,21.7
2020-06-11 07:20:00,-5,645175200,23.5,4.17,18.5,28.2,31.5,23.8,21.7
2020-06-11 07:30:00,-5,645175800,23.8,4.17,28.2,31.5,0.0,23.7,21.8
2020-06-11 07:40:00,-5,645176400,24.3,4.17,18.5,28.2,31.5,23.7,21.7
2020-06-11 07:50:00,-5,645177000,24.8,4.17,28.2,31.5,0.0,23.7,21.8
2020-06-11 08:00:00,-5,645177600,24.0,4.17,19.7,28.3,31.6,23.8,21.8
2020-06-11 08:10:00,-5,645178200,23.3,4.17,28.3,31.6,0.0,23.6,21.8
2020-06-11 08:20:00,-5,645178800,22.8,4.17,28.3,31.7,0.0,23.7,21.7
2020-06-11 08:30:00,-5,645179400,22.8,4.17,28.4,31.7,0.0,23.7,21.8
2020-06-11 08:40:00,-5,645180000,22.8,4.17,20.4,28.4,31.7,23.7,21.7
2020-06-11 08:50:00,-5,645180600,23.5,4.17,20.5,28.4,31.8,23.6,21.8
2020-06-11 09:00:00,-5,645181200,23.8,4.17,28.5,31.8,0.0,22.0,0.0
2020-06-11 09:10:00,-5,645181800,26.0,4.17,20.6,28.5,31.8,23.6,21.8
2020-06-11 09:20:00,-5,645182400,28.0,4.17,28.4,31.8,0.0,23.6,21.8
2020-06-11 09:30:00,-5,645183000,27.8,4.17,20.7,28.5,31.8,23.7,21.8
2020-06-11 09:40:00,-5,645183600,28.3,4.17,20.8,28.5,31.8,23.7,21.7
2020-06-11 09:50:00,-5,645184200,29.0,4.17,28.5,31.8,0.0,23.5,21.7
2020-06-11 10:00:00,-5,645184800,29.8,4.17,28.5,31.8,0.0,23.7,21.8
2020-06-11 10:10:00,-5,645185400,30.8,4.17,20.8,28.5,31.8,23.6,21.8
2020-06-11 10:20:00,-5,645186000,34.0,4.17,20.8,28.5,31.8,23.6,21.7
2020-06-11 10:30:00,-5,645186600,32.3,4.17,20.8,28.5,31.8,23.6,21.7
2020-06-11 10:40:00,-5,645187200,30.0,4.17,28.5,31.8,0.0,21.7,0.0
2020-06-11 10:50:00,-5,645187800,28.5,4.17,28.5,31.8,0.0,23.6,21.7
2020-06-11 11:00:00,-5,645188400,28.3,4.17,20.8,28.5,31.8,23.7,21.7
2020-06-11 11:10:00,-5,645189000,27.0,4.17,28.5,31.8,0.0,23.6,21.7
2020-06-11 11:20:00,-5,645189600,25.8,4.17,20.8,28.6,31.8,23.6,21.8
2020-06-11 11:30:00,-5,645190200,24.0,4.17,28.8,31.9,0.0,23.7,21.8
2020-06-11 11:40:00,-5,645190800,23.3,4.17,29.1,32.1,0.0,23.6,21.6
2020-06-11 11:50:00,-5,645191400,23.0,4.17,29.5,32.3,0.0,23.6,21.6
2020-06-11 12:00:00,-5,645192000,23.0,4.17,29.9,32.4,0.0,23.8,21.6
2020-06-11 12:10:00,-5,645192600,23.5,4.17,23.0,30.2,32.4,23.8,21.7
2020-06-11 12:20:00,-5,645193200,26.3,4.17,22.8,30.4,32.4,23.7,21.7
2020-06-11 12:30:00,-5,645193800,27.8,4.17,22.7,30.6,32.5,23.8,21.8
2020-06-11 12:40:00,-5,645194400,28.8,4.17,30.6,32.5,0.0,23.7,21.7
2020-06-11 12:50:00,-5,645195000,31.8,4.17,30.7,32.6,0.0,23.8,21.8
2020-06-11 13:00:00,-5,645195600,35.5,4.17,22.4,30.7,32.7,23.6,21.8
2020-06-11 13:10:00,-5,645196200,38.5,4.17,22.4,30.8,32.8,23.8,21.7
2020-06-11 13:20:00,-5,645196800,36.8,4.17,30.8,32.8,0.0,23.7,21.7
2020-06-11 13:30:00,-5,645197400,36.0,4.17,30.8,32.9,0.0,23.7,21.8
2020-06-11 13:40:00,-5,645198000,36.8,4.17,22.3,30.8,32.9,23.8,21.8
2020-06-11 13:50:00,-5,645198600,35.5,4.17,22.3,30.8,33.0,23.7,21.8
2020-06-11 14:00:00,-5,645199200,34.8,4.17,22.3,30.8,33.0,23.8,21.6
2020-06-11 14:10:00,-5,645199800,33.0,4.17,30.8,33.1,0.0,24.0,21.8
2020-06-11 14:20:00,-5,645200400,32.3,4.17,30.8,33.1,0.0,21.7,0.0
2020-06-11 14:30:00,-5,645201000,32.3,4.17,22.3,30.8,33.1,23.7,21.7
2020-06-11 14:40:00,-5,645201600,32.5,4.17,30.7,33.2,0.0,21.8,0.0
2020-06-11 14:50:00,-5,645202200,32.3,4.17,22.3,30.7,33.2,21.7,0.0
2020-06-11 15:00:00,-5,645202800,32.8,4.17,22.3,30.7,33.2,24.1,21.8
2020-06-11 15:10:00,-5,645203400,32.8,4.17,22.3,30.7,33.2,24.1,21.7
2020-06-11 15:20:00,-5,645204000,34.5,4.17,30.7,33.2,0.0,21.8,0.0
2020-06-11 15:30:00,-5,645204600,40.5,4.17,22.3,30.7,33.3,21.8,0.0
2020-06-11 15:40:00,-5,645205200,42.3,4.17,22.4,30.7,33.3,24.2,22.1
2020-06-11 15:50:00,-5,645205800,37.3,4.17,22.4,30.7,33.3,21.8,0.0
2020-06-11 16:00:00,-5,645206400,35.5,4.17,22.4,30.7,33.3,24.1,21.8
2020-06-11 16:10:00,-5,645207000,34.3,4.17,22.4,30.7,33.3,22.0,0.0
2020-06-11 16:20:00,-5,645207600,32.8,4.17,30.7,33.3,0.0,21.8,0.0
2020-06-11 16:30:00,-5,645208200,31.8,4.17,22.4,30.6,33.3,21.8,0.0
2020-06-11 16:40:00,-5,645208800,31.8,4.17,22.4,30.7,33.3,21.8,0.0
2020-06-11 16:50:00,-5,645209400,33.0,4.17,30.7,33.3,0.0,21.8,0.0
2020-06-11 17:00:00,-5,645210000,32.8,4.17,30.8,33.3,0.0,21.8,0.0
2020-06-11 17:10:00,-5,645210600,31.8,4.17,30.7,33.3,0.0,22.0,0.0
2020-06-11 17:20:00,-5,645211200,30.8,4.17,22.3,30.7,33.3,24.2,21.8
2020-06-11 17:30:00,-5,645211800,30.0,4.17,30.7,33.3,0.0,24.2,21.8
2020-06-11 17:40:00,-5,645212400,29.3,4.17,30.7,33.3,0.0,21.8,0.0
2020-06-11 17:50:00,-5,645213000,28.8,4.17,30.7,33.3,0.0,24.3,21.8
2020-06-11 18:00:00,-5,645213600,27.8,4.17,22.3,30.7,33.3,24.2,21.8
2020-06-11 18:10:00,-5,645214200,27.3,4.17,30.7,33.3,0.0,22.0,0.0
2020-06-11 18:20:00,-5,645214800,26.8,4.17,30.7,33.3,0.0,24.4,21.8
2020-06-11 18:30:00,-5,645215400,26.5,4.17,22.3,30.7,33.3,22.0,0.0
2020-06-11 18:40:00,-5,645216000,26.0,4.17,22.2,30.7,33.3,24.3,22.2
2020-06-11 18:50:00,-5,645216600,26.8,4.17,30.7,33.3,0.0,24.3,21.7
2020-06-11 19:00:00,-5,645217200,27.3,4.17,30.7,33.3,0.0,22.0,0.0
2020-06-11 19:10:00,-5,645217800,27.5,4.17,22.2,30.7,33.3,24.3,21.7
2020-06-11 19:20:00,-5,645218400,27.5,4.17,30.7,33.3,0.0,22.0,0.0
2020-06-11 19:30:00,-5,645219000,26.3,4.17,22.2,30.7,33.3,22.0,0.0
2020-06-11 19:40:00,-5,645219600,25.0,4.17,22.2,30.7,33.3,22.0,0.0
2020-06-11 19:50:00,-5,645220200,24.3,4.17,22.1,30.7,33.3,24.5,22.1
2020-06-11 20:00:00,-5,645220800,23.8,4.17,30.7,33.3,0.0,22.0,0.0
2020-06-11 20:10:00,-5,645221400,23.3,4.17,30.7,33.3,0.0,22.0,0.0
2020-06-11 20:20:00,-5,645222000,22.8,4.17,22.1,30.7,33.3,22.1,0.0
2020-06-11 20:30:00,-5,645222600,22.8,4.17,22.1,30.7,33.3,24.5,21.7
2020-06-11 20:40:00,-5,645223200,22.5,4.17,30.7,33.3,0.0,22.0,0.0
2020-06-11 20:50:00,-5,645223800,22.3,4.17,22.1,30.7,33.3,24.4,22.1
2020-06-11 21:00:00,-5,645224400,22.0,4.17,22.0,30.7,33.3,24.4,22.1
2020-06-11 21:10:00,-5,645225000,21.8,4.17,22.0,30.7,33.3,24.4,22.1
2020-06-11 21:20:00,-5,645225600,21.5,4.17,22.0,30.6,33.3,22.0,0.0
2020-06-11 21:30:00,-5,645226200,21.5,4.17,22.0,30.7,33.3,22.0,0.0
2020-06-11 21:40:00,-5,645226800,21.3,4.17,22.0,30.6,33.3,22.0,0.0
2020-06-11 21:50:00,-5,645227400,21.0,4.17,22.0,30.8,33.3,24.4,22.0
2020-06-11 22:00:00,-5,645228000,20.8,4.17,21.9,30.6,33.3,24.3,22.1
2020-06-11 22:10:00,-5,645228600,20.5,4.17,21.9,30.6,33.3,22.0,0.0
2020-06-11 22:20:00,-5,645229200,20.3,4.17,21.9,30.6,33.3,24.2,22.1
2020-06-11 22:30:00,-5,645229800,20.0,4.17,30.6,33.3,0.0,22.0,0.0
2020-06-11 22:40:00,-5,645230400,20.0,4.17,21.9,30.6,33.3,24.2,22.1
2020-06-11 22:50:00,-5,645231000,19.3,4.17,21.9,30.6,33.3,24.2,22.1
2020-06-11 23:00:00,-5,645231600,19.3,4.17,21.9,30.6,33.3,24.1,22.0
2020-06-11 23:10:00,-5,645232200,18.8,4.17,21.8,30.6,33.3,24.2,22.1
2020-06-11 23:20:00,-5,645232800,19.0,4.17,21.9,30.6,33.3,24.2,22.2
2020-06-11 23:30:00,-5,645233400,19.5,4.17,21.8,30.5,33.3,24.2,22.1
2020-06-11 23:40:00,-5,645234000,20.0,4.17,30.5,33.3,0.0,24.2,22.0
2020-06-11 23:50:00,-5,645234600,20.0,4.17,21.8,30.5,33.3,24.1,22.1
2020-06-12 00:00:00,-5,645235200,19.8,4.17,21.8,30.5,33.3,24.2,22.2
2020-06-12 00:10:00,-5,645235800,19.8,4.17,30.5,33.3,0.0,24.0,22.1
2020-06-12 00:20:00,-5,645236400,19.3,4.17,30.5,33.3,0.0,24.0,22.1
2020-06-12 00:30:00,-5,645237000,19.0,4.17,30.5,33.3,0.0,22.0,0.0
2020-06-12 00:40:00,-5,645237600,18.8,4.17,30.5,33.3,0.0,22.1,0.0
2020-06-12 00:50:00,-5,645238200,18.8,4.17,30.5,33.3,0.0,24.0,22.1
2020-06-12 01:00:00,-5,645238800,18.5,4.17,21.7,30.5,33.3,24.0,22.1
2020-06-12 01:10:00,-5,645239400,18.5,4.17,21.7,30.5,33.3,24.1,22.1
2020-06-12 01:20:00,-5,645240000,18.3,4.17,21.6,30.5,33.3,24.1,22.2
2020-06-12 01:30:00,-5,645240600,18.0,4.17,21.8,30.4,33.3,24.0,22.1
2020-06-12 01:40:00,-5,645241200,17.5,4.17,21.6,30.4,33.3,23.8,22.1
2020-06-12 01:50:00,-5,645241800,17.5,4.17,30.5,33.3,0.0,23.8,22.0
2020-06-12 02:00:00,-5,645242400,17.3,4.17,21.7,30.4,33.3,23.6,22.1
2020-06-12 02:10:00,-5,645243000,16.8,4.17,21.6,30.4,33.3,23.8,22.1
2020-06-12 02:20:00,-5,645243600,16.5,4.17,21.6,30.4,33.3,23.7,22.1
2020-06-12 02:30:00,-5,645244200,17.0,4.17,21.6,30.4,33.3,23.8,22.1
2020-06-12 02:40:00,-5,645244800,17.0,4.17,30.4,33.3,0.0,22.2,0.0
2020-06-12 02:50:00,-5,645245400,16.8,4.17,30.3,33.3,0.0,23.6,22.1
2020-06-12 03:00:00,-5,645246000,16.3,4.17,21.5,30.3,33.3,23.6,22.1
2020-06-12 03:10:00,-5,645246600,15.8,4.17,21.5,30.3,33.3,23.6,22.1
2020-06-12 03:20:00,-5,645247200,15.5,4.17,21.5,30.3,33.3,23.5,22.1
2020-06-12 03:30:00,-5,645247800,15.3,4.17,21.4,30.3,33.3,23.5,22.1
2020-06-12 03:40:00,-5,645248400,15.3,4.17,21.4,30.3,33.3,23.5,22.1
2020-06-12 03:50:00,-5,645249000,14.8,4.17,21.5,30.2,33.3,23.5,22.1
2020-06-12 04:00:00,-5,645249600,15.0,4.17,21.4,30.1,33.3,23.5,22.1
2020-06-12 04:10:00,-5,645250200,15.5,4.17,30.1,33.3,0.0,23.5,22.1
2020-06-12 04:20:00,-5,645250800,15.5,4.17,21.4,30.1,33.3,23.5,22.1
2020-06-12 04:30:00,-5,645251400,15.5,4.17,21.4,30.1,33.3,23.5,22.1
2020-06-12 04:40:00,-5,645252000,15.8,4.17,30.1,33.3,0.0,23.4,22.1
2020-06-12 04:50:00,-5,645252600,16.0,4.17,21.4,30.2,33.3,23.2,22.0
2020-06-12 05:00:00,-5,645253200,16.3,4.17,30.1,33.3,0.0,23.2,22.1
2020-06-12 05:10:00,-5,645253800,16.5,4.17,21.3,30.2,33.3,23.3,22.0
2020-06-12 05:20:00,-5,645254400,16.8,4.17,21.3,30.1,33.3,23.2,22.0
2020-06-12 05:30:00,-5,645255000,18.0,4.17,21.3,30.0,33.3,23.2,22.1
2020-06-12 05:40:00,-5,645255600,19.8,4.17,29.9,33.3,0.0,23.1,22.1
2020-06-12 05:50:00,-5,645256200,20.8,4.17,29.9,33.3,0.0,23.2,22.1
2020-06-12 06:00:00,-5,645256800,21.8,4.17,21.4,29.9,33.3,23.3,22.0
2020-06-12 06:10:00,-5,645257400,22.8,4.17,21.3,29.9,33.3,23.2,22.1
2020-06-12 06:20:00,-5,645258000,23.5,4.17,21.2,29.9,33.3,22.0,0.0
2020-06-12 06:30:00,-5,645258600,24.5,4.17,29.9,33.3,0.0,22.0,0.0
2020-06-12 06:40:00,-5,645259200,25.5,4.17,29.8,33.3,0.0,23.0,22.0
2020-06-12 06:50:00,-5,645259800,26.3,4.17,29.8,33.3,0.0,23.0,22.0
2020-06-12 07:00:00,-5,645260400,26.8,4.17,21.2,29.8,33.3,22.0,0.0
2020-06-12 07:10:00,-5,645261000,27.0,4.17,21.2,29.8,33.3,22.8,22.1
2020-06-12 07:20:00,-5,645261600,28.0,4.17,29.8,33.3,0.0,22.8,22.0
2020-06-12 07:30:00,-5,645262200,28.3,4.17,21.2,29.8,33.3,22.7,22.0
2020-06-12 07:40:00,-5,645262800,28.0,4.17,21.2,29.8,33.3,22.7,21.8
2020-06-12 07:50:00,-5,645263400,28.5,4.17,21.2,29.7,33.3,22.8,21.8
2020-06-12 08:00:00,-5,645264000,28.5,4.17,29.7,33.3,0.0,22.8,22.0
2020-06-12 08:10:00,-5,645264600,29.0,4.17,21.3,29.7,33.3,22.6,21.7
2020-06-12 08:20:00,-5,645265200,29.0,4.17,29.7,33.3,0.0,22.7,21.7
2020-06-12 08:30:00,-5,645265800,29.5,4.17,29.7,33.3,0.0,22.6,21.8
2020-06-12 08:40:00,-5,645266400,29.5,4.17,21.2,29.7,33.3,22.6,21.6
2020-06-12 08:50:00,-5,645267000,29.5,4.17,21.3,29.7,33.3,21.8,0.0
2020-06-12 09:00:00,-5,645267600,29.8,4.17,21.2,29.7,33.3,22.6,21.7
2020-06-12 09:10:00,-5,645268200,30.0,4.17,21.2,29.6,33.3,22.5,21.7
2020-06-12 09:20:00,-5,645268800,29.8,4.17,21.2,29.6,33.3,22.5,21.7
2020-06-12 09:30:00,-5,645269400,30.3,4.17,29.6,33.3,0.0,22.7,21.8
2020-06-12 09:40:00,-5,645270000,30.5,4.17,29.6,33.3,0.0,22.5,21.7
2020-06-12 09:50:00,-5,645270600,31.3,4.17,21.3,29.6,33.3,22.7,21.7
2020-06-12 10:00:00,-5,645271200,30.8,4.17,21.3,29.6,33.3,22.5,21.8
2020-06-12 10:10:00,-5,645271800,30.8,4.17,29.6,33.3,0.0,22.6,21.8
2020-06-12 10:20:00,-5,645272400,31.3,4.17,21.3,29.6,33.3,22.4,21.8
2020-06-12 10:30:00,-5,645273000,31.0,4.17,29.6,33.3,0.0,22.5,21.8
2020-06-12 10:40:00,-5,645273600,31.5,4.17,21.4,29.6,33.3,22.6,21.7
2020-06-12 10:50:00,-5,645274200,32.0,4.17,29.6,33.3,0.0,22.6,21.8
2020-06-12 11:00:00,-5,645274800,32.5,4.17,29.6,33.3,0.0,22.7,21.7
2020-06-12 11:10:00,-5,645275400,33.0,4.17,21.5,29.6,33.3,22.6,21.7
2020-06-12 11:20:00,-5,645276000,33.3,4.17,21.5,29.6,33.3,22.7,21.7
2020-06-12 11:30:00,-5,645276600,33.5,4.17,29.6,33.3,0.0,22.7,21.7
2020-06-12 11:40:00,-5,645277200,34.3,4.17,29.6,33.3,0.0,22.8,21.6
